250.000000000 310.670623779
249.000000000 310.670623779
248.000000000 310.670623779
247.000000000 310.670623779
246.000000000 310.670623779
245.000000000 310.670623779
244.000000000 310.670623779
243.000000000 310.670623779
242.000000000 310.670623779
241.000000000 310.670623779
240.000000000 310.670623779
239.000000000 310.670623779
238.000000000 310.670623779
237.000000000 310.670623779
236.000000000 310.670623779
235.000000000 310.670623779
234.000000000 310.670623779
233.000000000 310.670623779
232.000000000 310.670623779
231.000000000 325.945037842
230.000000000 325.945037842
229.000000000 325.945037842
228.000000000 325.945037842
227.000000000 325.945037842
226.000000000 325.945037842
225.000000000 325.945037842
224.000000000 325.945037842
223.000000000 325.945037842
222.000000000 325.945037842
221.000000000 325.945037842
220.000000000 325.945037842
219.000000000 341.523956299
218.000000000 341.523956299
217.000000000 341.523956299
216.000000000 341.523956299
215.000000000 341.523956299
214.000000000 341.523956299
213.000000000 341.523956299
212.000000000 357.929443359
211.000000000 357.929443359
210.000000000 357.929443359
209.000000000 357.929443359
208.000000000 376.212188721
207.000000000 376.212188721
206.000000000 376.212188721
205.000000000 376.212188721
204.000000000 393.957427979
203.000000000 393.957427979
202.000000000 393.957427979
201.000000000 393.957427979
200.000000000 419.078399658
199.000000000 419.078399658
198.000000000 441.141571045
197.000000000 441.141571045
196.000000000 470.435150146
195.000000000 470.435150146
194.000000000 515.190856934
193.000000000 551.804809570
192.000000000 597.368896484
191.000000000 657.841613770
190.000000000 730.178588867
