250.000000000 310.670623779
249.000000000 310.670623779
248.000000000 310.670623779
247.000000000 310.670623779
246.000000000 310.670623779
245.000000000 310.670623779
244.000000000 310.670623779
243.000000000 310.670623779
242.000000000 310.670623779
241.000000000 310.670623779
240.000000000 310.670623779
239.000000000 310.670623779
238.000000000 310.670623779
237.000000000 310.670623779
236.000000000 310.670623779
235.000000000 310.670623779
234.000000000 310.670623779
233.000000000 310.670623779
232.000000000 310.670623779
231.000000000 310.670623779
230.000000000 325.615051270
229.000000000 325.615051270
228.000000000 325.615051270
227.000000000 325.615051270
226.000000000 325.615051270
225.000000000 325.615051270
224.000000000 325.615051270
223.000000000 325.615051270
222.000000000 325.615051270
221.000000000 325.615051270
220.000000000 325.615051270
219.000000000 341.514587402
218.000000000 341.514587402
217.000000000 341.514587402
216.000000000 341.514587402
215.000000000 341.514587402
214.000000000 341.514587402
213.000000000 341.514587402
212.000000000 357.786010742
211.000000000 357.786010742
210.000000000 357.786010742
209.000000000 357.786010742
208.000000000 374.567260742
207.000000000 374.567260742
206.000000000 374.567260742
205.000000000 374.567260742
204.000000000 393.819824219
203.000000000 393.819824219
202.000000000 393.819824219
201.000000000 393.819824219
200.000000000 419.709075928
199.000000000 419.709075928
198.000000000 440.173919678
197.000000000 440.173919678
196.000000000 469.530731201
195.000000000 491.904113770
194.000000000 516.303039551
193.000000000 551.917114258
192.000000000 596.086364746
191.000000000 656.072448730
190.000000000 730.813537598
