250.000000000 310.670623779
249.000000000 310.670623779
248.000000000 310.670623779
247.000000000 310.670623779
246.000000000 310.670623779
245.000000000 310.670623779
244.000000000 310.670623779
243.000000000 310.670623779
242.000000000 310.670623779
241.000000000 310.670623779
240.000000000 310.670623779
239.000000000 310.670623779
238.000000000 310.670623779
237.000000000 310.670623779
236.000000000 310.670623779
235.000000000 310.670623779
234.000000000 310.670623779
233.000000000 310.670623779
232.000000000 310.670623779
231.000000000 310.670623779
230.000000000 310.670623779
229.000000000 326.815216064
228.000000000 326.815216064
227.000000000 326.815216064
226.000000000 326.815216064
225.000000000 326.815216064
224.000000000 326.815216064
223.000000000 326.815216064
222.000000000 326.815216064
221.000000000 326.815216064
220.000000000 326.815216064
219.000000000 342.142547607
218.000000000 342.142547607
217.000000000 342.142547607
216.000000000 342.142547607
215.000000000 342.142547607
214.000000000 342.142547607
213.000000000 342.142547607
212.000000000 342.142547607
211.000000000 361.347015381
210.000000000 361.347015381
209.000000000 361.347015381
208.000000000 361.347015381
207.000000000 380.272827148
206.000000000 380.272827148
205.000000000 380.272827148
204.000000000 380.272827148
203.000000000 398.273101807
202.000000000 398.273101807
201.000000000 398.273101807
200.000000000 419.001525879
199.000000000 419.001525879
198.000000000 439.700195312
197.000000000 439.700195312
196.000000000 469.808349609
195.000000000 469.808349609
194.000000000 515.507995605
193.000000000 552.298461914
192.000000000 595.898315430
191.000000000 655.103759766
190.000000000 732.966186523
