250.000000000 310.670623779
249.000000000 310.670623779
248.000000000 310.670623779
247.000000000 310.670623779
246.000000000 310.670623779
245.000000000 310.670623779
244.000000000 310.670623779
243.000000000 310.670623779
242.000000000 310.670623779
241.000000000 310.670623779
240.000000000 310.670623779
239.000000000 310.670623779
238.000000000 310.670623779
237.000000000 310.670623779
236.000000000 310.670623779
235.000000000 310.670623779
234.000000000 310.670623779
233.000000000 310.670623779
232.000000000 310.670623779
231.000000000 326.233367920
230.000000000 326.233367920
229.000000000 326.233367920
228.000000000 326.233367920
227.000000000 326.233367920
226.000000000 326.233367920
225.000000000 326.233367920
224.000000000 326.233367920
223.000000000 326.233367920
222.000000000 326.233367920
221.000000000 326.233367920
220.000000000 326.233367920
219.000000000 341.653350830
218.000000000 341.653350830
217.000000000 341.653350830
216.000000000 341.653350830
215.000000000 341.653350830
214.000000000 341.653350830
213.000000000 341.653350830
212.000000000 357.836944580
211.000000000 357.836944580
210.000000000 357.836944580
209.000000000 357.836944580
208.000000000 374.845733643
207.000000000 374.845733643
206.000000000 374.845733643
205.000000000 374.845733643
204.000000000 392.675659180
203.000000000 392.675659180
202.000000000 392.675659180
201.000000000 411.225311279
200.000000000 411.225311279
199.000000000 430.824554443
198.000000000 430.824554443
197.000000000 453.048156738
196.000000000 453.048156738
195.000000000 489.762268066
194.000000000 518.079711914
193.000000000 551.803344727
192.000000000 598.559753418
191.000000000 655.666809082
190.000000000 734.264160156
