250.000000000 -0.675999415
249.000000000 -0.823620850
248.000000000 -0.742689985
247.000000000 -0.791464665
246.000000000 -0.862212051
245.000000000 -0.551913243
244.000000000 -0.691978796
243.000000000 -0.792177492
242.000000000 -1.090101035
241.000000000 -0.931485648
240.000000000 -1.224522167
239.000000000 -0.965969660
238.000000000 -1.222622314
237.000000000 -1.333848204
236.000000000 -1.500809930
235.000000000 -1.597047484
234.000000000 -1.860952419
233.000000000 -2.223773978
232.000000000 -2.311672288
231.000000000 -2.493365776
230.000000000 -2.539122442
229.000000000 -2.787396134
228.000000000 -2.954819184
227.000000000 -3.181548857
226.000000000 -3.205108954
225.000000000 -3.184373968
224.000000000 -3.632019134
223.000000000 -3.593826456
222.000000000 -3.783180265
221.000000000 -3.589903105
220.000000000 -3.947710728
219.000000000 -4.240893098
218.000000000 -4.063509280
217.000000000 -4.029880162
216.000000000 -4.291465818
215.000000000 -4.255869111
214.000000000 -4.032660239
213.000000000 -4.424540505
212.000000000 -4.473084702
211.000000000 -4.332413715
210.000000000 -4.490983157
209.000000000 -4.820713999
208.000000000 -4.233931180
207.000000000 -3.599816055
206.000000000 -3.719242459
205.000000000 -3.432793512
204.000000000 -2.990848991
203.000000000 -2.869901562
202.000000000 -2.460902885
201.000000000 -1.945898095
200.000000000 -0.694626089
199.000000000 -0.829515624
198.000000000 0.106566277
197.000000000 1.479836460
196.000000000 2.468515820
195.000000000 2.357889626
194.000000000 2.048797237
193.000000000 1.776327197
192.000000000 1.954382831
191.000000000 2.846586083
190.000000000 2.242834254
