250.000000000 -0.811577218
249.000000000 -0.843603024
248.000000000 -0.820606572
247.000000000 -0.464865344
246.000000000 -0.823298885
245.000000000 -1.110837613
244.000000000 -0.955115222
243.000000000 -0.966028008
242.000000000 -1.079722113
241.000000000 -0.760548816
240.000000000 -1.307525146
239.000000000 -0.968522604
238.000000000 -1.378040983
237.000000000 -1.555847261
236.000000000 -1.664909850
235.000000000 -1.556607331
234.000000000 -1.692835728
233.000000000 -2.129281189
232.000000000 -2.122250382
231.000000000 -2.402264454
230.000000000 -2.532082482
229.000000000 -2.776570244
228.000000000 -3.053015645
227.000000000 -3.100644731
226.000000000 -3.183294309
225.000000000 -3.456467757
224.000000000 -3.586636247
223.000000000 -3.852250652
222.000000000 -3.615539192
221.000000000 -3.672546316
220.000000000 -3.875553750
219.000000000 -4.251224938
218.000000000 -3.828100501
217.000000000 -4.207427151
216.000000000 -3.817141282
215.000000000 -4.267243118
214.000000000 -4.036372155
213.000000000 -4.275407674
212.000000000 -4.214033078
211.000000000 -4.481334394
210.000000000 -4.223869614
209.000000000 -4.283451025
208.000000000 -3.893877462
207.000000000 -4.358776908
206.000000000 -3.543552969
205.000000000 -3.894973529
204.000000000 -3.532323252
203.000000000 -2.990617758
202.000000000 -2.687470801
201.000000000 -2.139694981
200.000000000 -1.143055081
199.000000000 -0.792512047
198.000000000 0.835142412
197.000000000 1.107381884
196.000000000 1.699714984
195.000000000 2.289939341
194.000000000 2.451299450
193.000000000 2.165221992
192.000000000 3.401749715
191.000000000 3.855894854
190.000000000 -1.029872334
