250.000000000 -0.855505814
249.000000000 -0.766787990
248.000000000 -0.944145662
247.000000000 -0.721457394
246.000000000 -0.816979903
245.000000000 -0.698970000
244.000000000 -0.628881405
243.000000000 -0.769136190
242.000000000 -0.860351949
241.000000000 -0.939573449
240.000000000 -1.068802464
239.000000000 -1.111181468
238.000000000 -1.401871854
237.000000000 -1.358718083
236.000000000 -1.708438542
235.000000000 -1.606465642
234.000000000 -1.700801310
233.000000000 -2.092607816
232.000000000 -1.778095262
231.000000000 -2.495810243
230.000000000 -2.506541502
229.000000000 -2.871050179
228.000000000 -2.696033237
227.000000000 -3.040718332
226.000000000 -3.271312188
225.000000000 -3.424553922
224.000000000 -3.669407066
223.000000000 -3.628517204
222.000000000 -4.081724739
221.000000000 -3.919927049
220.000000000 -3.889214106
219.000000000 -4.122883677
218.000000000 -4.191510213
217.000000000 -4.189404534
216.000000000 -4.315370811
215.000000000 -4.176963578
214.000000000 -4.092840523
213.000000000 -3.953152043
212.000000000 -4.452052987
211.000000000 -4.326522606
210.000000000 -4.009259358
209.000000000 -4.392278005
208.000000000 -3.928477076
207.000000000 -3.923887538
206.000000000 -3.546497655
205.000000000 -3.757590933
204.000000000 -3.886892978
203.000000000 -2.847797407
202.000000000 -1.878191242
201.000000000 -1.727467866
200.000000000 -1.165043453
199.000000000 0.177465708
198.000000000 0.576134723
197.000000000 1.007852137
196.000000000 1.671748697
195.000000000 2.198414292
194.000000000 1.951205020
193.000000000 1.775334973
192.000000000 4.816442206
191.000000000 2.625549970
190.000000000 -0.953897584
