250.000000000 0.276778006
249.000000000 0.571877237
248.000000000 0.563534459
247.000000000 0.606220749
246.000000000 0.270335664
245.000000000 0.033868663
244.000000000 0.123073383
243.000000000 -0.183964896
242.000000000 -0.274207961
241.000000000 -0.474827729
240.000000000 -1.013312799
239.000000000 -1.326162738
238.000000000 -1.696754656
237.000000000 -2.086388470
236.000000000 -2.882520526
235.000000000 -2.797253885
234.000000000 -3.857013022
233.000000000 -4.612550703
232.000000000 -5.610665907
231.000000000 -6.058526787
230.000000000 -6.479676079
229.000000000 -7.207141724
228.000000000 -8.260692860
227.000000000 -8.569534381
226.000000000 -9.620331940
225.000000000 -10.049986038
224.000000000 -10.456672999
223.000000000 -11.302992650
222.000000000 -11.086099128
221.000000000 -12.001652107
220.000000000 -11.743410309
219.000000000 -11.739887300
218.000000000 -11.860238456
217.000000000 -11.405930446
216.000000000 -11.421692237
215.000000000 -11.786840769
214.000000000 -12.119557522
213.000000000 -12.019824267
212.000000000 -12.291178139
211.000000000 -12.403703444
210.000000000 -11.478038008
209.000000000 -12.054893527
208.000000000 -10.825559317
207.000000000 -11.184820559
206.000000000 -8.955508351
205.000000000 -8.617713777
204.000000000 -6.769349980
203.000000000 -4.175853467
202.000000000 -1.406117776
201.000000000 0.365622115
200.000000000 3.703360150
199.000000000 8.823719803
198.000000000 10.713235976
197.000000000 13.594100361
196.000000000 14.971159601
195.000000000 15.175723576
194.000000000 13.532089744
193.000000000 15.976095972
192.000000000 13.165241889
191.000000000 12.467886550
190.000000000 9.041403410
