250.000000000 0.722514736
249.000000000 0.474127707
248.000000000 0.059949763
247.000000000 0.365221802
246.000000000 0.139609180
245.000000000 -0.092293897
244.000000000 0.139172903
243.000000000 0.014641203
242.000000000 -0.678090149
241.000000000 -0.514058081
240.000000000 -0.557698914
239.000000000 -1.172873290
238.000000000 -1.178334702
237.000000000 -1.593189164
236.000000000 -2.323972224
235.000000000 -3.211182661
234.000000000 -3.662078003
233.000000000 -4.717790294
232.000000000 -4.744648070
231.000000000 -5.874720026
230.000000000 -6.421831528
229.000000000 -6.912922856
228.000000000 -8.095431039
227.000000000 -8.367594505
226.000000000 -9.133252371
225.000000000 -9.961700111
224.000000000 -10.440226878
223.000000000 -10.880464432
222.000000000 -11.537521026
221.000000000 -11.593843063
220.000000000 -11.623670573
219.000000000 -11.772348698
218.000000000 -11.916256652
217.000000000 -11.463022439
216.000000000 -11.802191648
215.000000000 -11.917091802
214.000000000 -12.111669565
213.000000000 -11.754637877
212.000000000 -11.721573597
211.000000000 -11.519591802
210.000000000 -12.385859500
209.000000000 -13.498507211
208.000000000 -11.514526207
207.000000000 -10.853306514
206.000000000 -8.798912891
205.000000000 -7.515149381
204.000000000 -6.668639198
203.000000000 -3.253468486
202.000000000 -0.981128538
201.000000000 0.913181254
200.000000000 4.655848890
199.000000000 7.282269850
198.000000000 11.581494209
197.000000000 14.844355620
196.000000000 14.931233482
195.000000000 14.852151183
194.000000000 14.398873161
193.000000000 15.620632110
192.000000000 13.672965016
191.000000000 12.368690935
190.000000000 10.836094717
