250.000000000 0.963368743
249.000000000 0.677870904
248.000000000 0.428621415
247.000000000 0.824934819
246.000000000 0.683049215
245.000000000 0.202311397
244.000000000 0.418826917
243.000000000 0.104312050
242.000000000 -0.338175578
241.000000000 -0.538324461
240.000000000 -1.046510438
239.000000000 -0.968374221
238.000000000 -1.351675654
237.000000000 -1.640808124
236.000000000 -2.164960985
235.000000000 -2.951854804
234.000000000 -3.796887781
233.000000000 -4.404374033
232.000000000 -4.630531383
231.000000000 -5.631547884
230.000000000 -6.383036100
229.000000000 -7.166558108
228.000000000 -7.829854951
227.000000000 -8.438325558
226.000000000 -9.246472423
225.000000000 -9.873612646
224.000000000 -10.027835449
223.000000000 -11.503262913
222.000000000 -11.508784583
221.000000000 -11.929534542
220.000000000 -12.129649073
219.000000000 -11.657122083
218.000000000 -11.669998314
217.000000000 -11.717843091
216.000000000 -11.909185884
215.000000000 -11.674709140
214.000000000 -11.606112130
213.000000000 -11.598605086
212.000000000 -11.713671854
211.000000000 -11.883669676
210.000000000 -11.903883059
209.000000000 -12.033634216
208.000000000 -11.873141225
207.000000000 -10.436316510
206.000000000 -9.091697425
205.000000000 -7.339743681
204.000000000 -7.094616606
203.000000000 -3.973405233
202.000000000 -1.758746100
201.000000000 2.517297608
200.000000000 4.430365068
199.000000000 8.139875754
198.000000000 11.219930317
197.000000000 12.860396163
196.000000000 15.708390865
195.000000000 16.929091542
194.000000000 15.800824802
193.000000000 15.570260216
192.000000000 14.155327902
191.000000000 11.833711743
190.000000000 9.592395141
