260.000000000 451.136840820
259.000000000 451.136840820
258.000000000 451.136840820
257.000000000 451.136840820
256.000000000 451.136840820
255.000000000 451.136840820
254.000000000 451.136840820
253.000000000 451.136840820
252.000000000 451.136840820
251.000000000 451.136840820
250.000000000 451.136840820
249.000000000 451.136840820
248.000000000 451.136840820
247.000000000 451.136840820
246.000000000 451.136840820
245.000000000 451.136840820
244.000000000 451.136840820
243.000000000 472.500152588
242.000000000 472.500152588
241.000000000 472.500152588
240.000000000 472.500152588
239.000000000 472.500152588
238.000000000 472.500152588
237.000000000 472.500152588
236.000000000 472.500152588
235.000000000 472.500152588
234.000000000 472.500152588
233.000000000 472.500152588
232.000000000 472.500152588
231.000000000 472.500152588
230.000000000 495.270416260
229.000000000 495.270416260
228.000000000 495.270416260
227.000000000 495.270416260
226.000000000 495.270416260
225.000000000 495.270416260
224.000000000 495.270416260
223.000000000 495.270416260
222.000000000 495.270416260
221.000000000 521.053833008
220.000000000 521.053833008
219.000000000 521.053833008
218.000000000 521.053833008
217.000000000 521.053833008
216.000000000 521.053833008
215.000000000 521.053833008
214.000000000 546.426025391
213.000000000 546.426025391
212.000000000 546.426025391
211.000000000 546.426025391
210.000000000 574.507080078
209.000000000 574.507080078
208.000000000 574.507080078
207.000000000 601.899597168
206.000000000 601.899597168
205.000000000 601.899597168
204.000000000 639.420837402
203.000000000 639.420837402
202.000000000 674.956420898
201.000000000 674.956420898
200.000000000 729.008605957
199.000000000 768.968627930
198.000000000 812.401855469
197.000000000 865.161621094
196.000000000 930.184143066
195.000000000 1004.598754883
194.000000000 1091.572265625
193.000000000 1100.000000000
192.000000000 1100.000000000
191.000000000 1100.000000000
190.000000000 1100.000000000
