260.000000000 488.680480957
259.000000000 488.680480957
258.000000000 488.680480957
257.000000000 488.680480957
256.000000000 488.680480957
255.000000000 488.680480957
254.000000000 488.680480957
253.000000000 488.680480957
252.000000000 488.680480957
251.000000000 488.680480957
250.000000000 488.680480957
249.000000000 488.680480957
248.000000000 488.680480957
247.000000000 488.680480957
246.000000000 488.680480957
245.000000000 488.680480957
244.000000000 488.680480957
243.000000000 488.680480957
242.000000000 488.680480957
241.000000000 513.426818848
240.000000000 513.426818848
239.000000000 513.426818848
238.000000000 513.426818848
237.000000000 513.426818848
236.000000000 513.426818848
235.000000000 513.426818848
234.000000000 513.426818848
233.000000000 513.426818848
232.000000000 513.426818848
231.000000000 513.426818848
230.000000000 540.232849121
229.000000000 540.232849121
228.000000000 540.232849121
227.000000000 540.232849121
226.000000000 540.232849121
225.000000000 540.232849121
224.000000000 540.232849121
223.000000000 540.232849121
222.000000000 540.232849121
221.000000000 566.428710938
220.000000000 566.428710938
219.000000000 566.428710938
218.000000000 566.428710938
217.000000000 566.428710938
216.000000000 566.428710938
215.000000000 566.428710938
214.000000000 598.214538574
213.000000000 598.214538574
212.000000000 598.214538574
211.000000000 598.214538574
210.000000000 631.796508789
209.000000000 631.796508789
208.000000000 631.796508789
207.000000000 669.159851074
206.000000000 669.159851074
205.000000000 669.159851074
204.000000000 710.388732910
203.000000000 710.388732910
202.000000000 747.970336914
201.000000000 747.970336914
200.000000000 803.940002441
199.000000000 844.861206055
198.000000000 890.861938477
197.000000000 947.115783691
196.000000000 1012.667236328
195.000000000 1090.475341797
194.000000000 1100.000000000
193.000000000 1100.000000000
192.000000000 1100.000000000
191.000000000 1100.000000000
190.000000000 1100.000000000
