260.000000000 488.680480957
259.000000000 488.680480957
258.000000000 488.680480957
257.000000000 488.680480957
256.000000000 488.680480957
255.000000000 488.680480957
254.000000000 488.680480957
253.000000000 488.680480957
252.000000000 488.680480957
251.000000000 488.680480957
250.000000000 488.680480957
249.000000000 488.680480957
248.000000000 488.680480957
247.000000000 488.680480957
246.000000000 488.680480957
245.000000000 488.680480957
244.000000000 488.680480957
243.000000000 488.680480957
242.000000000 488.680480957
241.000000000 513.960144043
240.000000000 513.960144043
239.000000000 513.960144043
238.000000000 513.960144043
237.000000000 513.960144043
236.000000000 513.960144043
235.000000000 513.960144043
234.000000000 513.960144043
233.000000000 513.960144043
232.000000000 513.960144043
231.000000000 513.960144043
230.000000000 540.155639648
229.000000000 540.155639648
228.000000000 540.155639648
227.000000000 540.155639648
226.000000000 540.155639648
225.000000000 540.155639648
224.000000000 540.155639648
223.000000000 540.155639648
222.000000000 540.155639648
221.000000000 540.155639648
220.000000000 568.270385742
219.000000000 568.270385742
218.000000000 568.270385742
217.000000000 568.270385742
216.000000000 568.270385742
215.000000000 568.270385742
214.000000000 596.038391113
213.000000000 596.038391113
212.000000000 596.038391113
211.000000000 596.038391113
210.000000000 626.780334473
209.000000000 626.780334473
208.000000000 626.780334473
207.000000000 661.017089844
206.000000000 661.017089844
205.000000000 661.017089844
204.000000000 700.379089355
203.000000000 700.379089355
202.000000000 700.379089355
201.000000000 752.946594238
200.000000000 752.946594238
199.000000000 813.877136230
198.000000000 853.415466309
197.000000000 900.534484863
196.000000000 955.678588867
195.000000000 1026.222900391
194.000000000 1100.000000000
193.000000000 1100.000000000
192.000000000 1100.000000000
191.000000000 1100.000000000
190.000000000 1100.000000000
