260.000000000 488.680480957
259.000000000 488.680480957
258.000000000 488.680480957
257.000000000 488.680480957
256.000000000 488.680480957
255.000000000 488.680480957
254.000000000 488.680480957
253.000000000 488.680480957
252.000000000 488.680480957
251.000000000 488.680480957
250.000000000 488.680480957
249.000000000 488.680480957
248.000000000 488.680480957
247.000000000 488.680480957
246.000000000 488.680480957
245.000000000 488.680480957
244.000000000 488.680480957
243.000000000 488.680480957
242.000000000 513.057250977
241.000000000 513.057250977
240.000000000 513.057250977
239.000000000 513.057250977
238.000000000 513.057250977
237.000000000 513.057250977
236.000000000 513.057250977
235.000000000 513.057250977
234.000000000 513.057250977
233.000000000 513.057250977
232.000000000 513.057250977
231.000000000 513.057250977
230.000000000 538.814758301
229.000000000 538.814758301
228.000000000 538.814758301
227.000000000 538.814758301
226.000000000 538.814758301
225.000000000 538.814758301
224.000000000 538.814758301
223.000000000 538.814758301
222.000000000 538.814758301
221.000000000 565.160034180
220.000000000 565.160034180
219.000000000 565.160034180
218.000000000 565.160034180
217.000000000 565.160034180
216.000000000 565.160034180
215.000000000 565.160034180
214.000000000 595.840820312
213.000000000 595.840820312
212.000000000 595.840820312
211.000000000 595.840820312
210.000000000 628.025573730
209.000000000 628.025573730
208.000000000 628.025573730
207.000000000 665.700073242
206.000000000 665.700073242
205.000000000 665.700073242
204.000000000 706.971801758
203.000000000 706.971801758
202.000000000 706.971801758
201.000000000 763.216796875
200.000000000 763.216796875
199.000000000 825.136657715
198.000000000 869.128112793
197.000000000 918.715209961
196.000000000 982.937500000
195.000000000 1058.744506836
194.000000000 1100.000000000
193.000000000 1100.000000000
192.000000000 1100.000000000
191.000000000 1100.000000000
190.000000000 1100.000000000
