260.000000000 451.136840820
259.000000000 451.136840820
258.000000000 451.136840820
257.000000000 451.136840820
256.000000000 451.136840820
255.000000000 451.136840820
254.000000000 451.136840820
253.000000000 451.136840820
252.000000000 451.136840820
251.000000000 451.136840820
250.000000000 451.136840820
249.000000000 451.136840820
248.000000000 451.136840820
247.000000000 451.136840820
246.000000000 451.136840820
245.000000000 451.136840820
244.000000000 451.136840820
243.000000000 472.661956787
242.000000000 472.661956787
241.000000000 472.661956787
240.000000000 472.661956787
239.000000000 472.661956787
238.000000000 472.661956787
237.000000000 472.661956787
236.000000000 472.661956787
235.000000000 472.661956787
234.000000000 472.661956787
233.000000000 472.661956787
232.000000000 472.661956787
231.000000000 495.295959473
230.000000000 495.295959473
229.000000000 495.295959473
228.000000000 495.295959473
227.000000000 495.295959473
226.000000000 495.295959473
225.000000000 495.295959473
224.000000000 495.295959473
223.000000000 495.295959473
222.000000000 520.239135742
221.000000000 520.239135742
220.000000000 520.239135742
219.000000000 520.239135742
218.000000000 520.239135742
217.000000000 520.239135742
216.000000000 520.239135742
215.000000000 546.365844727
214.000000000 546.365844727
213.000000000 546.365844727
212.000000000 546.365844727
211.000000000 546.365844727
210.000000000 579.391357422
209.000000000 579.391357422
208.000000000 579.391357422
207.000000000 611.860534668
206.000000000 611.860534668
205.000000000 611.860534668
204.000000000 654.696411133
203.000000000 654.696411133
202.000000000 696.339416504
201.000000000 696.339416504
200.000000000 762.398986816
199.000000000 811.629821777
198.000000000 867.381835938
197.000000000 933.783691406
196.000000000 1014.324096680
195.000000000 1100.000000000
194.000000000 1100.000000000
193.000000000 1100.000000000
192.000000000 1100.000000000
191.000000000 1100.000000000
190.000000000 1100.000000000
