260.000000000 451.136840820
259.000000000 451.136840820
258.000000000 451.136840820
257.000000000 451.136840820
256.000000000 451.136840820
255.000000000 451.136840820
254.000000000 451.136840820
253.000000000 451.136840820
252.000000000 451.136840820
251.000000000 451.136840820
250.000000000 451.136840820
249.000000000 451.136840820
248.000000000 451.136840820
247.000000000 451.136840820
246.000000000 451.136840820
245.000000000 451.136840820
244.000000000 451.136840820
243.000000000 451.136840820
242.000000000 451.136840820
241.000000000 451.136840820
240.000000000 472.293792725
239.000000000 472.293792725
238.000000000 472.293792725
237.000000000 472.293792725
236.000000000 472.293792725
235.000000000 472.293792725
234.000000000 472.293792725
233.000000000 472.293792725
232.000000000 472.293792725
231.000000000 472.293792725
230.000000000 472.293792725
229.000000000 472.293792725
228.000000000 495.861846924
227.000000000 495.861846924
226.000000000 495.861846924
225.000000000 495.861846924
224.000000000 495.861846924
223.000000000 495.861846924
222.000000000 495.861846924
221.000000000 495.861846924
220.000000000 495.861846924
219.000000000 495.861846924
218.000000000 521.130065918
217.000000000 521.130065918
216.000000000 521.130065918
215.000000000 521.130065918
214.000000000 521.130065918
213.000000000 521.130065918
212.000000000 546.217041016
211.000000000 546.217041016
210.000000000 546.217041016
209.000000000 546.217041016
208.000000000 573.577087402
207.000000000 573.577087402
206.000000000 573.577087402
205.000000000 573.577087402
204.000000000 610.463562012
203.000000000 610.463562012
202.000000000 610.463562012
201.000000000 653.038574219
200.000000000 653.038574219
199.000000000 698.413818359
198.000000000 698.413818359
197.000000000 758.041503906
196.000000000 798.593017578
195.000000000 844.395019531
194.000000000 900.076416016
193.000000000 966.341247559
192.000000000 1050.148803711
191.000000000 1100.000000000
190.000000000 1100.000000000
