260.000000000 451.136840820
259.000000000 451.136840820
258.000000000 451.136840820
257.000000000 451.136840820
256.000000000 451.136840820
255.000000000 451.136840820
254.000000000 451.136840820
253.000000000 451.136840820
252.000000000 451.136840820
251.000000000 451.136840820
250.000000000 451.136840820
249.000000000 451.136840820
248.000000000 451.136840820
247.000000000 451.136840820
246.000000000 451.136840820
245.000000000 451.136840820
244.000000000 451.136840820
243.000000000 451.136840820
242.000000000 474.256072998
241.000000000 474.256072998
240.000000000 474.256072998
239.000000000 474.256072998
238.000000000 474.256072998
237.000000000 474.256072998
236.000000000 474.256072998
235.000000000 474.256072998
234.000000000 474.256072998
233.000000000 474.256072998
232.000000000 474.256072998
231.000000000 474.256072998
230.000000000 474.256072998
229.000000000 498.865722656
228.000000000 498.865722656
227.000000000 498.865722656
226.000000000 498.865722656
225.000000000 498.865722656
224.000000000 498.865722656
223.000000000 498.865722656
222.000000000 498.865722656
221.000000000 498.865722656
220.000000000 525.254943848
219.000000000 525.254943848
218.000000000 525.254943848
217.000000000 525.254943848
216.000000000 525.254943848
215.000000000 525.254943848
214.000000000 551.016479492
213.000000000 551.016479492
212.000000000 551.016479492
211.000000000 551.016479492
210.000000000 579.092590332
209.000000000 579.092590332
208.000000000 579.092590332
207.000000000 608.820983887
206.000000000 608.820983887
205.000000000 608.820983887
204.000000000 649.288513184
203.000000000 649.288513184
202.000000000 688.254272461
201.000000000 688.254272461
200.000000000 749.499267578
199.000000000 796.752075195
198.000000000 847.830932617
197.000000000 909.293701172
196.000000000 984.941955566
195.000000000 1072.926147461
194.000000000 1100.000000000
193.000000000 1100.000000000
192.000000000 1100.000000000
191.000000000 1100.000000000
190.000000000 1100.000000000
