260.000000000 451.136840820
259.000000000 451.136840820
258.000000000 451.136840820
257.000000000 451.136840820
256.000000000 451.136840820
255.000000000 451.136840820
254.000000000 451.136840820
253.000000000 451.136840820
252.000000000 451.136840820
251.000000000 451.136840820
250.000000000 451.136840820
249.000000000 451.136840820
248.000000000 451.136840820
247.000000000 451.136840820
246.000000000 451.136840820
245.000000000 451.136840820
244.000000000 451.136840820
243.000000000 451.136840820
242.000000000 451.136840820
241.000000000 451.136840820
240.000000000 472.341430664
239.000000000 472.341430664
238.000000000 472.341430664
237.000000000 472.341430664
236.000000000 472.341430664
235.000000000 472.341430664
234.000000000 472.341430664
233.000000000 472.341430664
232.000000000 472.341430664
231.000000000 472.341430664
230.000000000 472.341430664
229.000000000 472.341430664
228.000000000 494.821716309
227.000000000 494.821716309
226.000000000 494.821716309
225.000000000 494.821716309
224.000000000 494.821716309
223.000000000 494.821716309
222.000000000 494.821716309
221.000000000 494.821716309
220.000000000 494.821716309
219.000000000 518.955261230
218.000000000 518.955261230
217.000000000 518.955261230
216.000000000 518.955261230
215.000000000 518.955261230
214.000000000 518.955261230
213.000000000 518.955261230
212.000000000 544.078063965
211.000000000 544.078063965
210.000000000 544.078063965
209.000000000 544.078063965
208.000000000 569.980468750
207.000000000 569.980468750
206.000000000 569.980468750
205.000000000 569.980468750
204.000000000 603.983459473
203.000000000 603.983459473
202.000000000 603.983459473
201.000000000 641.393493652
200.000000000 641.393493652
199.000000000 679.621032715
198.000000000 679.621032715
197.000000000 728.313476562
196.000000000 728.313476562
195.000000000 794.680358887
194.000000000 839.197021484
193.000000000 889.959167480
192.000000000 957.931091309
191.000000000 1035.322631836
190.000000000 1100.000000000
