260.000000000 451.136840820
259.000000000 451.136840820
258.000000000 451.136840820
257.000000000 451.136840820
256.000000000 451.136840820
255.000000000 451.136840820
254.000000000 451.136840820
253.000000000 451.136840820
252.000000000 451.136840820
251.000000000 451.136840820
250.000000000 451.136840820
249.000000000 451.136840820
248.000000000 451.136840820
247.000000000 451.136840820
246.000000000 451.136840820
245.000000000 473.820495605
244.000000000 473.820495605
243.000000000 473.820495605
242.000000000 473.820495605
241.000000000 473.820495605
240.000000000 473.820495605
239.000000000 473.820495605
238.000000000 473.820495605
237.000000000 473.820495605
236.000000000 473.820495605
235.000000000 473.820495605
234.000000000 473.820495605
233.000000000 473.820495605
232.000000000 473.820495605
231.000000000 496.582275391
230.000000000 496.582275391
229.000000000 496.582275391
228.000000000 496.582275391
227.000000000 496.582275391
226.000000000 496.582275391
225.000000000 496.582275391
224.000000000 496.582275391
223.000000000 496.582275391
222.000000000 522.702758789
221.000000000 522.702758789
220.000000000 522.702758789
219.000000000 522.702758789
218.000000000 522.702758789
217.000000000 522.702758789
216.000000000 522.702758789
215.000000000 551.113830566
214.000000000 551.113830566
213.000000000 551.113830566
212.000000000 551.113830566
211.000000000 579.580383301
210.000000000 579.580383301
209.000000000 579.580383301
208.000000000 609.682006836
207.000000000 609.682006836
206.000000000 609.682006836
205.000000000 651.222473145
204.000000000 651.222473145
203.000000000 694.516052246
202.000000000 694.516052246
201.000000000 756.934875488
200.000000000 805.144042969
199.000000000 864.543151855
198.000000000 936.401611328
197.000000000 1021.299560547
196.000000000 1100.000000000
195.000000000 1100.000000000
194.000000000 1100.000000000
193.000000000 1100.000000000
192.000000000 1100.000000000
191.000000000 1100.000000000
190.000000000 1100.000000000
