260.000000000 488.680480957
259.000000000 488.680480957
258.000000000 488.680480957
257.000000000 488.680480957
256.000000000 488.680480957
255.000000000 488.680480957
254.000000000 488.680480957
253.000000000 488.680480957
252.000000000 488.680480957
251.000000000 488.680480957
250.000000000 488.680480957
249.000000000 488.680480957
248.000000000 488.680480957
247.000000000 488.680480957
246.000000000 488.680480957
245.000000000 488.680480957
244.000000000 488.680480957
243.000000000 488.680480957
242.000000000 513.268798828
241.000000000 513.268798828
240.000000000 513.268798828
239.000000000 513.268798828
238.000000000 513.268798828
237.000000000 513.268798828
236.000000000 513.268798828
235.000000000 513.268798828
234.000000000 513.268798828
233.000000000 513.268798828
232.000000000 513.268798828
231.000000000 513.268798828
230.000000000 538.219543457
229.000000000 538.219543457
228.000000000 538.219543457
227.000000000 538.219543457
226.000000000 538.219543457
225.000000000 538.219543457
224.000000000 538.219543457
223.000000000 538.219543457
222.000000000 538.219543457
221.000000000 538.219543457
220.000000000 564.753051758
219.000000000 564.753051758
218.000000000 564.753051758
217.000000000 564.753051758
216.000000000 564.753051758
215.000000000 564.753051758
214.000000000 564.753051758
213.000000000 597.051879883
212.000000000 597.051879883
211.000000000 597.051879883
210.000000000 597.051879883
209.000000000 630.914733887
208.000000000 630.914733887
207.000000000 630.914733887
206.000000000 666.037963867
205.000000000 666.037963867
204.000000000 666.037963867
203.000000000 701.967834473
202.000000000 701.967834473
201.000000000 701.967834473
200.000000000 756.843811035
199.000000000 756.843811035
198.000000000 811.782592773
197.000000000 811.782592773
196.000000000 890.698181152
195.000000000 944.978149414
194.000000000 1009.861450195
193.000000000 1086.206542969
192.000000000 1100.000000000
191.000000000 1100.000000000
190.000000000 1100.000000000
