260.000000000 451.136840820
259.000000000 451.136840820
258.000000000 451.136840820
257.000000000 451.136840820
256.000000000 451.136840820
255.000000000 451.136840820
254.000000000 451.136840820
253.000000000 451.136840820
252.000000000 451.136840820
251.000000000 451.136840820
250.000000000 451.136840820
249.000000000 451.136840820
248.000000000 451.136840820
247.000000000 451.136840820
246.000000000 451.136840820
245.000000000 451.136840820
244.000000000 451.136840820
243.000000000 451.136840820
242.000000000 451.136840820
241.000000000 451.136840820
240.000000000 474.373992920
239.000000000 474.373992920
238.000000000 474.373992920
237.000000000 474.373992920
236.000000000 474.373992920
235.000000000 474.373992920
234.000000000 474.373992920
233.000000000 474.373992920
232.000000000 474.373992920
231.000000000 474.373992920
230.000000000 474.373992920
229.000000000 474.373992920
228.000000000 498.260986328
227.000000000 498.260986328
226.000000000 498.260986328
225.000000000 498.260986328
224.000000000 498.260986328
223.000000000 498.260986328
222.000000000 498.260986328
221.000000000 498.260986328
220.000000000 498.260986328
219.000000000 523.213317871
218.000000000 523.213317871
217.000000000 523.213317871
216.000000000 523.213317871
215.000000000 523.213317871
214.000000000 523.213317871
213.000000000 548.163635254
212.000000000 548.163635254
211.000000000 548.163635254
210.000000000 548.163635254
209.000000000 575.806823730
208.000000000 575.806823730
207.000000000 575.806823730
206.000000000 603.508117676
205.000000000 603.508117676
204.000000000 603.508117676
203.000000000 640.990966797
202.000000000 640.990966797
201.000000000 677.104492188
200.000000000 677.104492188
199.000000000 736.249023438
198.000000000 773.632934570
197.000000000 818.606140137
196.000000000 871.971374512
195.000000000 935.892822266
194.000000000 1009.059265137
193.000000000 1095.640014648
192.000000000 1100.000000000
191.000000000 1100.000000000
190.000000000 1100.000000000
