260.000000000 488.680480957
259.000000000 488.680480957
258.000000000 488.680480957
257.000000000 488.680480957
256.000000000 488.680480957
255.000000000 488.680480957
254.000000000 488.680480957
253.000000000 488.680480957
252.000000000 488.680480957
251.000000000 488.680480957
250.000000000 488.680480957
249.000000000 488.680480957
248.000000000 488.680480957
247.000000000 488.680480957
246.000000000 488.680480957
245.000000000 488.680480957
244.000000000 512.809509277
243.000000000 512.809509277
242.000000000 512.809509277
241.000000000 512.809509277
240.000000000 512.809509277
239.000000000 512.809509277
238.000000000 512.809509277
237.000000000 512.809509277
236.000000000 512.809509277
235.000000000 512.809509277
234.000000000 512.809509277
233.000000000 512.809509277
232.000000000 512.809509277
231.000000000 538.533325195
230.000000000 538.533325195
229.000000000 538.533325195
228.000000000 538.533325195
227.000000000 538.533325195
226.000000000 538.533325195
225.000000000 538.533325195
224.000000000 538.533325195
223.000000000 538.533325195
222.000000000 565.753967285
221.000000000 565.753967285
220.000000000 565.753967285
219.000000000 565.753967285
218.000000000 565.753967285
217.000000000 565.753967285
216.000000000 565.753967285
215.000000000 596.054748535
214.000000000 596.054748535
213.000000000 596.054748535
212.000000000 596.054748535
211.000000000 627.948852539
210.000000000 627.948852539
209.000000000 627.948852539
208.000000000 665.568542480
207.000000000 665.568542480
206.000000000 665.568542480
205.000000000 710.982543945
204.000000000 710.982543945
203.000000000 752.595275879
202.000000000 752.595275879
201.000000000 803.801635742
200.000000000 847.001892090
199.000000000 896.999267578
198.000000000 956.940551758
197.000000000 1027.161010742
196.000000000 1100.000000000
195.000000000 1100.000000000
194.000000000 1100.000000000
193.000000000 1100.000000000
192.000000000 1100.000000000
191.000000000 1100.000000000
190.000000000 1100.000000000
