260.000000000 488.680480957
259.000000000 488.680480957
258.000000000 488.680480957
257.000000000 488.680480957
256.000000000 488.680480957
255.000000000 488.680480957
254.000000000 488.680480957
253.000000000 488.680480957
252.000000000 488.680480957
251.000000000 488.680480957
250.000000000 488.680480957
249.000000000 488.680480957
248.000000000 488.680480957
247.000000000 488.680480957
246.000000000 488.680480957
245.000000000 488.680480957
244.000000000 488.680480957
243.000000000 514.188232422
242.000000000 514.188232422
241.000000000 514.188232422
240.000000000 514.188232422
239.000000000 514.188232422
238.000000000 514.188232422
237.000000000 514.188232422
236.000000000 514.188232422
235.000000000 514.188232422
234.000000000 514.188232422
233.000000000 514.188232422
232.000000000 514.188232422
231.000000000 514.188232422
230.000000000 539.764648438
229.000000000 539.764648438
228.000000000 539.764648438
227.000000000 539.764648438
226.000000000 539.764648438
225.000000000 539.764648438
224.000000000 539.764648438
223.000000000 539.764648438
222.000000000 539.764648438
221.000000000 570.037048340
220.000000000 570.037048340
219.000000000 570.037048340
218.000000000 570.037048340
217.000000000 570.037048340
216.000000000 570.037048340
215.000000000 598.272827148
214.000000000 598.272827148
213.000000000 598.272827148
212.000000000 598.272827148
211.000000000 628.983764648
210.000000000 628.983764648
209.000000000 628.983764648
208.000000000 667.302490234
207.000000000 667.302490234
206.000000000 667.302490234
205.000000000 710.660461426
204.000000000 710.660461426
203.000000000 751.255981445
202.000000000 751.255981445
201.000000000 806.419067383
200.000000000 848.420837402
199.000000000 896.733642578
198.000000000 955.413269043
197.000000000 1027.324340820
196.000000000 1100.000000000
195.000000000 1100.000000000
194.000000000 1100.000000000
193.000000000 1100.000000000
192.000000000 1100.000000000
191.000000000 1100.000000000
190.000000000 1100.000000000
