260.000000000 488.680480957
259.000000000 488.680480957
258.000000000 488.680480957
257.000000000 488.680480957
256.000000000 488.680480957
255.000000000 488.680480957
254.000000000 488.680480957
253.000000000 488.680480957
252.000000000 488.680480957
251.000000000 488.680480957
250.000000000 488.680480957
249.000000000 488.680480957
248.000000000 488.680480957
247.000000000 488.680480957
246.000000000 488.680480957
245.000000000 488.680480957
244.000000000 488.680480957
243.000000000 488.680480957
242.000000000 488.680480957
241.000000000 514.808715820
240.000000000 514.808715820
239.000000000 514.808715820
238.000000000 514.808715820
237.000000000 514.808715820
236.000000000 514.808715820
235.000000000 514.808715820
234.000000000 514.808715820
233.000000000 514.808715820
232.000000000 514.808715820
231.000000000 514.808715820
230.000000000 540.105834961
229.000000000 540.105834961
228.000000000 540.105834961
227.000000000 540.105834961
226.000000000 540.105834961
225.000000000 540.105834961
224.000000000 540.105834961
223.000000000 540.105834961
222.000000000 540.105834961
221.000000000 540.105834961
220.000000000 568.052795410
219.000000000 568.052795410
218.000000000 568.052795410
217.000000000 568.052795410
216.000000000 568.052795410
215.000000000 568.052795410
214.000000000 568.052795410
213.000000000 601.959655762
212.000000000 601.959655762
211.000000000 601.959655762
210.000000000 601.959655762
209.000000000 637.960754395
208.000000000 637.960754395
207.000000000 637.960754395
206.000000000 675.161071777
205.000000000 675.161071777
204.000000000 675.161071777
203.000000000 715.518798828
202.000000000 715.518798828
201.000000000 753.171081543
200.000000000 753.171081543
199.000000000 811.815551758
198.000000000 853.707763672
197.000000000 900.716613770
196.000000000 953.772277832
195.000000000 1024.398437500
194.000000000 1100.000000000
193.000000000 1100.000000000
192.000000000 1100.000000000
191.000000000 1100.000000000
190.000000000 1100.000000000
