260.000000000 451.136840820
259.000000000 451.136840820
258.000000000 451.136840820
257.000000000 451.136840820
256.000000000 451.136840820
255.000000000 451.136840820
254.000000000 451.136840820
253.000000000 451.136840820
252.000000000 451.136840820
251.000000000 451.136840820
250.000000000 451.136840820
249.000000000 451.136840820
248.000000000 451.136840820
247.000000000 451.136840820
246.000000000 451.136840820
245.000000000 451.136840820
244.000000000 451.136840820
243.000000000 472.680541992
242.000000000 472.680541992
241.000000000 472.680541992
240.000000000 472.680541992
239.000000000 472.680541992
238.000000000 472.680541992
237.000000000 472.680541992
236.000000000 472.680541992
235.000000000 472.680541992
234.000000000 472.680541992
233.000000000 472.680541992
232.000000000 472.680541992
231.000000000 472.680541992
230.000000000 495.284454346
229.000000000 495.284454346
228.000000000 495.284454346
227.000000000 495.284454346
226.000000000 495.284454346
225.000000000 495.284454346
224.000000000 495.284454346
223.000000000 495.284454346
222.000000000 495.284454346
221.000000000 519.774169922
220.000000000 519.774169922
219.000000000 519.774169922
218.000000000 519.774169922
217.000000000 519.774169922
216.000000000 519.774169922
215.000000000 519.774169922
214.000000000 547.216064453
213.000000000 547.216064453
212.000000000 547.216064453
211.000000000 547.216064453
210.000000000 573.794982910
209.000000000 573.794982910
208.000000000 573.794982910
207.000000000 601.645141602
206.000000000 601.645141602
205.000000000 601.645141602
204.000000000 640.292358398
203.000000000 640.292358398
202.000000000 675.907592773
201.000000000 675.907592773
200.000000000 728.769287109
199.000000000 768.032836914
198.000000000 812.705383301
197.000000000 866.178588867
196.000000000 928.553466797
195.000000000 1000.511413574
194.000000000 1088.869750977
193.000000000 1100.000000000
192.000000000 1100.000000000
191.000000000 1100.000000000
190.000000000 1100.000000000
