260.000000000 451.136840820
259.000000000 451.136840820
258.000000000 451.136840820
257.000000000 451.136840820
256.000000000 451.136840820
255.000000000 451.136840820
254.000000000 451.136840820
253.000000000 451.136840820
252.000000000 451.136840820
251.000000000 451.136840820
250.000000000 451.136840820
249.000000000 451.136840820
248.000000000 451.136840820
247.000000000 451.136840820
246.000000000 451.136840820
245.000000000 451.136840820
244.000000000 451.136840820
243.000000000 474.077819824
242.000000000 474.077819824
241.000000000 474.077819824
240.000000000 474.077819824
239.000000000 474.077819824
238.000000000 474.077819824
237.000000000 474.077819824
236.000000000 474.077819824
235.000000000 474.077819824
234.000000000 474.077819824
233.000000000 474.077819824
232.000000000 474.077819824
231.000000000 474.077819824
230.000000000 498.173095703
229.000000000 498.173095703
228.000000000 498.173095703
227.000000000 498.173095703
226.000000000 498.173095703
225.000000000 498.173095703
224.000000000 498.173095703
223.000000000 498.173095703
222.000000000 498.173095703
221.000000000 524.601623535
220.000000000 524.601623535
219.000000000 524.601623535
218.000000000 524.601623535
217.000000000 524.601623535
216.000000000 524.601623535
215.000000000 524.601623535
214.000000000 553.502502441
213.000000000 553.502502441
212.000000000 553.502502441
211.000000000 553.502502441
210.000000000 583.534973145
209.000000000 583.534973145
208.000000000 583.534973145
207.000000000 614.374267578
206.000000000 614.374267578
205.000000000 614.374267578
204.000000000 659.941528320
203.000000000 659.941528320
202.000000000 703.898193359
201.000000000 703.898193359
200.000000000 775.119995117
199.000000000 827.498229980
198.000000000 889.764160156
197.000000000 960.235412598
196.000000000 1049.994140625
195.000000000 1100.000000000
194.000000000 1100.000000000
193.000000000 1100.000000000
192.000000000 1100.000000000
191.000000000 1100.000000000
190.000000000 1100.000000000
