260.000000000 451.136840820
259.000000000 451.136840820
258.000000000 451.136840820
257.000000000 451.136840820
256.000000000 451.136840820
255.000000000 451.136840820
254.000000000 451.136840820
253.000000000 451.136840820
252.000000000 451.136840820
251.000000000 451.136840820
250.000000000 451.136840820
249.000000000 451.136840820
248.000000000 451.136840820
247.000000000 451.136840820
246.000000000 451.136840820
245.000000000 451.136840820
244.000000000 474.351074219
243.000000000 474.351074219
242.000000000 474.351074219
241.000000000 474.351074219
240.000000000 474.351074219
239.000000000 474.351074219
238.000000000 474.351074219
237.000000000 474.351074219
236.000000000 474.351074219
235.000000000 474.351074219
234.000000000 474.351074219
233.000000000 474.351074219
232.000000000 474.351074219
231.000000000 496.965240479
230.000000000 496.965240479
229.000000000 496.965240479
228.000000000 496.965240479
227.000000000 496.965240479
226.000000000 496.965240479
225.000000000 496.965240479
224.000000000 496.965240479
223.000000000 496.965240479
222.000000000 521.314636230
221.000000000 521.314636230
220.000000000 521.314636230
219.000000000 521.314636230
218.000000000 521.314636230
217.000000000 521.314636230
216.000000000 545.919860840
215.000000000 545.919860840
214.000000000 545.919860840
213.000000000 545.919860840
212.000000000 545.919860840
211.000000000 579.017028809
210.000000000 579.017028809
209.000000000 579.017028809
208.000000000 608.884643555
207.000000000 608.884643555
206.000000000 637.450988770
205.000000000 637.450988770
204.000000000 671.191406250
203.000000000 671.191406250
202.000000000 721.369140625
201.000000000 757.658874512
200.000000000 806.190490723
199.000000000 864.984558105
198.000000000 936.829467773
197.000000000 1019.820800781
196.000000000 1100.000000000
195.000000000 1100.000000000
194.000000000 1100.000000000
193.000000000 1100.000000000
192.000000000 1100.000000000
191.000000000 1100.000000000
190.000000000 1100.000000000
