260.000000000 451.136840820
259.000000000 451.136840820
258.000000000 451.136840820
257.000000000 451.136840820
256.000000000 451.136840820
255.000000000 451.136840820
254.000000000 451.136840820
253.000000000 451.136840820
252.000000000 451.136840820
251.000000000 451.136840820
250.000000000 451.136840820
249.000000000 451.136840820
248.000000000 451.136840820
247.000000000 451.136840820
246.000000000 451.136840820
245.000000000 451.136840820
244.000000000 451.136840820
243.000000000 473.839355469
242.000000000 473.839355469
241.000000000 473.839355469
240.000000000 473.839355469
239.000000000 473.839355469
238.000000000 473.839355469
237.000000000 473.839355469
236.000000000 473.839355469
235.000000000 473.839355469
234.000000000 473.839355469
233.000000000 473.839355469
232.000000000 473.839355469
231.000000000 473.839355469
230.000000000 496.531188965
229.000000000 496.531188965
228.000000000 496.531188965
227.000000000 496.531188965
226.000000000 496.531188965
225.000000000 496.531188965
224.000000000 496.531188965
223.000000000 496.531188965
222.000000000 496.531188965
221.000000000 521.385192871
220.000000000 521.385192871
219.000000000 521.385192871
218.000000000 521.385192871
217.000000000 521.385192871
216.000000000 521.385192871
215.000000000 521.385192871
214.000000000 549.287902832
213.000000000 549.287902832
212.000000000 549.287902832
211.000000000 549.287902832
210.000000000 577.262573242
209.000000000 577.262573242
208.000000000 577.262573242
207.000000000 604.728942871
206.000000000 604.728942871
205.000000000 604.728942871
204.000000000 645.216613770
203.000000000 645.216613770
202.000000000 681.398681641
201.000000000 681.398681641
200.000000000 741.113464355
199.000000000 781.118774414
198.000000000 830.229187012
197.000000000 887.759094238
196.000000000 956.108581543
195.000000000 1038.818969727
194.000000000 1100.000000000
193.000000000 1100.000000000
192.000000000 1100.000000000
191.000000000 1100.000000000
190.000000000 1100.000000000
