260.000000000 451.136840820
259.000000000 451.136840820
258.000000000 451.136840820
257.000000000 451.136840820
256.000000000 451.136840820
255.000000000 451.136840820
254.000000000 451.136840820
253.000000000 451.136840820
252.000000000 451.136840820
251.000000000 451.136840820
250.000000000 451.136840820
249.000000000 451.136840820
248.000000000 451.136840820
247.000000000 451.136840820
246.000000000 451.136840820
245.000000000 451.136840820
244.000000000 451.136840820
243.000000000 451.136840820
242.000000000 451.136840820
241.000000000 451.136840820
240.000000000 451.136840820
239.000000000 473.942962646
238.000000000 473.942962646
237.000000000 473.942962646
236.000000000 473.942962646
235.000000000 473.942962646
234.000000000 473.942962646
233.000000000 473.942962646
232.000000000 473.942962646
231.000000000 473.942962646
230.000000000 473.942962646
229.000000000 473.942962646
228.000000000 473.942962646
227.000000000 496.998840332
226.000000000 496.998840332
225.000000000 496.998840332
224.000000000 496.998840332
223.000000000 496.998840332
222.000000000 496.998840332
221.000000000 496.998840332
220.000000000 496.998840332
219.000000000 496.998840332
218.000000000 521.432617188
217.000000000 521.432617188
216.000000000 521.432617188
215.000000000 521.432617188
214.000000000 521.432617188
213.000000000 521.432617188
212.000000000 521.432617188
211.000000000 550.197814941
210.000000000 550.197814941
209.000000000 550.197814941
208.000000000 550.197814941
207.000000000 579.431640625
206.000000000 579.431640625
205.000000000 579.431640625
204.000000000 608.867980957
203.000000000 608.867980957
202.000000000 608.867980957
201.000000000 646.833801270
200.000000000 646.833801270
199.000000000 690.657531738
198.000000000 690.657531738
197.000000000 745.850463867
196.000000000 781.956420898
195.000000000 824.627014160
194.000000000 874.466613770
193.000000000 939.013549805
192.000000000 1015.572387695
191.000000000 1100.000000000
190.000000000 1100.000000000
