260.000000000 451.136840820
259.000000000 451.136840820
258.000000000 451.136840820
257.000000000 451.136840820
256.000000000 451.136840820
255.000000000 451.136840820
254.000000000 451.136840820
253.000000000 451.136840820
252.000000000 451.136840820
251.000000000 451.136840820
250.000000000 451.136840820
249.000000000 451.136840820
248.000000000 451.136840820
247.000000000 451.136840820
246.000000000 451.136840820
245.000000000 451.136840820
244.000000000 451.136840820
243.000000000 451.136840820
242.000000000 451.136840820
241.000000000 472.740264893
240.000000000 472.740264893
239.000000000 472.740264893
238.000000000 472.740264893
237.000000000 472.740264893
236.000000000 472.740264893
235.000000000 472.740264893
234.000000000 472.740264893
233.000000000 472.740264893
232.000000000 472.740264893
231.000000000 472.740264893
230.000000000 472.740264893
229.000000000 472.740264893
228.000000000 495.918975830
227.000000000 495.918975830
226.000000000 495.918975830
225.000000000 495.918975830
224.000000000 495.918975830
223.000000000 495.918975830
222.000000000 495.918975830
221.000000000 495.918975830
220.000000000 519.331237793
219.000000000 519.331237793
218.000000000 519.331237793
217.000000000 519.331237793
216.000000000 519.331237793
215.000000000 519.331237793
214.000000000 519.331237793
213.000000000 545.121704102
212.000000000 545.121704102
211.000000000 545.121704102
210.000000000 545.121704102
209.000000000 572.033325195
208.000000000 572.033325195
207.000000000 572.033325195
206.000000000 599.429870605
205.000000000 599.429870605
204.000000000 599.429870605
203.000000000 636.141662598
202.000000000 636.141662598
201.000000000 671.085266113
200.000000000 671.085266113
199.000000000 724.937988281
198.000000000 761.121459961
197.000000000 803.188964844
196.000000000 851.130249023
195.000000000 911.123352051
194.000000000 981.818725586
193.000000000 1064.873535156
192.000000000 1100.000000000
191.000000000 1100.000000000
190.000000000 1100.000000000
