260.000000000 488.680480957
259.000000000 488.680480957
258.000000000 488.680480957
257.000000000 488.680480957
256.000000000 488.680480957
255.000000000 488.680480957
254.000000000 488.680480957
253.000000000 488.680480957
252.000000000 488.680480957
251.000000000 488.680480957
250.000000000 488.680480957
249.000000000 488.680480957
248.000000000 488.680480957
247.000000000 488.680480957
246.000000000 488.680480957
245.000000000 488.680480957
244.000000000 488.680480957
243.000000000 513.654846191
242.000000000 513.654846191
241.000000000 513.654846191
240.000000000 513.654846191
239.000000000 513.654846191
238.000000000 513.654846191
237.000000000 513.654846191
236.000000000 513.654846191
235.000000000 513.654846191
234.000000000 513.654846191
233.000000000 513.654846191
232.000000000 513.654846191
231.000000000 513.654846191
230.000000000 542.367431641
229.000000000 542.367431641
228.000000000 542.367431641
227.000000000 542.367431641
226.000000000 542.367431641
225.000000000 542.367431641
224.000000000 542.367431641
223.000000000 542.367431641
222.000000000 542.367431641
221.000000000 569.039916992
220.000000000 569.039916992
219.000000000 569.039916992
218.000000000 569.039916992
217.000000000 569.039916992
216.000000000 569.039916992
215.000000000 569.039916992
214.000000000 601.868774414
213.000000000 601.868774414
212.000000000 601.868774414
211.000000000 601.868774414
210.000000000 637.482116699
209.000000000 637.482116699
208.000000000 637.482116699
207.000000000 679.113525391
206.000000000 679.113525391
205.000000000 679.113525391
204.000000000 724.674560547
203.000000000 724.674560547
202.000000000 769.261108398
201.000000000 769.261108398
200.000000000 832.129333496
199.000000000 878.651550293
198.000000000 931.902893066
197.000000000 1000.026672363
196.000000000 1080.656250000
195.000000000 1100.000000000
194.000000000 1100.000000000
193.000000000 1100.000000000
192.000000000 1100.000000000
191.000000000 1100.000000000
190.000000000 1100.000000000
