260.000000000 488.680480957
259.000000000 488.680480957
258.000000000 488.680480957
257.000000000 488.680480957
256.000000000 488.680480957
255.000000000 488.680480957
254.000000000 488.680480957
253.000000000 488.680480957
252.000000000 488.680480957
251.000000000 488.680480957
250.000000000 488.680480957
249.000000000 488.680480957
248.000000000 488.680480957
247.000000000 488.680480957
246.000000000 488.680480957
245.000000000 488.680480957
244.000000000 488.680480957
243.000000000 488.680480957
242.000000000 513.625366211
241.000000000 513.625366211
240.000000000 513.625366211
239.000000000 513.625366211
238.000000000 513.625366211
237.000000000 513.625366211
236.000000000 513.625366211
235.000000000 513.625366211
234.000000000 513.625366211
233.000000000 513.625366211
232.000000000 513.625366211
231.000000000 513.625366211
230.000000000 513.625366211
229.000000000 540.812866211
228.000000000 540.812866211
227.000000000 540.812866211
226.000000000 540.812866211
225.000000000 540.812866211
224.000000000 540.812866211
223.000000000 540.812866211
222.000000000 540.812866211
221.000000000 540.812866211
220.000000000 567.221252441
219.000000000 567.221252441
218.000000000 567.221252441
217.000000000 567.221252441
216.000000000 567.221252441
215.000000000 567.221252441
214.000000000 567.221252441
213.000000000 596.106079102
212.000000000 596.106079102
211.000000000 596.106079102
210.000000000 596.106079102
209.000000000 631.395751953
208.000000000 631.395751953
207.000000000 631.395751953
206.000000000 666.677429199
205.000000000 666.677429199
204.000000000 666.677429199
203.000000000 702.384765625
202.000000000 702.384765625
201.000000000 702.384765625
200.000000000 757.513305664
199.000000000 757.513305664
198.000000000 811.809997559
197.000000000 811.809997559
196.000000000 890.856628418
195.000000000 945.685363770
194.000000000 1007.535217285
193.000000000 1084.695922852
192.000000000 1100.000000000
191.000000000 1100.000000000
190.000000000 1100.000000000
