260.000000000 488.680480957
259.000000000 488.680480957
258.000000000 488.680480957
257.000000000 488.680480957
256.000000000 488.680480957
255.000000000 488.680480957
254.000000000 488.680480957
253.000000000 488.680480957
252.000000000 488.680480957
251.000000000 488.680480957
250.000000000 488.680480957
249.000000000 488.680480957
248.000000000 488.680480957
247.000000000 488.680480957
246.000000000 488.680480957
245.000000000 488.680480957
244.000000000 488.680480957
243.000000000 488.680480957
242.000000000 512.285827637
241.000000000 512.285827637
240.000000000 512.285827637
239.000000000 512.285827637
238.000000000 512.285827637
237.000000000 512.285827637
236.000000000 512.285827637
235.000000000 512.285827637
234.000000000 512.285827637
233.000000000 512.285827637
232.000000000 512.285827637
231.000000000 512.285827637
230.000000000 537.428833008
229.000000000 537.428833008
228.000000000 537.428833008
227.000000000 537.428833008
226.000000000 537.428833008
225.000000000 537.428833008
224.000000000 537.428833008
223.000000000 537.428833008
222.000000000 537.428833008
221.000000000 537.428833008
220.000000000 566.072265625
219.000000000 566.072265625
218.000000000 566.072265625
217.000000000 566.072265625
216.000000000 566.072265625
215.000000000 566.072265625
214.000000000 566.072265625
213.000000000 598.493713379
212.000000000 598.493713379
211.000000000 598.493713379
210.000000000 598.493713379
209.000000000 634.746582031
208.000000000 634.746582031
207.000000000 634.746582031
206.000000000 667.137451172
205.000000000 667.137451172
204.000000000 667.137451172
203.000000000 706.657531738
202.000000000 706.657531738
201.000000000 741.742187500
200.000000000 741.742187500
199.000000000 791.881042480
198.000000000 791.881042480
197.000000000 864.625305176
196.000000000 912.935302734
195.000000000 970.608398438
194.000000000 1035.708740234
193.000000000 1100.000000000
192.000000000 1100.000000000
191.000000000 1100.000000000
190.000000000 1100.000000000
