260.000000000 451.136840820
259.000000000 451.136840820
258.000000000 451.136840820
257.000000000 451.136840820
256.000000000 451.136840820
255.000000000 451.136840820
254.000000000 451.136840820
253.000000000 451.136840820
252.000000000 451.136840820
251.000000000 451.136840820
250.000000000 451.136840820
249.000000000 451.136840820
248.000000000 451.136840820
247.000000000 451.136840820
246.000000000 451.136840820
245.000000000 451.136840820
244.000000000 451.136840820
243.000000000 451.136840820
242.000000000 451.136840820
241.000000000 451.136840820
240.000000000 472.296020508
239.000000000 472.296020508
238.000000000 472.296020508
237.000000000 472.296020508
236.000000000 472.296020508
235.000000000 472.296020508
234.000000000 472.296020508
233.000000000 472.296020508
232.000000000 472.296020508
231.000000000 472.296020508
230.000000000 472.296020508
229.000000000 472.296020508
228.000000000 494.391998291
227.000000000 494.391998291
226.000000000 494.391998291
225.000000000 494.391998291
224.000000000 494.391998291
223.000000000 494.391998291
222.000000000 494.391998291
221.000000000 494.391998291
220.000000000 494.391998291
219.000000000 518.937072754
218.000000000 518.937072754
217.000000000 518.937072754
216.000000000 518.937072754
215.000000000 518.937072754
214.000000000 518.937072754
213.000000000 518.937072754
212.000000000 546.618408203
211.000000000 546.618408203
210.000000000 546.618408203
209.000000000 546.618408203
208.000000000 572.503662109
207.000000000 572.503662109
206.000000000 572.503662109
205.000000000 572.503662109
204.000000000 608.435363770
203.000000000 608.435363770
202.000000000 608.435363770
201.000000000 649.413330078
200.000000000 649.413330078
199.000000000 691.649780273
198.000000000 691.649780273
197.000000000 747.320922852
196.000000000 784.096252441
195.000000000 826.160583496
194.000000000 876.502746582
193.000000000 940.476562500
192.000000000 1013.893981934
191.000000000 1100.000000000
190.000000000 1100.000000000
