260.000000000 451.136840820
259.000000000 451.136840820
258.000000000 451.136840820
257.000000000 451.136840820
256.000000000 451.136840820
255.000000000 451.136840820
254.000000000 451.136840820
253.000000000 451.136840820
252.000000000 451.136840820
251.000000000 451.136840820
250.000000000 451.136840820
249.000000000 451.136840820
248.000000000 451.136840820
247.000000000 451.136840820
246.000000000 451.136840820
245.000000000 451.136840820
244.000000000 451.136840820
243.000000000 451.136840820
242.000000000 451.136840820
241.000000000 451.136840820
240.000000000 472.748229980
239.000000000 472.748229980
238.000000000 472.748229980
237.000000000 472.748229980
236.000000000 472.748229980
235.000000000 472.748229980
234.000000000 472.748229980
233.000000000 472.748229980
232.000000000 472.748229980
231.000000000 472.748229980
230.000000000 472.748229980
229.000000000 472.748229980
228.000000000 495.583953857
227.000000000 495.583953857
226.000000000 495.583953857
225.000000000 495.583953857
224.000000000 495.583953857
223.000000000 495.583953857
222.000000000 495.583953857
221.000000000 495.583953857
220.000000000 495.583953857
219.000000000 521.758972168
218.000000000 521.758972168
217.000000000 521.758972168
216.000000000 521.758972168
215.000000000 521.758972168
214.000000000 521.758972168
213.000000000 546.291809082
212.000000000 546.291809082
211.000000000 546.291809082
210.000000000 546.291809082
209.000000000 573.490051270
208.000000000 573.490051270
207.000000000 573.490051270
206.000000000 573.490051270
205.000000000 609.186401367
204.000000000 609.186401367
203.000000000 609.186401367
202.000000000 649.644165039
201.000000000 649.644165039
200.000000000 694.460632324
199.000000000 694.460632324
198.000000000 759.106750488
197.000000000 803.557067871
196.000000000 850.309448242
195.000000000 911.154724121
194.000000000 978.484375000
193.000000000 1063.431274414
192.000000000 1100.000000000
191.000000000 1100.000000000
190.000000000 1100.000000000
