260.000000000 451.136840820
259.000000000 451.136840820
258.000000000 451.136840820
257.000000000 451.136840820
256.000000000 451.136840820
255.000000000 451.136840820
254.000000000 451.136840820
253.000000000 451.136840820
252.000000000 451.136840820
251.000000000 451.136840820
250.000000000 451.136840820
249.000000000 451.136840820
248.000000000 451.136840820
247.000000000 451.136840820
246.000000000 451.136840820
245.000000000 451.136840820
244.000000000 451.136840820
243.000000000 451.136840820
242.000000000 451.136840820
241.000000000 451.136840820
240.000000000 451.136840820
239.000000000 473.258941650
238.000000000 473.258941650
237.000000000 473.258941650
236.000000000 473.258941650
235.000000000 473.258941650
234.000000000 473.258941650
233.000000000 473.258941650
232.000000000 473.258941650
231.000000000 473.258941650
230.000000000 473.258941650
229.000000000 473.258941650
228.000000000 473.258941650
227.000000000 497.826965332
226.000000000 497.826965332
225.000000000 497.826965332
224.000000000 497.826965332
223.000000000 497.826965332
222.000000000 497.826965332
221.000000000 497.826965332
220.000000000 497.826965332
219.000000000 497.826965332
218.000000000 497.826965332
217.000000000 525.136779785
216.000000000 525.136779785
215.000000000 525.136779785
214.000000000 525.136779785
213.000000000 525.136779785
212.000000000 525.136779785
211.000000000 551.405944824
210.000000000 551.405944824
209.000000000 551.405944824
208.000000000 551.405944824
207.000000000 580.196350098
206.000000000 580.196350098
205.000000000 580.196350098
204.000000000 608.759460449
203.000000000 608.759460449
202.000000000 608.759460449
201.000000000 648.006774902
200.000000000 648.006774902
199.000000000 689.956359863
198.000000000 689.956359863
197.000000000 746.965698242
196.000000000 783.855224609
195.000000000 826.111694336
194.000000000 876.592468262
193.000000000 938.251953125
192.000000000 1016.224609375
191.000000000 1100.000000000
190.000000000 1100.000000000
