260.000000000 451.136840820
259.000000000 451.136840820
258.000000000 451.136840820
257.000000000 451.136840820
256.000000000 451.136840820
255.000000000 451.136840820
254.000000000 451.136840820
253.000000000 451.136840820
252.000000000 451.136840820
251.000000000 451.136840820
250.000000000 451.136840820
249.000000000 451.136840820
248.000000000 451.136840820
247.000000000 451.136840820
246.000000000 451.136840820
245.000000000 451.136840820
244.000000000 451.136840820
243.000000000 472.723968506
242.000000000 472.723968506
241.000000000 472.723968506
240.000000000 472.723968506
239.000000000 472.723968506
238.000000000 472.723968506
237.000000000 472.723968506
236.000000000 472.723968506
235.000000000 472.723968506
234.000000000 472.723968506
233.000000000 472.723968506
232.000000000 472.723968506
231.000000000 472.723968506
230.000000000 496.008758545
229.000000000 496.008758545
228.000000000 496.008758545
227.000000000 496.008758545
226.000000000 496.008758545
225.000000000 496.008758545
224.000000000 496.008758545
223.000000000 496.008758545
222.000000000 496.008758545
221.000000000 520.475952148
220.000000000 520.475952148
219.000000000 520.475952148
218.000000000 520.475952148
217.000000000 520.475952148
216.000000000 520.475952148
215.000000000 520.475952148
214.000000000 548.827026367
213.000000000 548.827026367
212.000000000 548.827026367
211.000000000 548.827026367
210.000000000 575.947875977
209.000000000 575.947875977
208.000000000 575.947875977
207.000000000 604.687072754
206.000000000 604.687072754
205.000000000 604.687072754
204.000000000 643.322692871
203.000000000 643.322692871
202.000000000 681.691101074
201.000000000 681.691101074
200.000000000 740.583801270
199.000000000 780.014160156
198.000000000 830.580017090
197.000000000 887.410827637
196.000000000 955.222412109
195.000000000 1035.623657227
194.000000000 1100.000000000
193.000000000 1100.000000000
192.000000000 1100.000000000
191.000000000 1100.000000000
190.000000000 1100.000000000
