260.000000000 451.136840820
259.000000000 451.136840820
258.000000000 451.136840820
257.000000000 451.136840820
256.000000000 451.136840820
255.000000000 451.136840820
254.000000000 451.136840820
253.000000000 451.136840820
252.000000000 451.136840820
251.000000000 451.136840820
250.000000000 451.136840820
249.000000000 451.136840820
248.000000000 451.136840820
247.000000000 451.136840820
246.000000000 451.136840820
245.000000000 451.136840820
244.000000000 451.136840820
243.000000000 451.136840820
242.000000000 451.136840820
241.000000000 451.136840820
240.000000000 472.302398682
239.000000000 472.302398682
238.000000000 472.302398682
237.000000000 472.302398682
236.000000000 472.302398682
235.000000000 472.302398682
234.000000000 472.302398682
233.000000000 472.302398682
232.000000000 472.302398682
231.000000000 472.302398682
230.000000000 472.302398682
229.000000000 494.393585205
228.000000000 494.393585205
227.000000000 494.393585205
226.000000000 494.393585205
225.000000000 494.393585205
224.000000000 494.393585205
223.000000000 494.393585205
222.000000000 494.393585205
221.000000000 494.393585205
220.000000000 520.137023926
219.000000000 520.137023926
218.000000000 520.137023926
217.000000000 520.137023926
216.000000000 520.137023926
215.000000000 520.137023926
214.000000000 520.137023926
213.000000000 548.825195312
212.000000000 548.825195312
211.000000000 548.825195312
210.000000000 548.825195312
209.000000000 576.460571289
208.000000000 576.460571289
207.000000000 576.460571289
206.000000000 576.460571289
205.000000000 613.077453613
204.000000000 613.077453613
203.000000000 613.077453613
202.000000000 657.053344727
201.000000000 657.053344727
200.000000000 704.922302246
199.000000000 738.611389160
198.000000000 776.293212891
197.000000000 820.694274902
196.000000000 875.979370117
195.000000000 937.920471191
194.000000000 1011.755676270
193.000000000 1098.713867188
192.000000000 1100.000000000
191.000000000 1100.000000000
190.000000000 1100.000000000
