260.000000000 488.680480957
259.000000000 488.680480957
258.000000000 488.680480957
257.000000000 488.680480957
256.000000000 488.680480957
255.000000000 488.680480957
254.000000000 488.680480957
253.000000000 488.680480957
252.000000000 488.680480957
251.000000000 488.680480957
250.000000000 488.680480957
249.000000000 488.680480957
248.000000000 488.680480957
247.000000000 488.680480957
246.000000000 488.680480957
245.000000000 488.680480957
244.000000000 488.680480957
243.000000000 512.356994629
242.000000000 512.356994629
241.000000000 512.356994629
240.000000000 512.356994629
239.000000000 512.356994629
238.000000000 512.356994629
237.000000000 512.356994629
236.000000000 512.356994629
235.000000000 512.356994629
234.000000000 512.356994629
233.000000000 512.356994629
232.000000000 512.356994629
231.000000000 538.205078125
230.000000000 538.205078125
229.000000000 538.205078125
228.000000000 538.205078125
227.000000000 538.205078125
226.000000000 538.205078125
225.000000000 538.205078125
224.000000000 538.205078125
223.000000000 538.205078125
222.000000000 565.500244141
221.000000000 565.500244141
220.000000000 565.500244141
219.000000000 565.500244141
218.000000000 565.500244141
217.000000000 565.500244141
216.000000000 565.500244141
215.000000000 597.487487793
214.000000000 597.487487793
213.000000000 597.487487793
212.000000000 597.487487793
211.000000000 630.773254395
210.000000000 630.773254395
209.000000000 630.773254395
208.000000000 664.788024902
207.000000000 664.788024902
206.000000000 664.788024902
205.000000000 711.911071777
204.000000000 711.911071777
203.000000000 749.671264648
202.000000000 749.671264648
201.000000000 807.837585449
200.000000000 847.970581055
199.000000000 897.486633301
198.000000000 954.757690430
197.000000000 1025.894775391
196.000000000 1100.000000000
195.000000000 1100.000000000
194.000000000 1100.000000000
193.000000000 1100.000000000
192.000000000 1100.000000000
191.000000000 1100.000000000
190.000000000 1100.000000000
