260.000000000 451.136840820
259.000000000 451.136840820
258.000000000 451.136840820
257.000000000 451.136840820
256.000000000 451.136840820
255.000000000 451.136840820
254.000000000 451.136840820
253.000000000 451.136840820
252.000000000 451.136840820
251.000000000 451.136840820
250.000000000 451.136840820
249.000000000 451.136840820
248.000000000 451.136840820
247.000000000 451.136840820
246.000000000 451.136840820
245.000000000 451.136840820
244.000000000 451.136840820
243.000000000 451.136840820
242.000000000 451.136840820
241.000000000 451.136840820
240.000000000 451.136840820
239.000000000 473.815124512
238.000000000 473.815124512
237.000000000 473.815124512
236.000000000 473.815124512
235.000000000 473.815124512
234.000000000 473.815124512
233.000000000 473.815124512
232.000000000 473.815124512
231.000000000 473.815124512
230.000000000 473.815124512
229.000000000 473.815124512
228.000000000 473.815124512
227.000000000 497.634552002
226.000000000 497.634552002
225.000000000 497.634552002
224.000000000 497.634552002
223.000000000 497.634552002
222.000000000 497.634552002
221.000000000 497.634552002
220.000000000 497.634552002
219.000000000 497.634552002
218.000000000 521.930297852
217.000000000 521.930297852
216.000000000 521.930297852
215.000000000 521.930297852
214.000000000 521.930297852
213.000000000 521.930297852
212.000000000 547.795959473
211.000000000 547.795959473
210.000000000 547.795959473
209.000000000 547.795959473
208.000000000 576.282714844
207.000000000 576.282714844
206.000000000 576.282714844
205.000000000 603.338195801
204.000000000 603.338195801
203.000000000 603.338195801
202.000000000 640.306457520
201.000000000 640.306457520
200.000000000 679.949523926
199.000000000 679.949523926
198.000000000 735.691040039
197.000000000 771.005859375
196.000000000 814.936950684
195.000000000 863.647583008
194.000000000 923.606140137
193.000000000 996.693420410
192.000000000 1088.992797852
191.000000000 1100.000000000
190.000000000 1100.000000000
