260.000000000 451.136840820
259.000000000 451.136840820
258.000000000 451.136840820
257.000000000 451.136840820
256.000000000 451.136840820
255.000000000 451.136840820
254.000000000 451.136840820
253.000000000 451.136840820
252.000000000 451.136840820
251.000000000 451.136840820
250.000000000 451.136840820
249.000000000 451.136840820
248.000000000 451.136840820
247.000000000 451.136840820
246.000000000 451.136840820
245.000000000 451.136840820
244.000000000 451.136840820
243.000000000 472.928375244
242.000000000 472.928375244
241.000000000 472.928375244
240.000000000 472.928375244
239.000000000 472.928375244
238.000000000 472.928375244
237.000000000 472.928375244
236.000000000 472.928375244
235.000000000 472.928375244
234.000000000 472.928375244
233.000000000 472.928375244
232.000000000 472.928375244
231.000000000 472.928375244
230.000000000 495.947906494
229.000000000 495.947906494
228.000000000 495.947906494
227.000000000 495.947906494
226.000000000 495.947906494
225.000000000 495.947906494
224.000000000 495.947906494
223.000000000 495.947906494
222.000000000 495.947906494
221.000000000 520.431274414
220.000000000 520.431274414
219.000000000 520.431274414
218.000000000 520.431274414
217.000000000 520.431274414
216.000000000 520.431274414
215.000000000 520.431274414
214.000000000 546.177734375
213.000000000 546.177734375
212.000000000 546.177734375
211.000000000 546.177734375
210.000000000 573.694152832
209.000000000 573.694152832
208.000000000 573.694152832
207.000000000 602.211425781
206.000000000 602.211425781
205.000000000 602.211425781
204.000000000 639.453735352
203.000000000 639.453735352
202.000000000 673.994934082
201.000000000 673.994934082
200.000000000 729.893615723
199.000000000 766.928955078
198.000000000 813.405639648
197.000000000 866.294738770
196.000000000 928.189819336
195.000000000 1004.485961914
194.000000000 1092.842163086
193.000000000 1100.000000000
192.000000000 1100.000000000
191.000000000 1100.000000000
190.000000000 1100.000000000
