260.000000000 488.680480957
259.000000000 488.680480957
258.000000000 488.680480957
257.000000000 488.680480957
256.000000000 488.680480957
255.000000000 488.680480957
254.000000000 488.680480957
253.000000000 488.680480957
252.000000000 488.680480957
251.000000000 488.680480957
250.000000000 488.680480957
249.000000000 488.680480957
248.000000000 488.680480957
247.000000000 488.680480957
246.000000000 488.680480957
245.000000000 488.680480957
244.000000000 488.680480957
243.000000000 513.412292480
242.000000000 513.412292480
241.000000000 513.412292480
240.000000000 513.412292480
239.000000000 513.412292480
238.000000000 513.412292480
237.000000000 513.412292480
236.000000000 513.412292480
235.000000000 513.412292480
234.000000000 513.412292480
233.000000000 513.412292480
232.000000000 513.412292480
231.000000000 538.629150391
230.000000000 538.629150391
229.000000000 538.629150391
228.000000000 538.629150391
227.000000000 538.629150391
226.000000000 538.629150391
225.000000000 538.629150391
224.000000000 538.629150391
223.000000000 538.629150391
222.000000000 565.936950684
221.000000000 565.936950684
220.000000000 565.936950684
219.000000000 565.936950684
218.000000000 565.936950684
217.000000000 565.936950684
216.000000000 565.936950684
215.000000000 597.391296387
214.000000000 597.391296387
213.000000000 597.391296387
212.000000000 597.391296387
211.000000000 631.004455566
210.000000000 631.004455566
209.000000000 631.004455566
208.000000000 666.158020020
207.000000000 666.158020020
206.000000000 699.968933105
205.000000000 699.968933105
204.000000000 736.679504395
203.000000000 736.679504395
202.000000000 781.829223633
201.000000000 781.829223633
200.000000000 857.852111816
199.000000000 914.987731934
198.000000000 977.845092773
197.000000000 1054.854492188
196.000000000 1100.000000000
195.000000000 1100.000000000
194.000000000 1100.000000000
193.000000000 1100.000000000
192.000000000 1100.000000000
191.000000000 1100.000000000
190.000000000 1100.000000000
