260.000000000 488.680480957
259.000000000 488.680480957
258.000000000 488.680480957
257.000000000 488.680480957
256.000000000 488.680480957
255.000000000 488.680480957
254.000000000 488.680480957
253.000000000 488.680480957
252.000000000 488.680480957
251.000000000 488.680480957
250.000000000 488.680480957
249.000000000 488.680480957
248.000000000 488.680480957
247.000000000 488.680480957
246.000000000 488.680480957
245.000000000 488.680480957
244.000000000 488.680480957
243.000000000 488.680480957
242.000000000 513.928588867
241.000000000 513.928588867
240.000000000 513.928588867
239.000000000 513.928588867
238.000000000 513.928588867
237.000000000 513.928588867
236.000000000 513.928588867
235.000000000 513.928588867
234.000000000 513.928588867
233.000000000 513.928588867
232.000000000 513.928588867
231.000000000 513.928588867
230.000000000 540.077270508
229.000000000 540.077270508
228.000000000 540.077270508
227.000000000 540.077270508
226.000000000 540.077270508
225.000000000 540.077270508
224.000000000 540.077270508
223.000000000 540.077270508
222.000000000 540.077270508
221.000000000 540.077270508
220.000000000 569.094055176
219.000000000 569.094055176
218.000000000 569.094055176
217.000000000 569.094055176
216.000000000 569.094055176
215.000000000 569.094055176
214.000000000 569.094055176
213.000000000 601.005310059
212.000000000 601.005310059
211.000000000 601.005310059
210.000000000 601.005310059
209.000000000 636.985900879
208.000000000 636.985900879
207.000000000 636.985900879
206.000000000 673.250549316
205.000000000 673.250549316
204.000000000 673.250549316
203.000000000 717.814575195
202.000000000 717.814575195
201.000000000 753.198486328
200.000000000 753.198486328
199.000000000 812.953979492
198.000000000 854.429870605
197.000000000 900.593261719
196.000000000 957.153625488
195.000000000 1025.788940430
194.000000000 1100.000000000
193.000000000 1100.000000000
192.000000000 1100.000000000
191.000000000 1100.000000000
190.000000000 1100.000000000
