260.000000000 451.136840820
259.000000000 451.136840820
258.000000000 451.136840820
257.000000000 451.136840820
256.000000000 451.136840820
255.000000000 451.136840820
254.000000000 451.136840820
253.000000000 451.136840820
252.000000000 451.136840820
251.000000000 451.136840820
250.000000000 451.136840820
249.000000000 451.136840820
248.000000000 451.136840820
247.000000000 451.136840820
246.000000000 451.136840820
245.000000000 451.136840820
244.000000000 451.136840820
243.000000000 451.136840820
242.000000000 451.136840820
241.000000000 451.136840820
240.000000000 472.421386719
239.000000000 472.421386719
238.000000000 472.421386719
237.000000000 472.421386719
236.000000000 472.421386719
235.000000000 472.421386719
234.000000000 472.421386719
233.000000000 472.421386719
232.000000000 472.421386719
231.000000000 472.421386719
230.000000000 472.421386719
229.000000000 472.421386719
228.000000000 495.218383789
227.000000000 495.218383789
226.000000000 495.218383789
225.000000000 495.218383789
224.000000000 495.218383789
223.000000000 495.218383789
222.000000000 495.218383789
221.000000000 495.218383789
220.000000000 495.218383789
219.000000000 518.928283691
218.000000000 518.928283691
217.000000000 518.928283691
216.000000000 518.928283691
215.000000000 518.928283691
214.000000000 518.928283691
213.000000000 518.928283691
212.000000000 543.913818359
211.000000000 543.913818359
210.000000000 543.913818359
209.000000000 543.913818359
208.000000000 570.630981445
207.000000000 570.630981445
206.000000000 570.630981445
205.000000000 570.630981445
204.000000000 603.751647949
203.000000000 603.751647949
202.000000000 603.751647949
201.000000000 642.311889648
200.000000000 642.311889648
199.000000000 678.884643555
198.000000000 678.884643555
197.000000000 728.762817383
196.000000000 728.762817383
195.000000000 793.555358887
194.000000000 838.630798340
193.000000000 890.575927734
192.000000000 954.585937500
191.000000000 1030.429199219
190.000000000 1100.000000000
