260.000000000 488.680480957
259.000000000 488.680480957
258.000000000 488.680480957
257.000000000 488.680480957
256.000000000 488.680480957
255.000000000 488.680480957
254.000000000 488.680480957
253.000000000 488.680480957
252.000000000 488.680480957
251.000000000 488.680480957
250.000000000 488.680480957
249.000000000 488.680480957
248.000000000 488.680480957
247.000000000 488.680480957
246.000000000 488.680480957
245.000000000 488.680480957
244.000000000 488.680480957
243.000000000 514.662353516
242.000000000 514.662353516
241.000000000 514.662353516
240.000000000 514.662353516
239.000000000 514.662353516
238.000000000 514.662353516
237.000000000 514.662353516
236.000000000 514.662353516
235.000000000 514.662353516
234.000000000 514.662353516
233.000000000 514.662353516
232.000000000 514.662353516
231.000000000 540.910583496
230.000000000 540.910583496
229.000000000 540.910583496
228.000000000 540.910583496
227.000000000 540.910583496
226.000000000 540.910583496
225.000000000 540.910583496
224.000000000 540.910583496
223.000000000 540.910583496
222.000000000 567.547973633
221.000000000 567.547973633
220.000000000 567.547973633
219.000000000 567.547973633
218.000000000 567.547973633
217.000000000 567.547973633
216.000000000 567.547973633
215.000000000 601.507324219
214.000000000 601.507324219
213.000000000 601.507324219
212.000000000 601.507324219
211.000000000 635.612670898
210.000000000 635.612670898
209.000000000 635.612670898
208.000000000 674.517822266
207.000000000 674.517822266
206.000000000 707.933837891
205.000000000 707.933837891
204.000000000 750.135375977
203.000000000 750.135375977
202.000000000 803.796691895
201.000000000 842.906433105
200.000000000 891.974731445
199.000000000 958.039184570
198.000000000 1031.805786133
197.000000000 1100.000000000
196.000000000 1100.000000000
195.000000000 1100.000000000
194.000000000 1100.000000000
193.000000000 1100.000000000
192.000000000 1100.000000000
191.000000000 1100.000000000
190.000000000 1100.000000000
