260.000000000 451.136840820
259.000000000 451.136840820
258.000000000 451.136840820
257.000000000 451.136840820
256.000000000 451.136840820
255.000000000 451.136840820
254.000000000 451.136840820
253.000000000 451.136840820
252.000000000 451.136840820
251.000000000 451.136840820
250.000000000 451.136840820
249.000000000 451.136840820
248.000000000 451.136840820
247.000000000 451.136840820
246.000000000 451.136840820
245.000000000 451.136840820
244.000000000 451.136840820
243.000000000 474.210662842
242.000000000 474.210662842
241.000000000 474.210662842
240.000000000 474.210662842
239.000000000 474.210662842
238.000000000 474.210662842
237.000000000 474.210662842
236.000000000 474.210662842
235.000000000 474.210662842
234.000000000 474.210662842
233.000000000 474.210662842
232.000000000 474.210662842
231.000000000 474.210662842
230.000000000 498.295318604
229.000000000 498.295318604
228.000000000 498.295318604
227.000000000 498.295318604
226.000000000 498.295318604
225.000000000 498.295318604
224.000000000 498.295318604
223.000000000 498.295318604
222.000000000 498.295318604
221.000000000 524.773864746
220.000000000 524.773864746
219.000000000 524.773864746
218.000000000 524.773864746
217.000000000 524.773864746
216.000000000 524.773864746
215.000000000 524.773864746
214.000000000 552.967102051
213.000000000 552.967102051
212.000000000 552.967102051
211.000000000 552.967102051
210.000000000 583.667480469
209.000000000 583.667480469
208.000000000 583.667480469
207.000000000 616.310791016
206.000000000 616.310791016
205.000000000 616.310791016
204.000000000 659.185485840
203.000000000 659.185485840
202.000000000 702.399719238
201.000000000 736.682739258
200.000000000 776.564453125
199.000000000 827.523132324
198.000000000 888.032226562
197.000000000 960.723754883
196.000000000 1051.354980469
195.000000000 1100.000000000
194.000000000 1100.000000000
193.000000000 1100.000000000
192.000000000 1100.000000000
191.000000000 1100.000000000
190.000000000 1100.000000000
