260.000000000 488.680480957
259.000000000 488.680480957
258.000000000 488.680480957
257.000000000 488.680480957
256.000000000 488.680480957
255.000000000 488.680480957
254.000000000 488.680480957
253.000000000 488.680480957
252.000000000 488.680480957
251.000000000 488.680480957
250.000000000 488.680480957
249.000000000 488.680480957
248.000000000 488.680480957
247.000000000 488.680480957
246.000000000 488.680480957
245.000000000 488.680480957
244.000000000 488.680480957
243.000000000 513.291076660
242.000000000 513.291076660
241.000000000 513.291076660
240.000000000 513.291076660
239.000000000 513.291076660
238.000000000 513.291076660
237.000000000 513.291076660
236.000000000 513.291076660
235.000000000 513.291076660
234.000000000 513.291076660
233.000000000 513.291076660
232.000000000 538.467102051
231.000000000 538.467102051
230.000000000 538.467102051
229.000000000 538.467102051
228.000000000 538.467102051
227.000000000 538.467102051
226.000000000 538.467102051
225.000000000 538.467102051
224.000000000 538.467102051
223.000000000 538.467102051
222.000000000 566.794555664
221.000000000 566.794555664
220.000000000 566.794555664
219.000000000 566.794555664
218.000000000 566.794555664
217.000000000 566.794555664
216.000000000 566.794555664
215.000000000 599.990600586
214.000000000 599.990600586
213.000000000 599.990600586
212.000000000 599.990600586
211.000000000 634.293884277
210.000000000 634.293884277
209.000000000 634.293884277
208.000000000 670.081237793
207.000000000 670.081237793
206.000000000 705.371643066
205.000000000 705.371643066
204.000000000 743.722900391
203.000000000 743.722900391
202.000000000 796.186584473
201.000000000 796.186584473
200.000000000 874.389526367
199.000000000 938.994262695
198.000000000 1007.688049316
197.000000000 1090.532348633
196.000000000 1100.000000000
195.000000000 1100.000000000
194.000000000 1100.000000000
193.000000000 1100.000000000
192.000000000 1100.000000000
191.000000000 1100.000000000
190.000000000 1100.000000000
