260.000000000 488.680480957
259.000000000 488.680480957
258.000000000 488.680480957
257.000000000 488.680480957
256.000000000 488.680480957
255.000000000 488.680480957
254.000000000 488.680480957
253.000000000 488.680480957
252.000000000 488.680480957
251.000000000 488.680480957
250.000000000 488.680480957
249.000000000 488.680480957
248.000000000 488.680480957
247.000000000 488.680480957
246.000000000 488.680480957
245.000000000 488.680480957
244.000000000 488.680480957
243.000000000 488.680480957
242.000000000 512.789794922
241.000000000 512.789794922
240.000000000 512.789794922
239.000000000 512.789794922
238.000000000 512.789794922
237.000000000 512.789794922
236.000000000 512.789794922
235.000000000 512.789794922
234.000000000 512.789794922
233.000000000 512.789794922
232.000000000 512.789794922
231.000000000 512.789794922
230.000000000 538.441528320
229.000000000 538.441528320
228.000000000 538.441528320
227.000000000 538.441528320
226.000000000 538.441528320
225.000000000 538.441528320
224.000000000 538.441528320
223.000000000 538.441528320
222.000000000 538.441528320
221.000000000 538.441528320
220.000000000 565.194335938
219.000000000 565.194335938
218.000000000 565.194335938
217.000000000 565.194335938
216.000000000 565.194335938
215.000000000 565.194335938
214.000000000 565.194335938
213.000000000 598.013793945
212.000000000 598.013793945
211.000000000 598.013793945
210.000000000 598.013793945
209.000000000 632.967773438
208.000000000 632.967773438
207.000000000 632.967773438
206.000000000 666.001647949
205.000000000 666.001647949
204.000000000 666.001647949
203.000000000 701.661804199
202.000000000 701.661804199
201.000000000 735.560729980
200.000000000 735.560729980
199.000000000 782.664245605
198.000000000 782.664245605
197.000000000 847.146850586
196.000000000 893.084594727
195.000000000 944.758117676
194.000000000 1008.916076660
193.000000000 1086.561767578
192.000000000 1100.000000000
191.000000000 1100.000000000
190.000000000 1100.000000000
