260.000000000 451.136840820
259.000000000 451.136840820
258.000000000 451.136840820
257.000000000 451.136840820
256.000000000 451.136840820
255.000000000 451.136840820
254.000000000 451.136840820
253.000000000 451.136840820
252.000000000 451.136840820
251.000000000 451.136840820
250.000000000 451.136840820
249.000000000 451.136840820
248.000000000 451.136840820
247.000000000 451.136840820
246.000000000 451.136840820
245.000000000 451.136840820
244.000000000 451.136840820
243.000000000 451.136840820
242.000000000 451.136840820
241.000000000 451.136840820
240.000000000 472.600341797
239.000000000 472.600341797
238.000000000 472.600341797
237.000000000 472.600341797
236.000000000 472.600341797
235.000000000 472.600341797
234.000000000 472.600341797
233.000000000 472.600341797
232.000000000 472.600341797
231.000000000 472.600341797
230.000000000 472.600341797
229.000000000 472.600341797
228.000000000 494.778045654
227.000000000 494.778045654
226.000000000 494.778045654
225.000000000 494.778045654
224.000000000 494.778045654
223.000000000 494.778045654
222.000000000 494.778045654
221.000000000 494.778045654
220.000000000 494.778045654
219.000000000 518.535278320
218.000000000 518.535278320
217.000000000 518.535278320
216.000000000 518.535278320
215.000000000 518.535278320
214.000000000 518.535278320
213.000000000 518.535278320
212.000000000 546.244934082
211.000000000 546.244934082
210.000000000 546.244934082
209.000000000 546.244934082
208.000000000 574.582641602
207.000000000 574.582641602
206.000000000 574.582641602
205.000000000 574.582641602
204.000000000 611.411621094
203.000000000 611.411621094
202.000000000 611.411621094
201.000000000 652.895751953
200.000000000 652.895751953
199.000000000 697.670288086
198.000000000 697.670288086
197.000000000 757.952209473
196.000000000 797.900634766
195.000000000 843.576599121
194.000000000 896.441772461
193.000000000 967.360839844
192.000000000 1047.877075195
191.000000000 1100.000000000
190.000000000 1100.000000000
