260.000000000 488.680480957
259.000000000 488.680480957
258.000000000 488.680480957
257.000000000 488.680480957
256.000000000 488.680480957
255.000000000 488.680480957
254.000000000 488.680480957
253.000000000 488.680480957
252.000000000 488.680480957
251.000000000 488.680480957
250.000000000 488.680480957
249.000000000 488.680480957
248.000000000 488.680480957
247.000000000 488.680480957
246.000000000 488.680480957
245.000000000 488.680480957
244.000000000 488.680480957
243.000000000 512.643371582
242.000000000 512.643371582
241.000000000 512.643371582
240.000000000 512.643371582
239.000000000 512.643371582
238.000000000 512.643371582
237.000000000 512.643371582
236.000000000 512.643371582
235.000000000 512.643371582
234.000000000 512.643371582
233.000000000 512.643371582
232.000000000 512.643371582
231.000000000 512.643371582
230.000000000 539.360839844
229.000000000 539.360839844
228.000000000 539.360839844
227.000000000 539.360839844
226.000000000 539.360839844
225.000000000 539.360839844
224.000000000 539.360839844
223.000000000 539.360839844
222.000000000 539.360839844
221.000000000 539.360839844
220.000000000 567.326843262
219.000000000 567.326843262
218.000000000 567.326843262
217.000000000 567.326843262
216.000000000 567.326843262
215.000000000 567.326843262
214.000000000 567.326843262
213.000000000 600.536499023
212.000000000 600.536499023
211.000000000 600.536499023
210.000000000 600.536499023
209.000000000 637.210693359
208.000000000 637.210693359
207.000000000 637.210693359
206.000000000 674.374511719
205.000000000 674.374511719
204.000000000 674.374511719
203.000000000 717.450927734
202.000000000 717.450927734
201.000000000 755.088806152
200.000000000 755.088806152
199.000000000 813.637390137
198.000000000 854.701843262
197.000000000 903.010437012
196.000000000 959.288818359
195.000000000 1025.922607422
194.000000000 1100.000000000
193.000000000 1100.000000000
192.000000000 1100.000000000
191.000000000 1100.000000000
190.000000000 1100.000000000
