260.000000000 488.680480957
259.000000000 488.680480957
258.000000000 488.680480957
257.000000000 488.680480957
256.000000000 488.680480957
255.000000000 488.680480957
254.000000000 488.680480957
253.000000000 488.680480957
252.000000000 488.680480957
251.000000000 488.680480957
250.000000000 488.680480957
249.000000000 488.680480957
248.000000000 488.680480957
247.000000000 488.680480957
246.000000000 488.680480957
245.000000000 488.680480957
244.000000000 488.680480957
243.000000000 488.680480957
242.000000000 512.348571777
241.000000000 512.348571777
240.000000000 512.348571777
239.000000000 512.348571777
238.000000000 512.348571777
237.000000000 512.348571777
236.000000000 512.348571777
235.000000000 512.348571777
234.000000000 512.348571777
233.000000000 512.348571777
232.000000000 512.348571777
231.000000000 512.348571777
230.000000000 538.115539551
229.000000000 538.115539551
228.000000000 538.115539551
227.000000000 538.115539551
226.000000000 538.115539551
225.000000000 538.115539551
224.000000000 538.115539551
223.000000000 538.115539551
222.000000000 538.115539551
221.000000000 538.115539551
220.000000000 565.786376953
219.000000000 565.786376953
218.000000000 565.786376953
217.000000000 565.786376953
216.000000000 565.786376953
215.000000000 565.786376953
214.000000000 565.786376953
213.000000000 596.724243164
212.000000000 596.724243164
211.000000000 596.724243164
210.000000000 596.724243164
209.000000000 634.354675293
208.000000000 634.354675293
207.000000000 634.354675293
206.000000000 666.678833008
205.000000000 666.678833008
204.000000000 666.678833008
203.000000000 705.629821777
202.000000000 705.629821777
201.000000000 740.503784180
200.000000000 740.503784180
199.000000000 792.913330078
198.000000000 792.913330078
197.000000000 862.583068848
196.000000000 913.097045898
195.000000000 967.112060547
194.000000000 1036.874511719
193.000000000 1100.000000000
192.000000000 1100.000000000
191.000000000 1100.000000000
190.000000000 1100.000000000
