260.000000000 488.680480957
259.000000000 488.680480957
258.000000000 488.680480957
257.000000000 488.680480957
256.000000000 488.680480957
255.000000000 488.680480957
254.000000000 488.680480957
253.000000000 488.680480957
252.000000000 488.680480957
251.000000000 488.680480957
250.000000000 488.680480957
249.000000000 488.680480957
248.000000000 488.680480957
247.000000000 488.680480957
246.000000000 488.680480957
245.000000000 488.680480957
244.000000000 488.680480957
243.000000000 488.680480957
242.000000000 514.132446289
241.000000000 514.132446289
240.000000000 514.132446289
239.000000000 514.132446289
238.000000000 514.132446289
237.000000000 514.132446289
236.000000000 514.132446289
235.000000000 514.132446289
234.000000000 514.132446289
233.000000000 514.132446289
232.000000000 514.132446289
231.000000000 514.132446289
230.000000000 539.807739258
229.000000000 539.807739258
228.000000000 539.807739258
227.000000000 539.807739258
226.000000000 539.807739258
225.000000000 539.807739258
224.000000000 539.807739258
223.000000000 539.807739258
222.000000000 539.807739258
221.000000000 567.325012207
220.000000000 567.325012207
219.000000000 567.325012207
218.000000000 567.325012207
217.000000000 567.325012207
216.000000000 567.325012207
215.000000000 567.325012207
214.000000000 598.682617188
213.000000000 598.682617188
212.000000000 598.682617188
211.000000000 598.682617188
210.000000000 631.561828613
209.000000000 631.561828613
208.000000000 631.561828613
207.000000000 669.161743164
206.000000000 669.161743164
205.000000000 669.161743164
204.000000000 710.917907715
203.000000000 710.917907715
202.000000000 750.396057129
201.000000000 750.396057129
200.000000000 805.945312500
199.000000000 845.982910156
198.000000000 890.684631348
197.000000000 947.455078125
196.000000000 1012.743896484
195.000000000 1098.649658203
194.000000000 1100.000000000
193.000000000 1100.000000000
192.000000000 1100.000000000
191.000000000 1100.000000000
190.000000000 1100.000000000
