260.000000000 488.680480957
259.000000000 488.680480957
258.000000000 488.680480957
257.000000000 488.680480957
256.000000000 488.680480957
255.000000000 488.680480957
254.000000000 488.680480957
253.000000000 488.680480957
252.000000000 488.680480957
251.000000000 488.680480957
250.000000000 488.680480957
249.000000000 488.680480957
248.000000000 488.680480957
247.000000000 488.680480957
246.000000000 488.680480957
245.000000000 488.680480957
244.000000000 488.680480957
243.000000000 488.680480957
242.000000000 515.504638672
241.000000000 515.504638672
240.000000000 515.504638672
239.000000000 515.504638672
238.000000000 515.504638672
237.000000000 515.504638672
236.000000000 515.504638672
235.000000000 515.504638672
234.000000000 515.504638672
233.000000000 515.504638672
232.000000000 515.504638672
231.000000000 515.504638672
230.000000000 515.504638672
229.000000000 544.576110840
228.000000000 544.576110840
227.000000000 544.576110840
226.000000000 544.576110840
225.000000000 544.576110840
224.000000000 544.576110840
223.000000000 544.576110840
222.000000000 544.576110840
221.000000000 544.576110840
220.000000000 573.209289551
219.000000000 573.209289551
218.000000000 573.209289551
217.000000000 573.209289551
216.000000000 573.209289551
215.000000000 573.209289551
214.000000000 601.693725586
213.000000000 601.693725586
212.000000000 601.693725586
211.000000000 601.693725586
210.000000000 640.641418457
209.000000000 640.641418457
208.000000000 640.641418457
207.000000000 681.332702637
206.000000000 681.332702637
205.000000000 681.332702637
204.000000000 731.580261230
203.000000000 731.580261230
202.000000000 776.125366211
201.000000000 776.125366211
200.000000000 844.488098145
199.000000000 898.733154297
198.000000000 957.199279785
197.000000000 1028.615356445
196.000000000 1100.000000000
195.000000000 1100.000000000
194.000000000 1100.000000000
193.000000000 1100.000000000
192.000000000 1100.000000000
191.000000000 1100.000000000
190.000000000 1100.000000000
