260.000000000 451.136840820
259.000000000 451.136840820
258.000000000 451.136840820
257.000000000 451.136840820
256.000000000 451.136840820
255.000000000 451.136840820
254.000000000 451.136840820
253.000000000 451.136840820
252.000000000 451.136840820
251.000000000 451.136840820
250.000000000 451.136840820
249.000000000 451.136840820
248.000000000 451.136840820
247.000000000 451.136840820
246.000000000 451.136840820
245.000000000 451.136840820
244.000000000 451.136840820
243.000000000 451.136840820
242.000000000 451.136840820
241.000000000 472.404479980
240.000000000 472.404479980
239.000000000 472.404479980
238.000000000 472.404479980
237.000000000 472.404479980
236.000000000 472.404479980
235.000000000 472.404479980
234.000000000 472.404479980
233.000000000 472.404479980
232.000000000 472.404479980
231.000000000 472.404479980
230.000000000 472.404479980
229.000000000 495.709381104
228.000000000 495.709381104
227.000000000 495.709381104
226.000000000 495.709381104
225.000000000 495.709381104
224.000000000 495.709381104
223.000000000 495.709381104
222.000000000 495.709381104
221.000000000 495.709381104
220.000000000 522.131286621
219.000000000 522.131286621
218.000000000 522.131286621
217.000000000 522.131286621
216.000000000 522.131286621
215.000000000 522.131286621
214.000000000 522.131286621
213.000000000 551.445922852
212.000000000 551.445922852
211.000000000 551.445922852
210.000000000 551.445922852
209.000000000 580.718322754
208.000000000 580.718322754
207.000000000 580.718322754
206.000000000 610.495788574
205.000000000 610.495788574
204.000000000 610.495788574
203.000000000 649.238464355
202.000000000 649.238464355
201.000000000 689.634399414
200.000000000 689.634399414
199.000000000 753.517944336
198.000000000 796.325012207
197.000000000 846.323791504
196.000000000 904.212646484
195.000000000 972.885009766
194.000000000 1050.020751953
193.000000000 1100.000000000
192.000000000 1100.000000000
191.000000000 1100.000000000
190.000000000 1100.000000000
