260.000000000 451.136840820
259.000000000 451.136840820
258.000000000 451.136840820
257.000000000 451.136840820
256.000000000 451.136840820
255.000000000 451.136840820
254.000000000 451.136840820
253.000000000 451.136840820
252.000000000 451.136840820
251.000000000 451.136840820
250.000000000 451.136840820
249.000000000 451.136840820
248.000000000 451.136840820
247.000000000 451.136840820
246.000000000 451.136840820
245.000000000 472.291412354
244.000000000 472.291412354
243.000000000 472.291412354
242.000000000 472.291412354
241.000000000 472.291412354
240.000000000 472.291412354
239.000000000 472.291412354
238.000000000 472.291412354
237.000000000 472.291412354
236.000000000 472.291412354
235.000000000 472.291412354
234.000000000 472.291412354
233.000000000 472.291412354
232.000000000 472.291412354
231.000000000 494.877960205
230.000000000 494.877960205
229.000000000 494.877960205
228.000000000 494.877960205
227.000000000 494.877960205
226.000000000 494.877960205
225.000000000 494.877960205
224.000000000 494.877960205
223.000000000 494.877960205
222.000000000 520.407897949
221.000000000 520.407897949
220.000000000 520.407897949
219.000000000 520.407897949
218.000000000 520.407897949
217.000000000 520.407897949
216.000000000 520.407897949
215.000000000 548.269958496
214.000000000 548.269958496
213.000000000 548.269958496
212.000000000 548.269958496
211.000000000 575.474487305
210.000000000 575.474487305
209.000000000 575.474487305
208.000000000 602.821899414
207.000000000 602.821899414
206.000000000 602.821899414
205.000000000 643.042419434
204.000000000 643.042419434
203.000000000 679.563537598
202.000000000 679.563537598
201.000000000 734.475280762
200.000000000 775.168518066
199.000000000 828.876586914
198.000000000 889.543945312
197.000000000 960.596008301
196.000000000 1049.263427734
195.000000000 1100.000000000
194.000000000 1100.000000000
193.000000000 1100.000000000
192.000000000 1100.000000000
191.000000000 1100.000000000
190.000000000 1100.000000000
