260.000000000 451.136840820
259.000000000 451.136840820
258.000000000 451.136840820
257.000000000 451.136840820
256.000000000 451.136840820
255.000000000 451.136840820
254.000000000 451.136840820
253.000000000 451.136840820
252.000000000 451.136840820
251.000000000 451.136840820
250.000000000 451.136840820
249.000000000 451.136840820
248.000000000 451.136840820
247.000000000 451.136840820
246.000000000 451.136840820
245.000000000 472.339752197
244.000000000 472.339752197
243.000000000 472.339752197
242.000000000 472.339752197
241.000000000 472.339752197
240.000000000 472.339752197
239.000000000 472.339752197
238.000000000 472.339752197
237.000000000 472.339752197
236.000000000 472.339752197
235.000000000 472.339752197
234.000000000 472.339752197
233.000000000 472.339752197
232.000000000 472.339752197
231.000000000 495.614868164
230.000000000 495.614868164
229.000000000 495.614868164
228.000000000 495.614868164
227.000000000 495.614868164
226.000000000 495.614868164
225.000000000 495.614868164
224.000000000 495.614868164
223.000000000 495.614868164
222.000000000 521.429626465
221.000000000 521.429626465
220.000000000 521.429626465
219.000000000 521.429626465
218.000000000 521.429626465
217.000000000 521.429626465
216.000000000 521.429626465
215.000000000 550.015991211
214.000000000 550.015991211
213.000000000 550.015991211
212.000000000 550.015991211
211.000000000 577.106750488
210.000000000 577.106750488
209.000000000 577.106750488
208.000000000 606.069641113
207.000000000 606.069641113
206.000000000 606.069641113
205.000000000 646.135620117
204.000000000 646.135620117
203.000000000 686.992614746
202.000000000 686.992614746
201.000000000 745.395996094
200.000000000 788.525756836
199.000000000 845.245178223
198.000000000 910.350280762
197.000000000 991.218627930
196.000000000 1085.425292969
195.000000000 1100.000000000
194.000000000 1100.000000000
193.000000000 1100.000000000
192.000000000 1100.000000000
191.000000000 1100.000000000
190.000000000 1100.000000000
