260.000000000 451.136840820
259.000000000 451.136840820
258.000000000 451.136840820
257.000000000 451.136840820
256.000000000 451.136840820
255.000000000 451.136840820
254.000000000 451.136840820
253.000000000 451.136840820
252.000000000 451.136840820
251.000000000 451.136840820
250.000000000 451.136840820
249.000000000 451.136840820
248.000000000 451.136840820
247.000000000 451.136840820
246.000000000 451.136840820
245.000000000 451.136840820
244.000000000 451.136840820
243.000000000 451.136840820
242.000000000 451.136840820
241.000000000 451.136840820
240.000000000 451.136840820
239.000000000 473.591125488
238.000000000 473.591125488
237.000000000 473.591125488
236.000000000 473.591125488
235.000000000 473.591125488
234.000000000 473.591125488
233.000000000 473.591125488
232.000000000 473.591125488
231.000000000 473.591125488
230.000000000 473.591125488
229.000000000 473.591125488
228.000000000 473.591125488
227.000000000 496.389923096
226.000000000 496.389923096
225.000000000 496.389923096
224.000000000 496.389923096
223.000000000 496.389923096
222.000000000 496.389923096
221.000000000 496.389923096
220.000000000 496.389923096
219.000000000 496.389923096
218.000000000 521.800964355
217.000000000 521.800964355
216.000000000 521.800964355
215.000000000 521.800964355
214.000000000 521.800964355
213.000000000 521.800964355
212.000000000 546.309143066
211.000000000 546.309143066
210.000000000 546.309143066
209.000000000 546.309143066
208.000000000 572.384155273
207.000000000 572.384155273
206.000000000 572.384155273
205.000000000 572.384155273
204.000000000 608.093261719
203.000000000 608.093261719
202.000000000 608.093261719
201.000000000 647.928100586
200.000000000 647.928100586
199.000000000 689.235717773
198.000000000 689.235717773
197.000000000 746.069641113
196.000000000 782.650878906
195.000000000 826.271057129
194.000000000 876.659912109
193.000000000 939.340148926
192.000000000 1018.614440918
191.000000000 1100.000000000
190.000000000 1100.000000000
