260.000000000 488.680480957
259.000000000 488.680480957
258.000000000 488.680480957
257.000000000 488.680480957
256.000000000 488.680480957
255.000000000 488.680480957
254.000000000 488.680480957
253.000000000 488.680480957
252.000000000 488.680480957
251.000000000 488.680480957
250.000000000 488.680480957
249.000000000 488.680480957
248.000000000 488.680480957
247.000000000 488.680480957
246.000000000 488.680480957
245.000000000 488.680480957
244.000000000 488.680480957
243.000000000 488.680480957
242.000000000 514.412536621
241.000000000 514.412536621
240.000000000 514.412536621
239.000000000 514.412536621
238.000000000 514.412536621
237.000000000 514.412536621
236.000000000 514.412536621
235.000000000 514.412536621
234.000000000 514.412536621
233.000000000 514.412536621
232.000000000 514.412536621
231.000000000 539.812072754
230.000000000 539.812072754
229.000000000 539.812072754
228.000000000 539.812072754
227.000000000 539.812072754
226.000000000 539.812072754
225.000000000 539.812072754
224.000000000 539.812072754
223.000000000 539.812072754
222.000000000 539.812072754
221.000000000 566.649658203
220.000000000 566.649658203
219.000000000 566.649658203
218.000000000 566.649658203
217.000000000 566.649658203
216.000000000 566.649658203
215.000000000 595.140869141
214.000000000 595.140869141
213.000000000 595.140869141
212.000000000 595.140869141
211.000000000 595.140869141
210.000000000 635.659362793
209.000000000 635.659362793
208.000000000 635.659362793
207.000000000 672.045654297
206.000000000 672.045654297
205.000000000 672.045654297
204.000000000 720.456298828
203.000000000 720.456298828
202.000000000 758.582702637
201.000000000 758.582702637
200.000000000 819.838867188
199.000000000 861.345947266
198.000000000 912.788208008
197.000000000 971.576660156
196.000000000 1043.978027344
195.000000000 1100.000000000
194.000000000 1100.000000000
193.000000000 1100.000000000
192.000000000 1100.000000000
191.000000000 1100.000000000
190.000000000 1100.000000000
