260.000000000 451.136840820
259.000000000 451.136840820
258.000000000 451.136840820
257.000000000 451.136840820
256.000000000 451.136840820
255.000000000 451.136840820
254.000000000 451.136840820
253.000000000 451.136840820
252.000000000 451.136840820
251.000000000 451.136840820
250.000000000 451.136840820
249.000000000 451.136840820
248.000000000 451.136840820
247.000000000 451.136840820
246.000000000 451.136840820
245.000000000 473.128387451
244.000000000 473.128387451
243.000000000 473.128387451
242.000000000 473.128387451
241.000000000 473.128387451
240.000000000 473.128387451
239.000000000 473.128387451
238.000000000 473.128387451
237.000000000 473.128387451
236.000000000 473.128387451
235.000000000 473.128387451
234.000000000 473.128387451
233.000000000 473.128387451
232.000000000 495.365783691
231.000000000 495.365783691
230.000000000 495.365783691
229.000000000 495.365783691
228.000000000 495.365783691
227.000000000 495.365783691
226.000000000 495.365783691
225.000000000 495.365783691
224.000000000 495.365783691
223.000000000 518.884582520
222.000000000 518.884582520
221.000000000 518.884582520
220.000000000 518.884582520
219.000000000 518.884582520
218.000000000 518.884582520
217.000000000 518.884582520
216.000000000 546.886230469
215.000000000 546.886230469
214.000000000 546.886230469
213.000000000 546.886230469
212.000000000 546.886230469
211.000000000 578.495544434
210.000000000 578.495544434
209.000000000 578.495544434
208.000000000 610.153869629
207.000000000 610.153869629
206.000000000 610.153869629
205.000000000 651.383544922
204.000000000 651.383544922
203.000000000 695.513061523
202.000000000 695.513061523
201.000000000 757.240722656
200.000000000 804.933959961
199.000000000 866.038635254
198.000000000 937.802429199
197.000000000 1023.900817871
196.000000000 1100.000000000
195.000000000 1100.000000000
194.000000000 1100.000000000
193.000000000 1100.000000000
192.000000000 1100.000000000
191.000000000 1100.000000000
190.000000000 1100.000000000
