260.000000000 451.136840820
259.000000000 451.136840820
258.000000000 451.136840820
257.000000000 451.136840820
256.000000000 451.136840820
255.000000000 451.136840820
254.000000000 451.136840820
253.000000000 451.136840820
252.000000000 451.136840820
251.000000000 451.136840820
250.000000000 451.136840820
249.000000000 451.136840820
248.000000000 451.136840820
247.000000000 451.136840820
246.000000000 451.136840820
245.000000000 451.136840820
244.000000000 451.136840820
243.000000000 451.136840820
242.000000000 451.136840820
241.000000000 451.136840820
240.000000000 473.294891357
239.000000000 473.294891357
238.000000000 473.294891357
237.000000000 473.294891357
236.000000000 473.294891357
235.000000000 473.294891357
234.000000000 473.294891357
233.000000000 473.294891357
232.000000000 473.294891357
231.000000000 473.294891357
230.000000000 473.294891357
229.000000000 473.294891357
228.000000000 498.041137695
227.000000000 498.041137695
226.000000000 498.041137695
225.000000000 498.041137695
224.000000000 498.041137695
223.000000000 498.041137695
222.000000000 498.041137695
221.000000000 498.041137695
220.000000000 498.041137695
219.000000000 522.197326660
218.000000000 522.197326660
217.000000000 522.197326660
216.000000000 522.197326660
215.000000000 522.197326660
214.000000000 522.197326660
213.000000000 547.670043945
212.000000000 547.670043945
211.000000000 547.670043945
210.000000000 547.670043945
209.000000000 575.486022949
208.000000000 575.486022949
207.000000000 575.486022949
206.000000000 602.707214355
205.000000000 602.707214355
204.000000000 602.707214355
203.000000000 639.542602539
202.000000000 639.542602539
201.000000000 677.809570312
200.000000000 677.809570312
199.000000000 735.262451172
198.000000000 774.925903320
197.000000000 819.451354980
196.000000000 873.939392090
195.000000000 935.611999512
194.000000000 1009.192932129
193.000000000 1096.744140625
192.000000000 1100.000000000
191.000000000 1100.000000000
190.000000000 1100.000000000
