260.000000000 451.136840820
259.000000000 451.136840820
258.000000000 451.136840820
257.000000000 451.136840820
256.000000000 451.136840820
255.000000000 451.136840820
254.000000000 451.136840820
253.000000000 451.136840820
252.000000000 451.136840820
251.000000000 451.136840820
250.000000000 451.136840820
249.000000000 451.136840820
248.000000000 451.136840820
247.000000000 451.136840820
246.000000000 451.136840820
245.000000000 451.136840820
244.000000000 451.136840820
243.000000000 451.136840820
242.000000000 451.136840820
241.000000000 451.136840820
240.000000000 451.136840820
239.000000000 473.092803955
238.000000000 473.092803955
237.000000000 473.092803955
236.000000000 473.092803955
235.000000000 473.092803955
234.000000000 473.092803955
233.000000000 473.092803955
232.000000000 473.092803955
231.000000000 473.092803955
230.000000000 473.092803955
229.000000000 473.092803955
228.000000000 473.092803955
227.000000000 496.918823242
226.000000000 496.918823242
225.000000000 496.918823242
224.000000000 496.918823242
223.000000000 496.918823242
222.000000000 496.918823242
221.000000000 496.918823242
220.000000000 496.918823242
219.000000000 496.918823242
218.000000000 522.745483398
217.000000000 522.745483398
216.000000000 522.745483398
215.000000000 522.745483398
214.000000000 522.745483398
213.000000000 522.745483398
212.000000000 547.578369141
211.000000000 547.578369141
210.000000000 547.578369141
209.000000000 547.578369141
208.000000000 573.955810547
207.000000000 573.955810547
206.000000000 573.955810547
205.000000000 573.955810547
204.000000000 611.890869141
203.000000000 611.890869141
202.000000000 611.890869141
201.000000000 652.578491211
200.000000000 652.578491211
199.000000000 697.826538086
198.000000000 697.826538086
197.000000000 758.740234375
196.000000000 799.026245117
195.000000000 842.285034180
194.000000000 896.401062012
193.000000000 965.136596680
192.000000000 1052.085083008
191.000000000 1100.000000000
190.000000000 1100.000000000
