260.000000000 451.136840820
259.000000000 451.136840820
258.000000000 451.136840820
257.000000000 451.136840820
256.000000000 451.136840820
255.000000000 451.136840820
254.000000000 451.136840820
253.000000000 451.136840820
252.000000000 451.136840820
251.000000000 451.136840820
250.000000000 451.136840820
249.000000000 451.136840820
248.000000000 451.136840820
247.000000000 451.136840820
246.000000000 451.136840820
245.000000000 451.136840820
244.000000000 451.136840820
243.000000000 451.136840820
242.000000000 451.136840820
241.000000000 451.136840820
240.000000000 451.136840820
239.000000000 472.433288574
238.000000000 472.433288574
237.000000000 472.433288574
236.000000000 472.433288574
235.000000000 472.433288574
234.000000000 472.433288574
233.000000000 472.433288574
232.000000000 472.433288574
231.000000000 472.433288574
230.000000000 472.433288574
229.000000000 472.433288574
228.000000000 494.666870117
227.000000000 494.666870117
226.000000000 494.666870117
225.000000000 494.666870117
224.000000000 494.666870117
223.000000000 494.666870117
222.000000000 494.666870117
221.000000000 494.666870117
220.000000000 494.666870117
219.000000000 518.654174805
218.000000000 518.654174805
217.000000000 518.654174805
216.000000000 518.654174805
215.000000000 518.654174805
214.000000000 518.654174805
213.000000000 518.654174805
212.000000000 544.012207031
211.000000000 544.012207031
210.000000000 544.012207031
209.000000000 544.012207031
208.000000000 571.054565430
207.000000000 571.054565430
206.000000000 571.054565430
205.000000000 571.054565430
204.000000000 606.016845703
203.000000000 606.016845703
202.000000000 606.016845703
201.000000000 643.803649902
200.000000000 643.803649902
199.000000000 684.051696777
198.000000000 684.051696777
197.000000000 736.245605469
196.000000000 736.245605469
195.000000000 807.739257812
194.000000000 855.539672852
193.000000000 913.589172363
192.000000000 981.164672852
191.000000000 1068.275146484
190.000000000 1100.000000000
