260.000000000 488.680480957
259.000000000 488.680480957
258.000000000 488.680480957
257.000000000 488.680480957
256.000000000 488.680480957
255.000000000 488.680480957
254.000000000 488.680480957
253.000000000 488.680480957
252.000000000 488.680480957
251.000000000 488.680480957
250.000000000 488.680480957
249.000000000 488.680480957
248.000000000 488.680480957
247.000000000 488.680480957
246.000000000 488.680480957
245.000000000 488.680480957
244.000000000 488.680480957
243.000000000 488.680480957
242.000000000 512.980651855
241.000000000 512.980651855
240.000000000 512.980651855
239.000000000 512.980651855
238.000000000 512.980651855
237.000000000 512.980651855
236.000000000 512.980651855
235.000000000 512.980651855
234.000000000 512.980651855
233.000000000 512.980651855
232.000000000 512.980651855
231.000000000 512.980651855
230.000000000 538.877929688
229.000000000 538.877929688
228.000000000 538.877929688
227.000000000 538.877929688
226.000000000 538.877929688
225.000000000 538.877929688
224.000000000 538.877929688
223.000000000 538.877929688
222.000000000 538.877929688
221.000000000 538.877929688
220.000000000 565.365539551
219.000000000 565.365539551
218.000000000 565.365539551
217.000000000 565.365539551
216.000000000 565.365539551
215.000000000 565.365539551
214.000000000 565.365539551
213.000000000 597.405761719
212.000000000 597.405761719
211.000000000 597.405761719
210.000000000 597.405761719
209.000000000 634.479614258
208.000000000 634.479614258
207.000000000 634.479614258
206.000000000 668.225952148
205.000000000 668.225952148
204.000000000 668.225952148
203.000000000 705.594055176
202.000000000 705.594055176
201.000000000 740.769958496
200.000000000 740.769958496
199.000000000 791.711303711
198.000000000 791.711303711
197.000000000 862.757080078
196.000000000 910.359741211
195.000000000 971.109924316
194.000000000 1038.758789062
193.000000000 1100.000000000
192.000000000 1100.000000000
191.000000000 1100.000000000
190.000000000 1100.000000000
