260.000000000 488.680480957
259.000000000 488.680480957
258.000000000 488.680480957
257.000000000 488.680480957
256.000000000 488.680480957
255.000000000 488.680480957
254.000000000 488.680480957
253.000000000 488.680480957
252.000000000 488.680480957
251.000000000 488.680480957
250.000000000 488.680480957
249.000000000 488.680480957
248.000000000 488.680480957
247.000000000 488.680480957
246.000000000 488.680480957
245.000000000 488.680480957
244.000000000 488.680480957
243.000000000 488.680480957
242.000000000 513.142211914
241.000000000 513.142211914
240.000000000 513.142211914
239.000000000 513.142211914
238.000000000 513.142211914
237.000000000 513.142211914
236.000000000 513.142211914
235.000000000 513.142211914
234.000000000 513.142211914
233.000000000 513.142211914
232.000000000 513.142211914
231.000000000 513.142211914
230.000000000 513.142211914
229.000000000 541.521484375
228.000000000 541.521484375
227.000000000 541.521484375
226.000000000 541.521484375
225.000000000 541.521484375
224.000000000 541.521484375
223.000000000 541.521484375
222.000000000 541.521484375
221.000000000 541.521484375
220.000000000 541.521484375
219.000000000 570.927917480
218.000000000 570.927917480
217.000000000 570.927917480
216.000000000 570.927917480
215.000000000 570.927917480
214.000000000 570.927917480
213.000000000 570.927917480
212.000000000 603.089355469
211.000000000 603.089355469
210.000000000 603.089355469
209.000000000 603.089355469
208.000000000 640.220947266
207.000000000 640.220947266
206.000000000 640.220947266
205.000000000 673.573974609
204.000000000 673.573974609
203.000000000 673.573974609
202.000000000 709.320373535
201.000000000 709.320373535
200.000000000 709.320373535
199.000000000 762.052551270
198.000000000 762.052551270
197.000000000 814.601135254
196.000000000 814.601135254
195.000000000 886.731506348
194.000000000 934.567016602
193.000000000 994.278259277
192.000000000 1064.273681641
191.000000000 1100.000000000
190.000000000 1100.000000000
