260.000000000 488.680480957
259.000000000 488.680480957
258.000000000 488.680480957
257.000000000 488.680480957
256.000000000 488.680480957
255.000000000 488.680480957
254.000000000 488.680480957
253.000000000 488.680480957
252.000000000 488.680480957
251.000000000 488.680480957
250.000000000 488.680480957
249.000000000 488.680480957
248.000000000 488.680480957
247.000000000 488.680480957
246.000000000 488.680480957
245.000000000 488.680480957
244.000000000 512.414001465
243.000000000 512.414001465
242.000000000 512.414001465
241.000000000 512.414001465
240.000000000 512.414001465
239.000000000 512.414001465
238.000000000 512.414001465
237.000000000 512.414001465
236.000000000 512.414001465
235.000000000 512.414001465
234.000000000 512.414001465
233.000000000 512.414001465
232.000000000 512.414001465
231.000000000 537.676086426
230.000000000 537.676086426
229.000000000 537.676086426
228.000000000 537.676086426
227.000000000 537.676086426
226.000000000 537.676086426
225.000000000 537.676086426
224.000000000 537.676086426
223.000000000 537.676086426
222.000000000 565.065063477
221.000000000 565.065063477
220.000000000 565.065063477
219.000000000 565.065063477
218.000000000 565.065063477
217.000000000 565.065063477
216.000000000 565.065063477
215.000000000 593.182861328
214.000000000 593.182861328
213.000000000 593.182861328
212.000000000 593.182861328
211.000000000 625.965454102
210.000000000 625.965454102
209.000000000 625.965454102
208.000000000 658.909057617
207.000000000 658.909057617
206.000000000 658.909057617
205.000000000 701.242248535
204.000000000 701.242248535
203.000000000 739.306945801
202.000000000 739.306945801
201.000000000 785.136108398
200.000000000 785.136108398
199.000000000 863.753845215
198.000000000 912.772277832
197.000000000 971.187500000
196.000000000 1049.629028320
195.000000000 1100.000000000
194.000000000 1100.000000000
193.000000000 1100.000000000
192.000000000 1100.000000000
191.000000000 1100.000000000
190.000000000 1100.000000000
