260.000000000 488.680480957
259.000000000 488.680480957
258.000000000 488.680480957
257.000000000 488.680480957
256.000000000 488.680480957
255.000000000 488.680480957
254.000000000 488.680480957
253.000000000 488.680480957
252.000000000 488.680480957
251.000000000 488.680480957
250.000000000 488.680480957
249.000000000 488.680480957
248.000000000 488.680480957
247.000000000 488.680480957
246.000000000 488.680480957
245.000000000 488.680480957
244.000000000 488.680480957
243.000000000 488.680480957
242.000000000 514.632629395
241.000000000 514.632629395
240.000000000 514.632629395
239.000000000 514.632629395
238.000000000 514.632629395
237.000000000 514.632629395
236.000000000 514.632629395
235.000000000 514.632629395
234.000000000 514.632629395
233.000000000 514.632629395
232.000000000 514.632629395
231.000000000 514.632629395
230.000000000 540.288330078
229.000000000 540.288330078
228.000000000 540.288330078
227.000000000 540.288330078
226.000000000 540.288330078
225.000000000 540.288330078
224.000000000 540.288330078
223.000000000 540.288330078
222.000000000 540.288330078
221.000000000 540.288330078
220.000000000 567.199035645
219.000000000 567.199035645
218.000000000 567.199035645
217.000000000 567.199035645
216.000000000 567.199035645
215.000000000 567.199035645
214.000000000 594.678405762
213.000000000 594.678405762
212.000000000 594.678405762
211.000000000 594.678405762
210.000000000 627.072570801
209.000000000 627.072570801
208.000000000 627.072570801
207.000000000 661.270996094
206.000000000 661.270996094
205.000000000 661.270996094
204.000000000 700.696411133
203.000000000 700.696411133
202.000000000 700.696411133
201.000000000 755.420166016
200.000000000 755.420166016
199.000000000 813.574340820
198.000000000 853.865295410
197.000000000 901.918395996
196.000000000 955.592651367
195.000000000 1024.416381836
194.000000000 1100.000000000
193.000000000 1100.000000000
192.000000000 1100.000000000
191.000000000 1100.000000000
190.000000000 1100.000000000
