260.000000000 488.680480957
259.000000000 488.680480957
258.000000000 488.680480957
257.000000000 488.680480957
256.000000000 488.680480957
255.000000000 488.680480957
254.000000000 488.680480957
253.000000000 488.680480957
252.000000000 488.680480957
251.000000000 488.680480957
250.000000000 488.680480957
249.000000000 488.680480957
248.000000000 488.680480957
247.000000000 488.680480957
246.000000000 488.680480957
245.000000000 488.680480957
244.000000000 512.992065430
243.000000000 512.992065430
242.000000000 512.992065430
241.000000000 512.992065430
240.000000000 512.992065430
239.000000000 512.992065430
238.000000000 512.992065430
237.000000000 512.992065430
236.000000000 512.992065430
235.000000000 512.992065430
234.000000000 512.992065430
233.000000000 512.992065430
232.000000000 538.533020020
231.000000000 538.533020020
230.000000000 538.533020020
229.000000000 538.533020020
228.000000000 538.533020020
227.000000000 538.533020020
226.000000000 538.533020020
225.000000000 538.533020020
224.000000000 538.533020020
223.000000000 565.076965332
222.000000000 565.076965332
221.000000000 565.076965332
220.000000000 565.076965332
219.000000000 565.076965332
218.000000000 565.076965332
217.000000000 565.076965332
216.000000000 594.156921387
215.000000000 594.156921387
214.000000000 594.156921387
213.000000000 594.156921387
212.000000000 625.980041504
211.000000000 625.980041504
210.000000000 625.980041504
209.000000000 663.777160645
208.000000000 663.777160645
207.000000000 696.502563477
206.000000000 696.502563477
205.000000000 735.099914551
204.000000000 735.099914551
203.000000000 785.496398926
202.000000000 785.496398926
201.000000000 857.589599609
200.000000000 915.166625977
199.000000000 982.519104004
198.000000000 1065.928833008
197.000000000 1100.000000000
196.000000000 1100.000000000
195.000000000 1100.000000000
194.000000000 1100.000000000
193.000000000 1100.000000000
192.000000000 1100.000000000
191.000000000 1100.000000000
190.000000000 1100.000000000
