260.000000000 488.680480957
259.000000000 488.680480957
258.000000000 488.680480957
257.000000000 488.680480957
256.000000000 488.680480957
255.000000000 488.680480957
254.000000000 488.680480957
253.000000000 488.680480957
252.000000000 488.680480957
251.000000000 488.680480957
250.000000000 488.680480957
249.000000000 488.680480957
248.000000000 488.680480957
247.000000000 488.680480957
246.000000000 488.680480957
245.000000000 488.680480957
244.000000000 488.680480957
243.000000000 488.680480957
242.000000000 488.680480957
241.000000000 515.810546875
240.000000000 515.810546875
239.000000000 515.810546875
238.000000000 515.810546875
237.000000000 515.810546875
236.000000000 515.810546875
235.000000000 515.810546875
234.000000000 515.810546875
233.000000000 515.810546875
232.000000000 515.810546875
231.000000000 515.810546875
230.000000000 515.810546875
229.000000000 541.309692383
228.000000000 541.309692383
227.000000000 541.309692383
226.000000000 541.309692383
225.000000000 541.309692383
224.000000000 541.309692383
223.000000000 541.309692383
222.000000000 541.309692383
221.000000000 541.309692383
220.000000000 541.309692383
219.000000000 568.596069336
218.000000000 568.596069336
217.000000000 568.596069336
216.000000000 568.596069336
215.000000000 568.596069336
214.000000000 568.596069336
213.000000000 568.596069336
212.000000000 602.513793945
211.000000000 602.513793945
210.000000000 602.513793945
209.000000000 602.513793945
208.000000000 640.232360840
207.000000000 640.232360840
206.000000000 640.232360840
205.000000000 672.509460449
204.000000000 672.509460449
203.000000000 672.509460449
202.000000000 708.562927246
201.000000000 708.562927246
200.000000000 743.941162109
199.000000000 743.941162109
198.000000000 791.977600098
197.000000000 791.977600098
196.000000000 857.077453613
195.000000000 903.808959961
194.000000000 954.667297363
193.000000000 1020.324951172
192.000000000 1100.000000000
191.000000000 1100.000000000
190.000000000 1100.000000000
