260.000000000 451.136840820
259.000000000 451.136840820
258.000000000 451.136840820
257.000000000 451.136840820
256.000000000 451.136840820
255.000000000 451.136840820
254.000000000 451.136840820
253.000000000 451.136840820
252.000000000 451.136840820
251.000000000 451.136840820
250.000000000 451.136840820
249.000000000 451.136840820
248.000000000 451.136840820
247.000000000 451.136840820
246.000000000 451.136840820
245.000000000 451.136840820
244.000000000 451.136840820
243.000000000 472.653808594
242.000000000 472.653808594
241.000000000 472.653808594
240.000000000 472.653808594
239.000000000 472.653808594
238.000000000 472.653808594
237.000000000 472.653808594
236.000000000 472.653808594
235.000000000 472.653808594
234.000000000 472.653808594
233.000000000 472.653808594
232.000000000 472.653808594
231.000000000 472.653808594
230.000000000 496.867340088
229.000000000 496.867340088
228.000000000 496.867340088
227.000000000 496.867340088
226.000000000 496.867340088
225.000000000 496.867340088
224.000000000 496.867340088
223.000000000 496.867340088
222.000000000 496.867340088
221.000000000 521.223632812
220.000000000 521.223632812
219.000000000 521.223632812
218.000000000 521.223632812
217.000000000 521.223632812
216.000000000 521.223632812
215.000000000 521.223632812
214.000000000 548.959716797
213.000000000 548.959716797
212.000000000 548.959716797
211.000000000 548.959716797
210.000000000 576.344787598
209.000000000 576.344787598
208.000000000 576.344787598
207.000000000 606.854003906
206.000000000 606.854003906
205.000000000 606.854003906
204.000000000 643.976013184
203.000000000 643.976013184
202.000000000 682.489013672
201.000000000 682.489013672
200.000000000 740.070861816
199.000000000 782.233093262
198.000000000 829.192382812
197.000000000 888.666870117
196.000000000 958.012451172
195.000000000 1040.618530273
194.000000000 1100.000000000
193.000000000 1100.000000000
192.000000000 1100.000000000
191.000000000 1100.000000000
190.000000000 1100.000000000
