260.000000000 451.136840820
259.000000000 451.136840820
258.000000000 451.136840820
257.000000000 451.136840820
256.000000000 451.136840820
255.000000000 451.136840820
254.000000000 451.136840820
253.000000000 451.136840820
252.000000000 451.136840820
251.000000000 451.136840820
250.000000000 451.136840820
249.000000000 451.136840820
248.000000000 451.136840820
247.000000000 451.136840820
246.000000000 451.136840820
245.000000000 451.136840820
244.000000000 451.136840820
243.000000000 451.136840820
242.000000000 451.136840820
241.000000000 451.136840820
240.000000000 451.136840820
239.000000000 472.763916016
238.000000000 472.763916016
237.000000000 472.763916016
236.000000000 472.763916016
235.000000000 472.763916016
234.000000000 472.763916016
233.000000000 472.763916016
232.000000000 472.763916016
231.000000000 472.763916016
230.000000000 472.763916016
229.000000000 472.763916016
228.000000000 494.871704102
227.000000000 494.871704102
226.000000000 494.871704102
225.000000000 494.871704102
224.000000000 494.871704102
223.000000000 494.871704102
222.000000000 494.871704102
221.000000000 494.871704102
220.000000000 494.871704102
219.000000000 494.871704102
218.000000000 521.518371582
217.000000000 521.518371582
216.000000000 521.518371582
215.000000000 521.518371582
214.000000000 521.518371582
213.000000000 521.518371582
212.000000000 521.518371582
211.000000000 549.648437500
210.000000000 549.648437500
209.000000000 549.648437500
208.000000000 549.648437500
207.000000000 578.321166992
206.000000000 578.321166992
205.000000000 578.321166992
204.000000000 578.321166992
203.000000000 614.756225586
202.000000000 614.756225586
201.000000000 614.756225586
200.000000000 658.055603027
199.000000000 658.055603027
198.000000000 702.885803223
197.000000000 702.885803223
196.000000000 758.426513672
195.000000000 795.130371094
194.000000000 839.475891113
193.000000000 890.858703613
192.000000000 958.494689941
191.000000000 1036.595092773
190.000000000 1100.000000000
