260.000000000 451.136840820
259.000000000 451.136840820
258.000000000 451.136840820
257.000000000 451.136840820
256.000000000 451.136840820
255.000000000 451.136840820
254.000000000 451.136840820
253.000000000 451.136840820
252.000000000 451.136840820
251.000000000 451.136840820
250.000000000 451.136840820
249.000000000 451.136840820
248.000000000 451.136840820
247.000000000 451.136840820
246.000000000 451.136840820
245.000000000 451.136840820
244.000000000 451.136840820
243.000000000 451.136840820
242.000000000 473.635589600
241.000000000 473.635589600
240.000000000 473.635589600
239.000000000 473.635589600
238.000000000 473.635589600
237.000000000 473.635589600
236.000000000 473.635589600
235.000000000 473.635589600
234.000000000 473.635589600
233.000000000 473.635589600
232.000000000 473.635589600
231.000000000 473.635589600
230.000000000 473.635589600
229.000000000 498.392425537
228.000000000 498.392425537
227.000000000 498.392425537
226.000000000 498.392425537
225.000000000 498.392425537
224.000000000 498.392425537
223.000000000 498.392425537
222.000000000 498.392425537
221.000000000 498.392425537
220.000000000 523.878173828
219.000000000 523.878173828
218.000000000 523.878173828
217.000000000 523.878173828
216.000000000 523.878173828
215.000000000 523.878173828
214.000000000 523.878173828
213.000000000 554.351867676
212.000000000 554.351867676
211.000000000 554.351867676
210.000000000 554.351867676
209.000000000 584.649780273
208.000000000 584.649780273
207.000000000 584.649780273
206.000000000 616.307250977
205.000000000 616.307250977
204.000000000 616.307250977
203.000000000 661.104309082
202.000000000 661.104309082
201.000000000 707.658508301
200.000000000 707.658508301
199.000000000 780.462341309
198.000000000 827.668518066
197.000000000 887.499755859
196.000000000 956.175781250
195.000000000 1036.687133789
194.000000000 1100.000000000
193.000000000 1100.000000000
192.000000000 1100.000000000
191.000000000 1100.000000000
190.000000000 1100.000000000
