260.000000000 451.136840820
259.000000000 451.136840820
258.000000000 451.136840820
257.000000000 451.136840820
256.000000000 451.136840820
255.000000000 451.136840820
254.000000000 451.136840820
253.000000000 451.136840820
252.000000000 451.136840820
251.000000000 451.136840820
250.000000000 451.136840820
249.000000000 451.136840820
248.000000000 451.136840820
247.000000000 451.136840820
246.000000000 451.136840820
245.000000000 451.136840820
244.000000000 472.383483887
243.000000000 472.383483887
242.000000000 472.383483887
241.000000000 472.383483887
240.000000000 472.383483887
239.000000000 472.383483887
238.000000000 472.383483887
237.000000000 472.383483887
236.000000000 472.383483887
235.000000000 472.383483887
234.000000000 472.383483887
233.000000000 472.383483887
232.000000000 472.383483887
231.000000000 494.823181152
230.000000000 494.823181152
229.000000000 494.823181152
228.000000000 494.823181152
227.000000000 494.823181152
226.000000000 494.823181152
225.000000000 494.823181152
224.000000000 494.823181152
223.000000000 494.823181152
222.000000000 518.989074707
221.000000000 518.989074707
220.000000000 518.989074707
219.000000000 518.989074707
218.000000000 518.989074707
217.000000000 518.989074707
216.000000000 518.989074707
215.000000000 545.818664551
214.000000000 545.818664551
213.000000000 545.818664551
212.000000000 545.818664551
211.000000000 572.200317383
210.000000000 572.200317383
209.000000000 572.200317383
208.000000000 599.933410645
207.000000000 599.933410645
206.000000000 599.933410645
205.000000000 636.757446289
204.000000000 636.757446289
203.000000000 672.578857422
202.000000000 672.578857422
201.000000000 725.006347656
200.000000000 761.303894043
199.000000000 809.727050781
198.000000000 864.804138184
197.000000000 934.250976562
196.000000000 1013.987976074
195.000000000 1100.000000000
194.000000000 1100.000000000
193.000000000 1100.000000000
192.000000000 1100.000000000
191.000000000 1100.000000000
190.000000000 1100.000000000
