260.000000000 451.136840820
259.000000000 451.136840820
258.000000000 451.136840820
257.000000000 451.136840820
256.000000000 451.136840820
255.000000000 451.136840820
254.000000000 451.136840820
253.000000000 451.136840820
252.000000000 451.136840820
251.000000000 451.136840820
250.000000000 451.136840820
249.000000000 451.136840820
248.000000000 451.136840820
247.000000000 451.136840820
246.000000000 451.136840820
245.000000000 451.136840820
244.000000000 451.136840820
243.000000000 451.136840820
242.000000000 451.136840820
241.000000000 451.136840820
240.000000000 451.136840820
239.000000000 473.829345703
238.000000000 473.829345703
237.000000000 473.829345703
236.000000000 473.829345703
235.000000000 473.829345703
234.000000000 473.829345703
233.000000000 473.829345703
232.000000000 473.829345703
231.000000000 473.829345703
230.000000000 473.829345703
229.000000000 473.829345703
228.000000000 473.829345703
227.000000000 497.565551758
226.000000000 497.565551758
225.000000000 497.565551758
224.000000000 497.565551758
223.000000000 497.565551758
222.000000000 497.565551758
221.000000000 497.565551758
220.000000000 497.565551758
219.000000000 497.565551758
218.000000000 522.529418945
217.000000000 522.529418945
216.000000000 522.529418945
215.000000000 522.529418945
214.000000000 522.529418945
213.000000000 522.529418945
212.000000000 522.529418945
211.000000000 553.126159668
210.000000000 553.126159668
209.000000000 553.126159668
208.000000000 553.126159668
207.000000000 581.620300293
206.000000000 581.620300293
205.000000000 581.620300293
204.000000000 611.061340332
203.000000000 611.061340332
202.000000000 611.061340332
201.000000000 652.778930664
200.000000000 652.778930664
199.000000000 698.518798828
198.000000000 698.518798828
197.000000000 759.582946777
196.000000000 798.438415527
195.000000000 844.207397461
194.000000000 899.080993652
193.000000000 969.178833008
192.000000000 1050.390747070
191.000000000 1100.000000000
190.000000000 1100.000000000
