260.000000000 488.680480957
259.000000000 488.680480957
258.000000000 488.680480957
257.000000000 488.680480957
256.000000000 488.680480957
255.000000000 488.680480957
254.000000000 488.680480957
253.000000000 488.680480957
252.000000000 488.680480957
251.000000000 488.680480957
250.000000000 488.680480957
249.000000000 488.680480957
248.000000000 488.680480957
247.000000000 488.680480957
246.000000000 488.680480957
245.000000000 488.680480957
244.000000000 488.680480957
243.000000000 512.600708008
242.000000000 512.600708008
241.000000000 512.600708008
240.000000000 512.600708008
239.000000000 512.600708008
238.000000000 512.600708008
237.000000000 512.600708008
236.000000000 512.600708008
235.000000000 512.600708008
234.000000000 512.600708008
233.000000000 512.600708008
232.000000000 512.600708008
231.000000000 538.424133301
230.000000000 538.424133301
229.000000000 538.424133301
228.000000000 538.424133301
227.000000000 538.424133301
226.000000000 538.424133301
225.000000000 538.424133301
224.000000000 538.424133301
223.000000000 538.424133301
222.000000000 538.424133301
221.000000000 566.245239258
220.000000000 566.245239258
219.000000000 566.245239258
218.000000000 566.245239258
217.000000000 566.245239258
216.000000000 566.245239258
215.000000000 566.245239258
214.000000000 598.679809570
213.000000000 598.679809570
212.000000000 598.679809570
211.000000000 598.679809570
210.000000000 633.732299805
209.000000000 633.732299805
208.000000000 633.732299805
207.000000000 669.609680176
206.000000000 669.609680176
205.000000000 669.609680176
204.000000000 711.950439453
203.000000000 711.950439453
202.000000000 748.595764160
201.000000000 748.595764160
200.000000000 807.800537109
199.000000000 807.800537109
198.000000000 893.048522949
197.000000000 948.814392090
196.000000000 1014.949584961
195.000000000 1099.380371094
194.000000000 1100.000000000
193.000000000 1100.000000000
192.000000000 1100.000000000
191.000000000 1100.000000000
190.000000000 1100.000000000
