260.000000000 488.680480957
259.000000000 488.680480957
258.000000000 488.680480957
257.000000000 488.680480957
256.000000000 488.680480957
255.000000000 488.680480957
254.000000000 488.680480957
253.000000000 488.680480957
252.000000000 488.680480957
251.000000000 488.680480957
250.000000000 488.680480957
249.000000000 488.680480957
248.000000000 488.680480957
247.000000000 488.680480957
246.000000000 488.680480957
245.000000000 488.680480957
244.000000000 488.680480957
243.000000000 514.843566895
242.000000000 514.843566895
241.000000000 514.843566895
240.000000000 514.843566895
239.000000000 514.843566895
238.000000000 514.843566895
237.000000000 514.843566895
236.000000000 514.843566895
235.000000000 514.843566895
234.000000000 514.843566895
233.000000000 514.843566895
232.000000000 514.843566895
231.000000000 514.843566895
230.000000000 539.947631836
229.000000000 539.947631836
228.000000000 539.947631836
227.000000000 539.947631836
226.000000000 539.947631836
225.000000000 539.947631836
224.000000000 539.947631836
223.000000000 539.947631836
222.000000000 539.947631836
221.000000000 568.431335449
220.000000000 568.431335449
219.000000000 568.431335449
218.000000000 568.431335449
217.000000000 568.431335449
216.000000000 568.431335449
215.000000000 568.431335449
214.000000000 602.175170898
213.000000000 602.175170898
212.000000000 602.175170898
211.000000000 602.175170898
210.000000000 639.512329102
209.000000000 639.512329102
208.000000000 639.512329102
207.000000000 676.112304688
206.000000000 676.112304688
205.000000000 676.112304688
204.000000000 727.145202637
203.000000000 727.145202637
202.000000000 767.073730469
201.000000000 767.073730469
200.000000000 834.052734375
199.000000000 877.773559570
198.000000000 936.176513672
197.000000000 1001.401611328
196.000000000 1076.555297852
195.000000000 1100.000000000
194.000000000 1100.000000000
193.000000000 1100.000000000
192.000000000 1100.000000000
191.000000000 1100.000000000
190.000000000 1100.000000000
