260.000000000 451.136840820
259.000000000 451.136840820
258.000000000 451.136840820
257.000000000 451.136840820
256.000000000 451.136840820
255.000000000 451.136840820
254.000000000 451.136840820
253.000000000 451.136840820
252.000000000 451.136840820
251.000000000 451.136840820
250.000000000 451.136840820
249.000000000 451.136840820
248.000000000 451.136840820
247.000000000 451.136840820
246.000000000 451.136840820
245.000000000 451.136840820
244.000000000 451.136840820
243.000000000 451.136840820
242.000000000 451.136840820
241.000000000 451.136840820
240.000000000 472.344757080
239.000000000 472.344757080
238.000000000 472.344757080
237.000000000 472.344757080
236.000000000 472.344757080
235.000000000 472.344757080
234.000000000 472.344757080
233.000000000 472.344757080
232.000000000 472.344757080
231.000000000 472.344757080
230.000000000 472.344757080
229.000000000 472.344757080
228.000000000 496.677612305
227.000000000 496.677612305
226.000000000 496.677612305
225.000000000 496.677612305
224.000000000 496.677612305
223.000000000 496.677612305
222.000000000 496.677612305
221.000000000 496.677612305
220.000000000 496.677612305
219.000000000 521.528320312
218.000000000 521.528320312
217.000000000 521.528320312
216.000000000 521.528320312
215.000000000 521.528320312
214.000000000 521.528320312
213.000000000 521.528320312
212.000000000 550.609619141
211.000000000 550.609619141
210.000000000 550.609619141
209.000000000 550.609619141
208.000000000 578.381896973
207.000000000 578.381896973
206.000000000 578.381896973
205.000000000 607.474426270
204.000000000 607.474426270
203.000000000 607.474426270
202.000000000 645.329956055
201.000000000 645.329956055
200.000000000 687.246459961
199.000000000 687.246459961
198.000000000 747.186462402
197.000000000 784.927917480
196.000000000 831.347045898
195.000000000 885.907531738
194.000000000 948.983886719
193.000000000 1027.715942383
192.000000000 1100.000000000
191.000000000 1100.000000000
190.000000000 1100.000000000
