260.000000000 488.680480957
259.000000000 488.680480957
258.000000000 488.680480957
257.000000000 488.680480957
256.000000000 488.680480957
255.000000000 488.680480957
254.000000000 488.680480957
253.000000000 488.680480957
252.000000000 488.680480957
251.000000000 488.680480957
250.000000000 488.680480957
249.000000000 488.680480957
248.000000000 488.680480957
247.000000000 488.680480957
246.000000000 488.680480957
245.000000000 488.680480957
244.000000000 488.680480957
243.000000000 488.680480957
242.000000000 488.680480957
241.000000000 514.211364746
240.000000000 514.211364746
239.000000000 514.211364746
238.000000000 514.211364746
237.000000000 514.211364746
236.000000000 514.211364746
235.000000000 514.211364746
234.000000000 514.211364746
233.000000000 514.211364746
232.000000000 514.211364746
231.000000000 514.211364746
230.000000000 514.211364746
229.000000000 539.059814453
228.000000000 539.059814453
227.000000000 539.059814453
226.000000000 539.059814453
225.000000000 539.059814453
224.000000000 539.059814453
223.000000000 539.059814453
222.000000000 539.059814453
221.000000000 539.059814453
220.000000000 567.007629395
219.000000000 567.007629395
218.000000000 567.007629395
217.000000000 567.007629395
216.000000000 567.007629395
215.000000000 567.007629395
214.000000000 567.007629395
213.000000000 598.058654785
212.000000000 598.058654785
211.000000000 598.058654785
210.000000000 598.058654785
209.000000000 629.525512695
208.000000000 629.525512695
207.000000000 629.525512695
206.000000000 664.141784668
205.000000000 664.141784668
204.000000000 664.141784668
203.000000000 700.329345703
202.000000000 700.329345703
201.000000000 700.329345703
200.000000000 750.795654297
199.000000000 750.795654297
198.000000000 800.572937012
197.000000000 800.572937012
196.000000000 874.283691406
195.000000000 924.443908691
194.000000000 982.144165039
193.000000000 1055.009033203
192.000000000 1100.000000000
191.000000000 1100.000000000
190.000000000 1100.000000000
