260.000000000 451.136840820
259.000000000 451.136840820
258.000000000 451.136840820
257.000000000 451.136840820
256.000000000 451.136840820
255.000000000 451.136840820
254.000000000 451.136840820
253.000000000 451.136840820
252.000000000 451.136840820
251.000000000 451.136840820
250.000000000 451.136840820
249.000000000 451.136840820
248.000000000 451.136840820
247.000000000 451.136840820
246.000000000 451.136840820
245.000000000 451.136840820
244.000000000 472.757171631
243.000000000 472.757171631
242.000000000 472.757171631
241.000000000 472.757171631
240.000000000 472.757171631
239.000000000 472.757171631
238.000000000 472.757171631
237.000000000 472.757171631
236.000000000 472.757171631
235.000000000 472.757171631
234.000000000 472.757171631
233.000000000 472.757171631
232.000000000 472.757171631
231.000000000 472.757171631
230.000000000 496.247070312
229.000000000 496.247070312
228.000000000 496.247070312
227.000000000 496.247070312
226.000000000 496.247070312
225.000000000 496.247070312
224.000000000 496.247070312
223.000000000 496.247070312
222.000000000 496.247070312
221.000000000 522.353088379
220.000000000 522.353088379
219.000000000 522.353088379
218.000000000 522.353088379
217.000000000 522.353088379
216.000000000 522.353088379
215.000000000 522.353088379
214.000000000 549.819458008
213.000000000 549.819458008
212.000000000 549.819458008
211.000000000 549.819458008
210.000000000 578.543090820
209.000000000 578.543090820
208.000000000 578.543090820
207.000000000 609.500976562
206.000000000 609.500976562
205.000000000 609.500976562
204.000000000 649.138061523
203.000000000 649.138061523
202.000000000 688.745971680
201.000000000 688.745971680
200.000000000 751.524719238
199.000000000 795.848754883
198.000000000 847.656127930
197.000000000 910.514465332
196.000000000 985.445617676
195.000000000 1073.514770508
194.000000000 1100.000000000
193.000000000 1100.000000000
192.000000000 1100.000000000
191.000000000 1100.000000000
190.000000000 1100.000000000
