260.000000000 488.680480957
259.000000000 488.680480957
258.000000000 488.680480957
257.000000000 488.680480957
256.000000000 488.680480957
255.000000000 488.680480957
254.000000000 488.680480957
253.000000000 488.680480957
252.000000000 488.680480957
251.000000000 488.680480957
250.000000000 488.680480957
249.000000000 488.680480957
248.000000000 488.680480957
247.000000000 488.680480957
246.000000000 488.680480957
245.000000000 488.680480957
244.000000000 488.680480957
243.000000000 488.680480957
242.000000000 488.680480957
241.000000000 515.759521484
240.000000000 515.759521484
239.000000000 515.759521484
238.000000000 515.759521484
237.000000000 515.759521484
236.000000000 515.759521484
235.000000000 515.759521484
234.000000000 515.759521484
233.000000000 515.759521484
232.000000000 515.759521484
231.000000000 515.759521484
230.000000000 515.759521484
229.000000000 515.759521484
228.000000000 544.558227539
227.000000000 544.558227539
226.000000000 544.558227539
225.000000000 544.558227539
224.000000000 544.558227539
223.000000000 544.558227539
222.000000000 544.558227539
221.000000000 544.558227539
220.000000000 544.558227539
219.000000000 572.626037598
218.000000000 572.626037598
217.000000000 572.626037598
216.000000000 572.626037598
215.000000000 572.626037598
214.000000000 572.626037598
213.000000000 572.626037598
212.000000000 609.703491211
211.000000000 609.703491211
210.000000000 609.703491211
209.000000000 609.703491211
208.000000000 648.701171875
207.000000000 648.701171875
206.000000000 648.701171875
205.000000000 683.010803223
204.000000000 683.010803223
203.000000000 683.010803223
202.000000000 728.952087402
201.000000000 728.952087402
200.000000000 772.618347168
199.000000000 772.618347168
198.000000000 840.751525879
197.000000000 883.570434570
196.000000000 933.076660156
195.000000000 997.633911133
194.000000000 1074.260009766
193.000000000 1100.000000000
192.000000000 1100.000000000
191.000000000 1100.000000000
190.000000000 1100.000000000
