260.000000000 451.136840820
259.000000000 451.136840820
258.000000000 451.136840820
257.000000000 451.136840820
256.000000000 451.136840820
255.000000000 451.136840820
254.000000000 451.136840820
253.000000000 451.136840820
252.000000000 451.136840820
251.000000000 451.136840820
250.000000000 451.136840820
249.000000000 451.136840820
248.000000000 451.136840820
247.000000000 451.136840820
246.000000000 451.136840820
245.000000000 451.136840820
244.000000000 451.136840820
243.000000000 451.136840820
242.000000000 451.136840820
241.000000000 451.136840820
240.000000000 472.992431641
239.000000000 472.992431641
238.000000000 472.992431641
237.000000000 472.992431641
236.000000000 472.992431641
235.000000000 472.992431641
234.000000000 472.992431641
233.000000000 472.992431641
232.000000000 472.992431641
231.000000000 472.992431641
230.000000000 472.992431641
229.000000000 495.449981689
228.000000000 495.449981689
227.000000000 495.449981689
226.000000000 495.449981689
225.000000000 495.449981689
224.000000000 495.449981689
223.000000000 495.449981689
222.000000000 495.449981689
221.000000000 495.449981689
220.000000000 520.706542969
219.000000000 520.706542969
218.000000000 520.706542969
217.000000000 520.706542969
216.000000000 520.706542969
215.000000000 520.706542969
214.000000000 520.706542969
213.000000000 547.741149902
212.000000000 547.741149902
211.000000000 547.741149902
210.000000000 547.741149902
209.000000000 575.258300781
208.000000000 575.258300781
207.000000000 575.258300781
206.000000000 603.194885254
205.000000000 603.194885254
204.000000000 603.194885254
203.000000000 640.550415039
202.000000000 640.550415039
201.000000000 678.770019531
200.000000000 678.770019531
199.000000000 735.899047852
198.000000000 775.164184570
197.000000000 819.607421875
196.000000000 873.993530273
195.000000000 934.973205566
194.000000000 1010.359497070
193.000000000 1099.029174805
192.000000000 1100.000000000
191.000000000 1100.000000000
190.000000000 1100.000000000
