260.000000000 488.680480957
259.000000000 488.680480957
258.000000000 488.680480957
257.000000000 488.680480957
256.000000000 488.680480957
255.000000000 488.680480957
254.000000000 488.680480957
253.000000000 488.680480957
252.000000000 488.680480957
251.000000000 488.680480957
250.000000000 488.680480957
249.000000000 488.680480957
248.000000000 488.680480957
247.000000000 488.680480957
246.000000000 488.680480957
245.000000000 488.680480957
244.000000000 488.680480957
243.000000000 488.680480957
242.000000000 488.680480957
241.000000000 515.092773438
240.000000000 515.092773438
239.000000000 515.092773438
238.000000000 515.092773438
237.000000000 515.092773438
236.000000000 515.092773438
235.000000000 515.092773438
234.000000000 515.092773438
233.000000000 515.092773438
232.000000000 515.092773438
231.000000000 515.092773438
230.000000000 515.092773438
229.000000000 515.092773438
228.000000000 543.764465332
227.000000000 543.764465332
226.000000000 543.764465332
225.000000000 543.764465332
224.000000000 543.764465332
223.000000000 543.764465332
222.000000000 543.764465332
221.000000000 543.764465332
220.000000000 543.764465332
219.000000000 543.764465332
218.000000000 573.275634766
217.000000000 573.275634766
216.000000000 573.275634766
215.000000000 573.275634766
214.000000000 573.275634766
213.000000000 573.275634766
212.000000000 602.983215332
211.000000000 602.983215332
210.000000000 602.983215332
209.000000000 602.983215332
208.000000000 643.769653320
207.000000000 643.769653320
206.000000000 643.769653320
205.000000000 677.310913086
204.000000000 677.310913086
203.000000000 677.310913086
202.000000000 715.809692383
201.000000000 715.809692383
200.000000000 755.404052734
199.000000000 755.404052734
198.000000000 811.843017578
197.000000000 811.843017578
196.000000000 893.857177734
195.000000000 943.674255371
194.000000000 1004.192260742
193.000000000 1088.271240234
192.000000000 1100.000000000
191.000000000 1100.000000000
190.000000000 1100.000000000
