260.000000000 451.136840820
259.000000000 451.136840820
258.000000000 451.136840820
257.000000000 451.136840820
256.000000000 451.136840820
255.000000000 451.136840820
254.000000000 451.136840820
253.000000000 451.136840820
252.000000000 451.136840820
251.000000000 451.136840820
250.000000000 451.136840820
249.000000000 451.136840820
248.000000000 451.136840820
247.000000000 451.136840820
246.000000000 451.136840820
245.000000000 451.136840820
244.000000000 451.136840820
243.000000000 451.136840820
242.000000000 451.136840820
241.000000000 451.136840820
240.000000000 473.571319580
239.000000000 473.571319580
238.000000000 473.571319580
237.000000000 473.571319580
236.000000000 473.571319580
235.000000000 473.571319580
234.000000000 473.571319580
233.000000000 473.571319580
232.000000000 473.571319580
231.000000000 473.571319580
230.000000000 473.571319580
229.000000000 473.571319580
228.000000000 473.571319580
227.000000000 498.610809326
226.000000000 498.610809326
225.000000000 498.610809326
224.000000000 498.610809326
223.000000000 498.610809326
222.000000000 498.610809326
221.000000000 498.610809326
220.000000000 498.610809326
219.000000000 522.732482910
218.000000000 522.732482910
217.000000000 522.732482910
216.000000000 522.732482910
215.000000000 522.732482910
214.000000000 522.732482910
213.000000000 522.732482910
212.000000000 551.779113770
211.000000000 551.779113770
210.000000000 551.779113770
209.000000000 551.779113770
208.000000000 581.073730469
207.000000000 581.073730469
206.000000000 581.073730469
205.000000000 610.166625977
204.000000000 610.166625977
203.000000000 610.166625977
202.000000000 651.655822754
201.000000000 651.655822754
200.000000000 693.943420410
199.000000000 693.943420410
198.000000000 760.371643066
197.000000000 801.646423340
196.000000000 852.042053223
195.000000000 909.895324707
194.000000000 980.291381836
193.000000000 1061.619262695
192.000000000 1100.000000000
191.000000000 1100.000000000
190.000000000 1100.000000000
