260.000000000 488.680480957
259.000000000 488.680480957
258.000000000 488.680480957
257.000000000 488.680480957
256.000000000 488.680480957
255.000000000 488.680480957
254.000000000 488.680480957
253.000000000 488.680480957
252.000000000 488.680480957
251.000000000 488.680480957
250.000000000 488.680480957
249.000000000 488.680480957
248.000000000 488.680480957
247.000000000 488.680480957
246.000000000 488.680480957
245.000000000 488.680480957
244.000000000 488.680480957
243.000000000 512.459655762
242.000000000 512.459655762
241.000000000 512.459655762
240.000000000 512.459655762
239.000000000 512.459655762
238.000000000 512.459655762
237.000000000 512.459655762
236.000000000 512.459655762
235.000000000 512.459655762
234.000000000 512.459655762
233.000000000 512.459655762
232.000000000 512.459655762
231.000000000 512.459655762
230.000000000 538.892089844
229.000000000 538.892089844
228.000000000 538.892089844
227.000000000 538.892089844
226.000000000 538.892089844
225.000000000 538.892089844
224.000000000 538.892089844
223.000000000 538.892089844
222.000000000 538.892089844
221.000000000 566.138366699
220.000000000 566.138366699
219.000000000 566.138366699
218.000000000 566.138366699
217.000000000 566.138366699
216.000000000 566.138366699
215.000000000 566.138366699
214.000000000 597.448364258
213.000000000 597.448364258
212.000000000 597.448364258
211.000000000 597.448364258
210.000000000 633.517211914
209.000000000 633.517211914
208.000000000 633.517211914
207.000000000 669.454895020
206.000000000 669.454895020
205.000000000 669.454895020
204.000000000 713.138427734
203.000000000 713.138427734
202.000000000 750.732910156
201.000000000 750.732910156
200.000000000 806.126403809
199.000000000 845.047729492
198.000000000 893.350097656
197.000000000 946.961120605
196.000000000 1016.439208984
195.000000000 1096.107421875
194.000000000 1100.000000000
193.000000000 1100.000000000
192.000000000 1100.000000000
191.000000000 1100.000000000
190.000000000 1100.000000000
