260.000000000 488.680480957
259.000000000 488.680480957
258.000000000 488.680480957
257.000000000 488.680480957
256.000000000 488.680480957
255.000000000 488.680480957
254.000000000 488.680480957
253.000000000 488.680480957
252.000000000 488.680480957
251.000000000 488.680480957
250.000000000 488.680480957
249.000000000 488.680480957
248.000000000 488.680480957
247.000000000 488.680480957
246.000000000 488.680480957
245.000000000 488.680480957
244.000000000 488.680480957
243.000000000 488.680480957
242.000000000 488.680480957
241.000000000 514.967712402
240.000000000 514.967712402
239.000000000 514.967712402
238.000000000 514.967712402
237.000000000 514.967712402
236.000000000 514.967712402
235.000000000 514.967712402
234.000000000 514.967712402
233.000000000 514.967712402
232.000000000 514.967712402
231.000000000 514.967712402
230.000000000 514.967712402
229.000000000 542.062744141
228.000000000 542.062744141
227.000000000 542.062744141
226.000000000 542.062744141
225.000000000 542.062744141
224.000000000 542.062744141
223.000000000 542.062744141
222.000000000 542.062744141
221.000000000 542.062744141
220.000000000 570.483398438
219.000000000 570.483398438
218.000000000 570.483398438
217.000000000 570.483398438
216.000000000 570.483398438
215.000000000 570.483398438
214.000000000 570.483398438
213.000000000 601.062561035
212.000000000 601.062561035
211.000000000 601.062561035
210.000000000 601.062561035
209.000000000 638.559814453
208.000000000 638.559814453
207.000000000 638.559814453
206.000000000 676.049438477
205.000000000 676.049438477
204.000000000 676.049438477
203.000000000 722.080627441
202.000000000 722.080627441
201.000000000 761.072875977
200.000000000 761.072875977
199.000000000 825.716491699
198.000000000 868.940490723
197.000000000 916.436462402
196.000000000 980.418579102
195.000000000 1058.728637695
194.000000000 1100.000000000
193.000000000 1100.000000000
192.000000000 1100.000000000
191.000000000 1100.000000000
190.000000000 1100.000000000
