260.000000000 451.136840820
259.000000000 451.136840820
258.000000000 451.136840820
257.000000000 451.136840820
256.000000000 451.136840820
255.000000000 451.136840820
254.000000000 451.136840820
253.000000000 451.136840820
252.000000000 451.136840820
251.000000000 451.136840820
250.000000000 451.136840820
249.000000000 451.136840820
248.000000000 451.136840820
247.000000000 451.136840820
246.000000000 451.136840820
245.000000000 451.136840820
244.000000000 451.136840820
243.000000000 451.136840820
242.000000000 451.136840820
241.000000000 451.136840820
240.000000000 472.519622803
239.000000000 472.519622803
238.000000000 472.519622803
237.000000000 472.519622803
236.000000000 472.519622803
235.000000000 472.519622803
234.000000000 472.519622803
233.000000000 472.519622803
232.000000000 472.519622803
231.000000000 472.519622803
230.000000000 472.519622803
229.000000000 472.519622803
228.000000000 495.901458740
227.000000000 495.901458740
226.000000000 495.901458740
225.000000000 495.901458740
224.000000000 495.901458740
223.000000000 495.901458740
222.000000000 495.901458740
221.000000000 495.901458740
220.000000000 495.901458740
219.000000000 519.133666992
218.000000000 519.133666992
217.000000000 519.133666992
216.000000000 519.133666992
215.000000000 519.133666992
214.000000000 519.133666992
213.000000000 519.133666992
212.000000000 547.948181152
211.000000000 547.948181152
210.000000000 547.948181152
209.000000000 547.948181152
208.000000000 575.541687012
207.000000000 575.541687012
206.000000000 575.541687012
205.000000000 602.915710449
204.000000000 602.915710449
203.000000000 602.915710449
202.000000000 641.314697266
201.000000000 641.314697266
200.000000000 679.451599121
199.000000000 679.451599121
198.000000000 735.996520996
197.000000000 735.996520996
196.000000000 813.384399414
195.000000000 863.328491211
194.000000000 920.720520020
193.000000000 995.989868164
192.000000000 1086.955444336
191.000000000 1100.000000000
190.000000000 1100.000000000
