260.000000000 488.680480957
259.000000000 488.680480957
258.000000000 488.680480957
257.000000000 488.680480957
256.000000000 488.680480957
255.000000000 488.680480957
254.000000000 488.680480957
253.000000000 488.680480957
252.000000000 488.680480957
251.000000000 488.680480957
250.000000000 488.680480957
249.000000000 488.680480957
248.000000000 488.680480957
247.000000000 488.680480957
246.000000000 488.680480957
245.000000000 488.680480957
244.000000000 488.680480957
243.000000000 513.372497559
242.000000000 513.372497559
241.000000000 513.372497559
240.000000000 513.372497559
239.000000000 513.372497559
238.000000000 513.372497559
237.000000000 513.372497559
236.000000000 513.372497559
235.000000000 513.372497559
234.000000000 513.372497559
233.000000000 513.372497559
232.000000000 513.372497559
231.000000000 540.670593262
230.000000000 540.670593262
229.000000000 540.670593262
228.000000000 540.670593262
227.000000000 540.670593262
226.000000000 540.670593262
225.000000000 540.670593262
224.000000000 540.670593262
223.000000000 540.670593262
222.000000000 540.670593262
221.000000000 571.750793457
220.000000000 571.750793457
219.000000000 571.750793457
218.000000000 571.750793457
217.000000000 571.750793457
216.000000000 571.750793457
215.000000000 571.750793457
214.000000000 605.210937500
213.000000000 605.210937500
212.000000000 605.210937500
211.000000000 605.210937500
210.000000000 645.274597168
209.000000000 645.274597168
208.000000000 645.274597168
207.000000000 689.199584961
206.000000000 689.199584961
205.000000000 689.199584961
204.000000000 742.524719238
203.000000000 742.524719238
202.000000000 793.179016113
201.000000000 833.278869629
200.000000000 877.541320801
199.000000000 935.738281250
198.000000000 1005.991271973
197.000000000 1094.763427734
196.000000000 1100.000000000
195.000000000 1100.000000000
194.000000000 1100.000000000
193.000000000 1100.000000000
192.000000000 1100.000000000
191.000000000 1100.000000000
190.000000000 1100.000000000
