260.000000000 488.680480957
259.000000000 488.680480957
258.000000000 488.680480957
257.000000000 488.680480957
256.000000000 488.680480957
255.000000000 488.680480957
254.000000000 488.680480957
253.000000000 488.680480957
252.000000000 488.680480957
251.000000000 488.680480957
250.000000000 488.680480957
249.000000000 488.680480957
248.000000000 488.680480957
247.000000000 488.680480957
246.000000000 488.680480957
245.000000000 488.680480957
244.000000000 488.680480957
243.000000000 514.431701660
242.000000000 514.431701660
241.000000000 514.431701660
240.000000000 514.431701660
239.000000000 514.431701660
238.000000000 514.431701660
237.000000000 514.431701660
236.000000000 514.431701660
235.000000000 514.431701660
234.000000000 514.431701660
233.000000000 514.431701660
232.000000000 514.431701660
231.000000000 539.382812500
230.000000000 539.382812500
229.000000000 539.382812500
228.000000000 539.382812500
227.000000000 539.382812500
226.000000000 539.382812500
225.000000000 539.382812500
224.000000000 539.382812500
223.000000000 539.382812500
222.000000000 539.382812500
221.000000000 566.662963867
220.000000000 566.662963867
219.000000000 566.662963867
218.000000000 566.662963867
217.000000000 566.662963867
216.000000000 566.662963867
215.000000000 594.966064453
214.000000000 594.966064453
213.000000000 594.966064453
212.000000000 594.966064453
211.000000000 624.622009277
210.000000000 624.622009277
209.000000000 624.622009277
208.000000000 661.222290039
207.000000000 661.222290039
206.000000000 661.222290039
205.000000000 701.437377930
204.000000000 701.437377930
203.000000000 737.953430176
202.000000000 737.953430176
201.000000000 785.914428711
200.000000000 785.914428711
199.000000000 860.862304688
198.000000000 910.688476562
197.000000000 971.929809570
196.000000000 1045.701782227
195.000000000 1100.000000000
194.000000000 1100.000000000
193.000000000 1100.000000000
192.000000000 1100.000000000
191.000000000 1100.000000000
190.000000000 1100.000000000
