260.000000000 488.680480957
259.000000000 488.680480957
258.000000000 488.680480957
257.000000000 488.680480957
256.000000000 488.680480957
255.000000000 488.680480957
254.000000000 488.680480957
253.000000000 488.680480957
252.000000000 488.680480957
251.000000000 488.680480957
250.000000000 488.680480957
249.000000000 488.680480957
248.000000000 488.680480957
247.000000000 488.680480957
246.000000000 488.680480957
245.000000000 488.680480957
244.000000000 512.396728516
243.000000000 512.396728516
242.000000000 512.396728516
241.000000000 512.396728516
240.000000000 512.396728516
239.000000000 512.396728516
238.000000000 512.396728516
237.000000000 512.396728516
236.000000000 512.396728516
235.000000000 512.396728516
234.000000000 512.396728516
233.000000000 512.396728516
232.000000000 512.396728516
231.000000000 540.545288086
230.000000000 540.545288086
229.000000000 540.545288086
228.000000000 540.545288086
227.000000000 540.545288086
226.000000000 540.545288086
225.000000000 540.545288086
224.000000000 540.545288086
223.000000000 540.545288086
222.000000000 568.737304688
221.000000000 568.737304688
220.000000000 568.737304688
219.000000000 568.737304688
218.000000000 568.737304688
217.000000000 568.737304688
216.000000000 568.737304688
215.000000000 601.905456543
214.000000000 601.905456543
213.000000000 601.905456543
212.000000000 601.905456543
211.000000000 638.514953613
210.000000000 638.514953613
209.000000000 638.514953613
208.000000000 677.540649414
207.000000000 677.540649414
206.000000000 713.159301758
205.000000000 713.159301758
204.000000000 756.913574219
203.000000000 756.913574219
202.000000000 815.994079590
201.000000000 856.076416016
200.000000000 910.369079590
199.000000000 983.658081055
198.000000000 1063.999511719
197.000000000 1100.000000000
196.000000000 1100.000000000
195.000000000 1100.000000000
194.000000000 1100.000000000
193.000000000 1100.000000000
192.000000000 1100.000000000
191.000000000 1100.000000000
190.000000000 1100.000000000
