260.000000000 451.136840820
259.000000000 451.136840820
258.000000000 451.136840820
257.000000000 451.136840820
256.000000000 451.136840820
255.000000000 451.136840820
254.000000000 451.136840820
253.000000000 451.136840820
252.000000000 451.136840820
251.000000000 451.136840820
250.000000000 451.136840820
249.000000000 451.136840820
248.000000000 451.136840820
247.000000000 451.136840820
246.000000000 451.136840820
245.000000000 451.136840820
244.000000000 451.136840820
243.000000000 473.033172607
242.000000000 473.033172607
241.000000000 473.033172607
240.000000000 473.033172607
239.000000000 473.033172607
238.000000000 473.033172607
237.000000000 473.033172607
236.000000000 473.033172607
235.000000000 473.033172607
234.000000000 473.033172607
233.000000000 473.033172607
232.000000000 473.033172607
231.000000000 473.033172607
230.000000000 495.892181396
229.000000000 495.892181396
228.000000000 495.892181396
227.000000000 495.892181396
226.000000000 495.892181396
225.000000000 495.892181396
224.000000000 495.892181396
223.000000000 495.892181396
222.000000000 495.892181396
221.000000000 520.464599609
220.000000000 520.464599609
219.000000000 520.464599609
218.000000000 520.464599609
217.000000000 520.464599609
216.000000000 520.464599609
215.000000000 520.464599609
214.000000000 547.274047852
213.000000000 547.274047852
212.000000000 547.274047852
211.000000000 547.274047852
210.000000000 574.913391113
209.000000000 574.913391113
208.000000000 574.913391113
207.000000000 574.913391113
206.000000000 612.684997559
205.000000000 612.684997559
204.000000000 612.684997559
203.000000000 655.431030273
202.000000000 655.431030273
201.000000000 698.061218262
200.000000000 698.061218262
199.000000000 767.221435547
198.000000000 812.235229492
197.000000000 864.778381348
196.000000000 927.005981445
195.000000000 1002.309387207
194.000000000 1092.056762695
193.000000000 1100.000000000
192.000000000 1100.000000000
191.000000000 1100.000000000
190.000000000 1100.000000000
