260.000000000 488.680480957
259.000000000 488.680480957
258.000000000 488.680480957
257.000000000 488.680480957
256.000000000 488.680480957
255.000000000 488.680480957
254.000000000 488.680480957
253.000000000 488.680480957
252.000000000 488.680480957
251.000000000 488.680480957
250.000000000 488.680480957
249.000000000 488.680480957
248.000000000 488.680480957
247.000000000 488.680480957
246.000000000 488.680480957
245.000000000 488.680480957
244.000000000 512.672790527
243.000000000 512.672790527
242.000000000 512.672790527
241.000000000 512.672790527
240.000000000 512.672790527
239.000000000 512.672790527
238.000000000 512.672790527
237.000000000 512.672790527
236.000000000 512.672790527
235.000000000 512.672790527
234.000000000 512.672790527
233.000000000 512.672790527
232.000000000 512.672790527
231.000000000 539.307861328
230.000000000 539.307861328
229.000000000 539.307861328
228.000000000 539.307861328
227.000000000 539.307861328
226.000000000 539.307861328
225.000000000 539.307861328
224.000000000 539.307861328
223.000000000 539.307861328
222.000000000 539.307861328
221.000000000 566.632385254
220.000000000 566.632385254
219.000000000 566.632385254
218.000000000 566.632385254
217.000000000 566.632385254
216.000000000 566.632385254
215.000000000 566.632385254
214.000000000 600.475402832
213.000000000 600.475402832
212.000000000 600.475402832
211.000000000 600.475402832
210.000000000 634.730041504
209.000000000 634.730041504
208.000000000 634.730041504
207.000000000 671.683044434
206.000000000 671.683044434
205.000000000 671.683044434
204.000000000 720.889709473
203.000000000 720.889709473
202.000000000 760.542663574
201.000000000 760.542663574
200.000000000 818.578674316
199.000000000 860.904235840
198.000000000 912.787170410
197.000000000 976.103759766
196.000000000 1049.347045898
195.000000000 1100.000000000
194.000000000 1100.000000000
193.000000000 1100.000000000
192.000000000 1100.000000000
191.000000000 1100.000000000
190.000000000 1100.000000000
