260.000000000 451.136840820
259.000000000 451.136840820
258.000000000 451.136840820
257.000000000 451.136840820
256.000000000 451.136840820
255.000000000 451.136840820
254.000000000 451.136840820
253.000000000 451.136840820
252.000000000 451.136840820
251.000000000 451.136840820
250.000000000 451.136840820
249.000000000 451.136840820
248.000000000 451.136840820
247.000000000 451.136840820
246.000000000 451.136840820
245.000000000 451.136840820
244.000000000 451.136840820
243.000000000 451.136840820
242.000000000 451.136840820
241.000000000 451.136840820
240.000000000 472.614440918
239.000000000 472.614440918
238.000000000 472.614440918
237.000000000 472.614440918
236.000000000 472.614440918
235.000000000 472.614440918
234.000000000 472.614440918
233.000000000 472.614440918
232.000000000 472.614440918
231.000000000 472.614440918
230.000000000 472.614440918
229.000000000 472.614440918
228.000000000 495.745239258
227.000000000 495.745239258
226.000000000 495.745239258
225.000000000 495.745239258
224.000000000 495.745239258
223.000000000 495.745239258
222.000000000 495.745239258
221.000000000 495.745239258
220.000000000 495.745239258
219.000000000 520.363830566
218.000000000 520.363830566
217.000000000 520.363830566
216.000000000 520.363830566
215.000000000 520.363830566
214.000000000 520.363830566
213.000000000 520.363830566
212.000000000 547.954711914
211.000000000 547.954711914
210.000000000 547.954711914
209.000000000 547.954711914
208.000000000 576.676269531
207.000000000 576.676269531
206.000000000 576.676269531
205.000000000 576.676269531
204.000000000 614.758300781
203.000000000 614.758300781
202.000000000 614.758300781
201.000000000 656.723876953
200.000000000 656.723876953
199.000000000 705.055603027
198.000000000 705.055603027
197.000000000 769.770324707
196.000000000 813.159057617
195.000000000 863.025024414
194.000000000 923.738769531
193.000000000 993.836120605
192.000000000 1089.049072266
191.000000000 1100.000000000
190.000000000 1100.000000000
