260.000000000 451.136840820
259.000000000 451.136840820
258.000000000 451.136840820
257.000000000 451.136840820
256.000000000 451.136840820
255.000000000 451.136840820
254.000000000 451.136840820
253.000000000 451.136840820
252.000000000 451.136840820
251.000000000 451.136840820
250.000000000 451.136840820
249.000000000 451.136840820
248.000000000 451.136840820
247.000000000 451.136840820
246.000000000 451.136840820
245.000000000 451.136840820
244.000000000 451.136840820
243.000000000 451.136840820
242.000000000 451.136840820
241.000000000 451.136840820
240.000000000 473.325225830
239.000000000 473.325225830
238.000000000 473.325225830
237.000000000 473.325225830
236.000000000 473.325225830
235.000000000 473.325225830
234.000000000 473.325225830
233.000000000 473.325225830
232.000000000 473.325225830
231.000000000 473.325225830
230.000000000 473.325225830
229.000000000 473.325225830
228.000000000 496.495208740
227.000000000 496.495208740
226.000000000 496.495208740
225.000000000 496.495208740
224.000000000 496.495208740
223.000000000 496.495208740
222.000000000 496.495208740
221.000000000 496.495208740
220.000000000 496.495208740
219.000000000 522.688232422
218.000000000 522.688232422
217.000000000 522.688232422
216.000000000 522.688232422
215.000000000 522.688232422
214.000000000 522.688232422
213.000000000 547.167724609
212.000000000 547.167724609
211.000000000 547.167724609
210.000000000 547.167724609
209.000000000 573.968383789
208.000000000 573.968383789
207.000000000 573.968383789
206.000000000 601.878967285
205.000000000 601.878967285
204.000000000 601.878967285
203.000000000 640.830993652
202.000000000 640.830993652
201.000000000 677.433471680
200.000000000 677.433471680
199.000000000 735.473022461
198.000000000 774.652160645
197.000000000 817.713073730
196.000000000 872.299377441
195.000000000 934.338134766
194.000000000 1008.176391602
193.000000000 1096.485351562
192.000000000 1100.000000000
191.000000000 1100.000000000
190.000000000 1100.000000000
