260.000000000 488.680480957
259.000000000 488.680480957
258.000000000 488.680480957
257.000000000 488.680480957
256.000000000 488.680480957
255.000000000 488.680480957
254.000000000 488.680480957
253.000000000 488.680480957
252.000000000 488.680480957
251.000000000 488.680480957
250.000000000 488.680480957
249.000000000 488.680480957
248.000000000 488.680480957
247.000000000 488.680480957
246.000000000 488.680480957
245.000000000 488.680480957
244.000000000 488.680480957
243.000000000 512.529296875
242.000000000 512.529296875
241.000000000 512.529296875
240.000000000 512.529296875
239.000000000 512.529296875
238.000000000 512.529296875
237.000000000 512.529296875
236.000000000 512.529296875
235.000000000 512.529296875
234.000000000 512.529296875
233.000000000 512.529296875
232.000000000 512.529296875
231.000000000 512.529296875
230.000000000 537.701416016
229.000000000 537.701416016
228.000000000 537.701416016
227.000000000 537.701416016
226.000000000 537.701416016
225.000000000 537.701416016
224.000000000 537.701416016
223.000000000 537.701416016
222.000000000 537.701416016
221.000000000 537.701416016
220.000000000 565.071411133
219.000000000 565.071411133
218.000000000 565.071411133
217.000000000 565.071411133
216.000000000 565.071411133
215.000000000 565.071411133
214.000000000 565.071411133
213.000000000 596.389099121
212.000000000 596.389099121
211.000000000 596.389099121
210.000000000 596.389099121
209.000000000 631.388061523
208.000000000 631.388061523
207.000000000 631.388061523
206.000000000 663.760803223
205.000000000 663.760803223
204.000000000 663.760803223
203.000000000 698.595214844
202.000000000 698.595214844
201.000000000 698.595214844
200.000000000 743.492126465
199.000000000 743.492126465
198.000000000 793.536682129
197.000000000 793.536682129
196.000000000 860.908081055
195.000000000 902.920654297
194.000000000 956.158874512
193.000000000 1025.264648438
192.000000000 1100.000000000
191.000000000 1100.000000000
190.000000000 1100.000000000
