260.000000000 451.136840820
259.000000000 451.136840820
258.000000000 451.136840820
257.000000000 451.136840820
256.000000000 451.136840820
255.000000000 451.136840820
254.000000000 451.136840820
253.000000000 451.136840820
252.000000000 451.136840820
251.000000000 451.136840820
250.000000000 451.136840820
249.000000000 451.136840820
248.000000000 451.136840820
247.000000000 451.136840820
246.000000000 451.136840820
245.000000000 451.136840820
244.000000000 472.832366943
243.000000000 472.832366943
242.000000000 472.832366943
241.000000000 472.832366943
240.000000000 472.832366943
239.000000000 472.832366943
238.000000000 472.832366943
237.000000000 472.832366943
236.000000000 472.832366943
235.000000000 472.832366943
234.000000000 472.832366943
233.000000000 472.832366943
232.000000000 472.832366943
231.000000000 472.832366943
230.000000000 497.172424316
229.000000000 497.172424316
228.000000000 497.172424316
227.000000000 497.172424316
226.000000000 497.172424316
225.000000000 497.172424316
224.000000000 497.172424316
223.000000000 497.172424316
222.000000000 520.664672852
221.000000000 520.664672852
220.000000000 520.664672852
219.000000000 520.664672852
218.000000000 520.664672852
217.000000000 520.664672852
216.000000000 520.664672852
215.000000000 547.200744629
214.000000000 547.200744629
213.000000000 547.200744629
212.000000000 547.200744629
211.000000000 547.200744629
210.000000000 580.465637207
209.000000000 580.465637207
208.000000000 580.465637207
207.000000000 613.068664551
206.000000000 613.068664551
205.000000000 613.068664551
204.000000000 653.793640137
203.000000000 653.793640137
202.000000000 696.186706543
201.000000000 696.186706543
200.000000000 761.096679688
199.000000000 811.090576172
198.000000000 868.369873047
197.000000000 934.222656250
196.000000000 1016.504211426
195.000000000 1100.000000000
194.000000000 1100.000000000
193.000000000 1100.000000000
192.000000000 1100.000000000
191.000000000 1100.000000000
190.000000000 1100.000000000
