260.000000000 451.136840820
259.000000000 451.136840820
258.000000000 451.136840820
257.000000000 451.136840820
256.000000000 451.136840820
255.000000000 451.136840820
254.000000000 451.136840820
253.000000000 451.136840820
252.000000000 451.136840820
251.000000000 451.136840820
250.000000000 451.136840820
249.000000000 451.136840820
248.000000000 451.136840820
247.000000000 451.136840820
246.000000000 451.136840820
245.000000000 451.136840820
244.000000000 451.136840820
243.000000000 451.136840820
242.000000000 451.136840820
241.000000000 451.136840820
240.000000000 451.136840820
239.000000000 473.240539551
238.000000000 473.240539551
237.000000000 473.240539551
236.000000000 473.240539551
235.000000000 473.240539551
234.000000000 473.240539551
233.000000000 473.240539551
232.000000000 473.240539551
231.000000000 473.240539551
230.000000000 473.240539551
229.000000000 473.240539551
228.000000000 496.032684326
227.000000000 496.032684326
226.000000000 496.032684326
225.000000000 496.032684326
224.000000000 496.032684326
223.000000000 496.032684326
222.000000000 496.032684326
221.000000000 496.032684326
220.000000000 496.032684326
219.000000000 519.839477539
218.000000000 519.839477539
217.000000000 519.839477539
216.000000000 519.839477539
215.000000000 519.839477539
214.000000000 519.839477539
213.000000000 519.839477539
212.000000000 547.535156250
211.000000000 547.535156250
210.000000000 547.535156250
209.000000000 547.535156250
208.000000000 576.301330566
207.000000000 576.301330566
206.000000000 576.301330566
205.000000000 576.301330566
204.000000000 614.923767090
203.000000000 614.923767090
202.000000000 614.923767090
201.000000000 658.144897461
200.000000000 658.144897461
199.000000000 705.367919922
198.000000000 705.367919922
197.000000000 770.461303711
196.000000000 813.089477539
195.000000000 864.872619629
194.000000000 924.625488281
193.000000000 997.583312988
192.000000000 1091.303833008
191.000000000 1100.000000000
190.000000000 1100.000000000
