260.000000000 451.136840820
259.000000000 451.136840820
258.000000000 451.136840820
257.000000000 451.136840820
256.000000000 451.136840820
255.000000000 451.136840820
254.000000000 451.136840820
253.000000000 451.136840820
252.000000000 451.136840820
251.000000000 451.136840820
250.000000000 451.136840820
249.000000000 451.136840820
248.000000000 451.136840820
247.000000000 451.136840820
246.000000000 451.136840820
245.000000000 451.136840820
244.000000000 451.136840820
243.000000000 451.136840820
242.000000000 451.136840820
241.000000000 451.136840820
240.000000000 451.136840820
239.000000000 472.518859863
238.000000000 472.518859863
237.000000000 472.518859863
236.000000000 472.518859863
235.000000000 472.518859863
234.000000000 472.518859863
233.000000000 472.518859863
232.000000000 472.518859863
231.000000000 472.518859863
230.000000000 472.518859863
229.000000000 472.518859863
228.000000000 472.518859863
227.000000000 497.743347168
226.000000000 497.743347168
225.000000000 497.743347168
224.000000000 497.743347168
223.000000000 497.743347168
222.000000000 497.743347168
221.000000000 497.743347168
220.000000000 497.743347168
219.000000000 497.743347168
218.000000000 497.743347168
217.000000000 523.726806641
216.000000000 523.726806641
215.000000000 523.726806641
214.000000000 523.726806641
213.000000000 523.726806641
212.000000000 523.726806641
211.000000000 549.542602539
210.000000000 549.542602539
209.000000000 549.542602539
208.000000000 549.542602539
207.000000000 578.237426758
206.000000000 578.237426758
205.000000000 578.237426758
204.000000000 578.237426758
203.000000000 614.609069824
202.000000000 614.609069824
201.000000000 614.609069824
200.000000000 659.021667480
199.000000000 659.021667480
198.000000000 702.248474121
197.000000000 702.248474121
196.000000000 757.877624512
195.000000000 795.132751465
194.000000000 837.672180176
193.000000000 890.636169434
192.000000000 953.328369141
191.000000000 1029.113525391
190.000000000 1100.000000000
