260.000000000 488.680480957
259.000000000 488.680480957
258.000000000 488.680480957
257.000000000 488.680480957
256.000000000 488.680480957
255.000000000 488.680480957
254.000000000 488.680480957
253.000000000 488.680480957
252.000000000 488.680480957
251.000000000 488.680480957
250.000000000 488.680480957
249.000000000 488.680480957
248.000000000 488.680480957
247.000000000 488.680480957
246.000000000 488.680480957
245.000000000 488.680480957
244.000000000 488.680480957
243.000000000 512.346618652
242.000000000 512.346618652
241.000000000 512.346618652
240.000000000 512.346618652
239.000000000 512.346618652
238.000000000 512.346618652
237.000000000 512.346618652
236.000000000 512.346618652
235.000000000 512.346618652
234.000000000 512.346618652
233.000000000 512.346618652
232.000000000 512.346618652
231.000000000 512.346618652
230.000000000 537.144653320
229.000000000 537.144653320
228.000000000 537.144653320
227.000000000 537.144653320
226.000000000 537.144653320
225.000000000 537.144653320
224.000000000 537.144653320
223.000000000 537.144653320
222.000000000 537.144653320
221.000000000 537.144653320
220.000000000 567.695922852
219.000000000 567.695922852
218.000000000 567.695922852
217.000000000 567.695922852
216.000000000 567.695922852
215.000000000 567.695922852
214.000000000 567.695922852
213.000000000 567.695922852
212.000000000 602.161193848
211.000000000 602.161193848
210.000000000 602.161193848
209.000000000 602.161193848
208.000000000 640.992431641
207.000000000 640.992431641
206.000000000 640.992431641
205.000000000 672.878723145
204.000000000 672.878723145
203.000000000 672.878723145
202.000000000 708.889648438
201.000000000 708.889648438
200.000000000 745.471374512
199.000000000 745.471374512
198.000000000 791.266723633
197.000000000 791.266723633
196.000000000 859.283264160
195.000000000 904.382080078
194.000000000 956.962829590
193.000000000 1023.247985840
192.000000000 1100.000000000
191.000000000 1100.000000000
190.000000000 1100.000000000
