260.000000000 451.136840820
259.000000000 451.136840820
258.000000000 451.136840820
257.000000000 451.136840820
256.000000000 451.136840820
255.000000000 451.136840820
254.000000000 451.136840820
253.000000000 451.136840820
252.000000000 451.136840820
251.000000000 451.136840820
250.000000000 451.136840820
249.000000000 451.136840820
248.000000000 451.136840820
247.000000000 451.136840820
246.000000000 451.136840820
245.000000000 451.136840820
244.000000000 451.136840820
243.000000000 451.136840820
242.000000000 451.136840820
241.000000000 451.136840820
240.000000000 472.747955322
239.000000000 472.747955322
238.000000000 472.747955322
237.000000000 472.747955322
236.000000000 472.747955322
235.000000000 472.747955322
234.000000000 472.747955322
233.000000000 472.747955322
232.000000000 472.747955322
231.000000000 472.747955322
230.000000000 472.747955322
229.000000000 472.747955322
228.000000000 496.108123779
227.000000000 496.108123779
226.000000000 496.108123779
225.000000000 496.108123779
224.000000000 496.108123779
223.000000000 496.108123779
222.000000000 496.108123779
221.000000000 496.108123779
220.000000000 496.108123779
219.000000000 521.166931152
218.000000000 521.166931152
217.000000000 521.166931152
216.000000000 521.166931152
215.000000000 521.166931152
214.000000000 521.166931152
213.000000000 521.166931152
212.000000000 549.120727539
211.000000000 549.120727539
210.000000000 549.120727539
209.000000000 549.120727539
208.000000000 578.321838379
207.000000000 578.321838379
206.000000000 578.321838379
205.000000000 606.025817871
204.000000000 606.025817871
203.000000000 606.025817871
202.000000000 645.730651855
201.000000000 645.730651855
200.000000000 686.018310547
199.000000000 686.018310547
198.000000000 745.634033203
197.000000000 785.923583984
196.000000000 828.896118164
195.000000000 884.015869141
194.000000000 951.097656250
193.000000000 1027.041870117
192.000000000 1100.000000000
191.000000000 1100.000000000
190.000000000 1100.000000000
