260.000000000 451.136840820
259.000000000 451.136840820
258.000000000 451.136840820
257.000000000 451.136840820
256.000000000 451.136840820
255.000000000 451.136840820
254.000000000 451.136840820
253.000000000 451.136840820
252.000000000 451.136840820
251.000000000 451.136840820
250.000000000 451.136840820
249.000000000 451.136840820
248.000000000 451.136840820
247.000000000 451.136840820
246.000000000 451.136840820
245.000000000 451.136840820
244.000000000 451.136840820
243.000000000 451.136840820
242.000000000 451.136840820
241.000000000 451.136840820
240.000000000 472.347808838
239.000000000 472.347808838
238.000000000 472.347808838
237.000000000 472.347808838
236.000000000 472.347808838
235.000000000 472.347808838
234.000000000 472.347808838
233.000000000 472.347808838
232.000000000 472.347808838
231.000000000 472.347808838
230.000000000 472.347808838
229.000000000 472.347808838
228.000000000 472.347808838
227.000000000 496.017272949
226.000000000 496.017272949
225.000000000 496.017272949
224.000000000 496.017272949
223.000000000 496.017272949
222.000000000 496.017272949
221.000000000 496.017272949
220.000000000 496.017272949
219.000000000 496.017272949
218.000000000 520.470092773
217.000000000 520.470092773
216.000000000 520.470092773
215.000000000 520.470092773
214.000000000 520.470092773
213.000000000 520.470092773
212.000000000 520.470092773
211.000000000 549.508361816
210.000000000 549.508361816
209.000000000 549.508361816
208.000000000 549.508361816
207.000000000 578.083007812
206.000000000 578.083007812
205.000000000 578.083007812
204.000000000 605.530883789
203.000000000 605.530883789
202.000000000 605.530883789
201.000000000 643.723205566
200.000000000 643.723205566
199.000000000 684.534729004
198.000000000 684.534729004
197.000000000 735.171630859
196.000000000 770.824584961
195.000000000 809.060363770
194.000000000 854.645324707
193.000000000 915.205993652
192.000000000 983.819030762
191.000000000 1069.613647461
190.000000000 1100.000000000
