260.000000000 488.680480957
259.000000000 488.680480957
258.000000000 488.680480957
257.000000000 488.680480957
256.000000000 488.680480957
255.000000000 488.680480957
254.000000000 488.680480957
253.000000000 488.680480957
252.000000000 488.680480957
251.000000000 488.680480957
250.000000000 488.680480957
249.000000000 488.680480957
248.000000000 488.680480957
247.000000000 488.680480957
246.000000000 488.680480957
245.000000000 488.680480957
244.000000000 488.680480957
243.000000000 488.680480957
242.000000000 513.927246094
241.000000000 513.927246094
240.000000000 513.927246094
239.000000000 513.927246094
238.000000000 513.927246094
237.000000000 513.927246094
236.000000000 513.927246094
235.000000000 513.927246094
234.000000000 513.927246094
233.000000000 513.927246094
232.000000000 513.927246094
231.000000000 513.927246094
230.000000000 513.927246094
229.000000000 541.055053711
228.000000000 541.055053711
227.000000000 541.055053711
226.000000000 541.055053711
225.000000000 541.055053711
224.000000000 541.055053711
223.000000000 541.055053711
222.000000000 541.055053711
221.000000000 541.055053711
220.000000000 567.488647461
219.000000000 567.488647461
218.000000000 567.488647461
217.000000000 567.488647461
216.000000000 567.488647461
215.000000000 567.488647461
214.000000000 567.488647461
213.000000000 595.790222168
212.000000000 595.790222168
211.000000000 595.790222168
210.000000000 595.790222168
209.000000000 630.277587891
208.000000000 630.277587891
207.000000000 630.277587891
206.000000000 662.666564941
205.000000000 662.666564941
204.000000000 662.666564941
203.000000000 696.787414551
202.000000000 696.787414551
201.000000000 696.787414551
200.000000000 745.447021484
199.000000000 745.447021484
198.000000000 793.965026855
197.000000000 793.965026855
196.000000000 857.590454102
195.000000000 902.290222168
194.000000000 957.694702148
193.000000000 1023.120605469
192.000000000 1100.000000000
191.000000000 1100.000000000
190.000000000 1100.000000000
