260.000000000 488.680480957
259.000000000 488.680480957
258.000000000 488.680480957
257.000000000 488.680480957
256.000000000 488.680480957
255.000000000 488.680480957
254.000000000 488.680480957
253.000000000 488.680480957
252.000000000 488.680480957
251.000000000 488.680480957
250.000000000 488.680480957
249.000000000 488.680480957
248.000000000 488.680480957
247.000000000 488.680480957
246.000000000 488.680480957
245.000000000 488.680480957
244.000000000 488.680480957
243.000000000 512.867919922
242.000000000 512.867919922
241.000000000 512.867919922
240.000000000 512.867919922
239.000000000 512.867919922
238.000000000 512.867919922
237.000000000 512.867919922
236.000000000 512.867919922
235.000000000 512.867919922
234.000000000 512.867919922
233.000000000 512.867919922
232.000000000 538.090881348
231.000000000 538.090881348
230.000000000 538.090881348
229.000000000 538.090881348
228.000000000 538.090881348
227.000000000 538.090881348
226.000000000 538.090881348
225.000000000 538.090881348
224.000000000 538.090881348
223.000000000 565.072204590
222.000000000 565.072204590
221.000000000 565.072204590
220.000000000 565.072204590
219.000000000 565.072204590
218.000000000 565.072204590
217.000000000 565.072204590
216.000000000 596.202697754
215.000000000 596.202697754
214.000000000 596.202697754
213.000000000 596.202697754
212.000000000 627.171569824
211.000000000 627.171569824
210.000000000 627.171569824
209.000000000 664.069335938
208.000000000 664.069335938
207.000000000 696.665893555
206.000000000 696.665893555
205.000000000 733.139160156
204.000000000 733.139160156
203.000000000 784.646484375
202.000000000 784.646484375
201.000000000 857.699645996
200.000000000 911.593383789
199.000000000 983.114074707
198.000000000 1066.687377930
197.000000000 1100.000000000
196.000000000 1100.000000000
195.000000000 1100.000000000
194.000000000 1100.000000000
193.000000000 1100.000000000
192.000000000 1100.000000000
191.000000000 1100.000000000
190.000000000 1100.000000000
