260.000000000 451.136840820
259.000000000 451.136840820
258.000000000 451.136840820
257.000000000 451.136840820
256.000000000 451.136840820
255.000000000 451.136840820
254.000000000 451.136840820
253.000000000 451.136840820
252.000000000 451.136840820
251.000000000 451.136840820
250.000000000 451.136840820
249.000000000 451.136840820
248.000000000 451.136840820
247.000000000 451.136840820
246.000000000 451.136840820
245.000000000 451.136840820
244.000000000 473.484588623
243.000000000 473.484588623
242.000000000 473.484588623
241.000000000 473.484588623
240.000000000 473.484588623
239.000000000 473.484588623
238.000000000 473.484588623
237.000000000 473.484588623
236.000000000 473.484588623
235.000000000 473.484588623
234.000000000 473.484588623
233.000000000 473.484588623
232.000000000 473.484588623
231.000000000 496.964935303
230.000000000 496.964935303
229.000000000 496.964935303
228.000000000 496.964935303
227.000000000 496.964935303
226.000000000 496.964935303
225.000000000 496.964935303
224.000000000 496.964935303
223.000000000 496.964935303
222.000000000 521.971740723
221.000000000 521.971740723
220.000000000 521.971740723
219.000000000 521.971740723
218.000000000 521.971740723
217.000000000 521.971740723
216.000000000 521.971740723
215.000000000 548.509887695
214.000000000 548.509887695
213.000000000 548.509887695
212.000000000 548.509887695
211.000000000 576.380065918
210.000000000 576.380065918
209.000000000 576.380065918
208.000000000 606.958984375
207.000000000 606.958984375
206.000000000 606.958984375
205.000000000 647.931640625
204.000000000 647.931640625
203.000000000 687.740234375
202.000000000 687.740234375
201.000000000 744.170837402
200.000000000 791.187255859
199.000000000 845.506591797
198.000000000 911.719726562
197.000000000 992.459411621
196.000000000 1087.806640625
195.000000000 1100.000000000
194.000000000 1100.000000000
193.000000000 1100.000000000
192.000000000 1100.000000000
191.000000000 1100.000000000
190.000000000 1100.000000000
