260.000000000 451.136840820
259.000000000 451.136840820
258.000000000 451.136840820
257.000000000 451.136840820
256.000000000 451.136840820
255.000000000 451.136840820
254.000000000 451.136840820
253.000000000 451.136840820
252.000000000 451.136840820
251.000000000 451.136840820
250.000000000 451.136840820
249.000000000 451.136840820
248.000000000 451.136840820
247.000000000 451.136840820
246.000000000 451.136840820
245.000000000 451.136840820
244.000000000 472.775054932
243.000000000 472.775054932
242.000000000 472.775054932
241.000000000 472.775054932
240.000000000 472.775054932
239.000000000 472.775054932
238.000000000 472.775054932
237.000000000 472.775054932
236.000000000 472.775054932
235.000000000 472.775054932
234.000000000 472.775054932
233.000000000 472.775054932
232.000000000 495.118255615
231.000000000 495.118255615
230.000000000 495.118255615
229.000000000 495.118255615
228.000000000 495.118255615
227.000000000 495.118255615
226.000000000 495.118255615
225.000000000 495.118255615
224.000000000 495.118255615
223.000000000 519.438720703
222.000000000 519.438720703
221.000000000 519.438720703
220.000000000 519.438720703
219.000000000 519.438720703
218.000000000 519.438720703
217.000000000 519.438720703
216.000000000 546.606323242
215.000000000 546.606323242
214.000000000 546.606323242
213.000000000 546.606323242
212.000000000 546.606323242
211.000000000 579.794738770
210.000000000 579.794738770
209.000000000 579.794738770
208.000000000 610.015625000
207.000000000 610.015625000
206.000000000 610.015625000
205.000000000 651.673217773
204.000000000 651.673217773
203.000000000 694.438476562
202.000000000 694.438476562
201.000000000 758.484069824
200.000000000 805.470214844
199.000000000 865.853820801
198.000000000 936.089355469
197.000000000 1024.188964844
196.000000000 1100.000000000
195.000000000 1100.000000000
194.000000000 1100.000000000
193.000000000 1100.000000000
192.000000000 1100.000000000
191.000000000 1100.000000000
190.000000000 1100.000000000
