260.000000000 488.680480957
259.000000000 488.680480957
258.000000000 488.680480957
257.000000000 488.680480957
256.000000000 488.680480957
255.000000000 488.680480957
254.000000000 488.680480957
253.000000000 488.680480957
252.000000000 488.680480957
251.000000000 488.680480957
250.000000000 488.680480957
249.000000000 488.680480957
248.000000000 488.680480957
247.000000000 488.680480957
246.000000000 488.680480957
245.000000000 488.680480957
244.000000000 488.680480957
243.000000000 488.680480957
242.000000000 515.202209473
241.000000000 515.202209473
240.000000000 515.202209473
239.000000000 515.202209473
238.000000000 515.202209473
237.000000000 515.202209473
236.000000000 515.202209473
235.000000000 515.202209473
234.000000000 515.202209473
233.000000000 515.202209473
232.000000000 515.202209473
231.000000000 515.202209473
230.000000000 541.679565430
229.000000000 541.679565430
228.000000000 541.679565430
227.000000000 541.679565430
226.000000000 541.679565430
225.000000000 541.679565430
224.000000000 541.679565430
223.000000000 541.679565430
222.000000000 541.679565430
221.000000000 570.730529785
220.000000000 570.730529785
219.000000000 570.730529785
218.000000000 570.730529785
217.000000000 570.730529785
216.000000000 570.730529785
215.000000000 570.730529785
214.000000000 602.413940430
213.000000000 602.413940430
212.000000000 602.413940430
211.000000000 602.413940430
210.000000000 641.273376465
209.000000000 641.273376465
208.000000000 641.273376465
207.000000000 683.044433594
206.000000000 683.044433594
205.000000000 718.074279785
204.000000000 718.074279785
203.000000000 757.295104980
202.000000000 757.295104980
201.000000000 819.256225586
200.000000000 861.388549805
199.000000000 916.677124023
198.000000000 981.989807129
197.000000000 1059.570800781
196.000000000 1100.000000000
195.000000000 1100.000000000
194.000000000 1100.000000000
193.000000000 1100.000000000
192.000000000 1100.000000000
191.000000000 1100.000000000
190.000000000 1100.000000000
