260.000000000 451.136840820
259.000000000 451.136840820
258.000000000 451.136840820
257.000000000 451.136840820
256.000000000 451.136840820
255.000000000 451.136840820
254.000000000 451.136840820
253.000000000 451.136840820
252.000000000 451.136840820
251.000000000 451.136840820
250.000000000 451.136840820
249.000000000 451.136840820
248.000000000 451.136840820
247.000000000 451.136840820
246.000000000 451.136840820
245.000000000 451.136840820
244.000000000 451.136840820
243.000000000 472.622650146
242.000000000 472.622650146
241.000000000 472.622650146
240.000000000 472.622650146
239.000000000 472.622650146
238.000000000 472.622650146
237.000000000 472.622650146
236.000000000 472.622650146
235.000000000 472.622650146
234.000000000 472.622650146
233.000000000 472.622650146
232.000000000 472.622650146
231.000000000 495.784088135
230.000000000 495.784088135
229.000000000 495.784088135
228.000000000 495.784088135
227.000000000 495.784088135
226.000000000 495.784088135
225.000000000 495.784088135
224.000000000 495.784088135
223.000000000 495.784088135
222.000000000 519.023559570
221.000000000 519.023559570
220.000000000 519.023559570
219.000000000 519.023559570
218.000000000 519.023559570
217.000000000 519.023559570
216.000000000 519.023559570
215.000000000 545.487670898
214.000000000 545.487670898
213.000000000 545.487670898
212.000000000 545.487670898
211.000000000 571.755004883
210.000000000 571.755004883
209.000000000 571.755004883
208.000000000 598.727966309
207.000000000 598.727966309
206.000000000 598.727966309
205.000000000 633.979675293
204.000000000 633.979675293
203.000000000 666.316955566
202.000000000 666.316955566
201.000000000 716.456909180
200.000000000 753.846069336
199.000000000 795.913024902
198.000000000 847.493713379
197.000000000 909.062133789
196.000000000 984.864746094
195.000000000 1076.707397461
194.000000000 1100.000000000
193.000000000 1100.000000000
192.000000000 1100.000000000
191.000000000 1100.000000000
190.000000000 1100.000000000
