260.000000000 488.680480957
259.000000000 488.680480957
258.000000000 488.680480957
257.000000000 488.680480957
256.000000000 488.680480957
255.000000000 488.680480957
254.000000000 488.680480957
253.000000000 488.680480957
252.000000000 488.680480957
251.000000000 488.680480957
250.000000000 488.680480957
249.000000000 488.680480957
248.000000000 488.680480957
247.000000000 488.680480957
246.000000000 488.680480957
245.000000000 488.680480957
244.000000000 488.680480957
243.000000000 488.680480957
242.000000000 515.105773926
241.000000000 515.105773926
240.000000000 515.105773926
239.000000000 515.105773926
238.000000000 515.105773926
237.000000000 515.105773926
236.000000000 515.105773926
235.000000000 515.105773926
234.000000000 515.105773926
233.000000000 515.105773926
232.000000000 515.105773926
231.000000000 515.105773926
230.000000000 540.515380859
229.000000000 540.515380859
228.000000000 540.515380859
227.000000000 540.515380859
226.000000000 540.515380859
225.000000000 540.515380859
224.000000000 540.515380859
223.000000000 540.515380859
222.000000000 566.867004395
221.000000000 566.867004395
220.000000000 566.867004395
219.000000000 566.867004395
218.000000000 566.867004395
217.000000000 566.867004395
216.000000000 566.867004395
215.000000000 601.434204102
214.000000000 601.434204102
213.000000000 601.434204102
212.000000000 601.434204102
211.000000000 633.961242676
210.000000000 633.961242676
209.000000000 633.961242676
208.000000000 674.028015137
207.000000000 674.028015137
206.000000000 707.498901367
205.000000000 707.498901367
204.000000000 750.145690918
203.000000000 750.145690918
202.000000000 806.173828125
201.000000000 845.568969727
200.000000000 893.997009277
199.000000000 961.275817871
198.000000000 1034.238891602
197.000000000 1100.000000000
196.000000000 1100.000000000
195.000000000 1100.000000000
194.000000000 1100.000000000
193.000000000 1100.000000000
192.000000000 1100.000000000
191.000000000 1100.000000000
190.000000000 1100.000000000
