260.000000000 488.680480957
259.000000000 488.680480957
258.000000000 488.680480957
257.000000000 488.680480957
256.000000000 488.680480957
255.000000000 488.680480957
254.000000000 488.680480957
253.000000000 488.680480957
252.000000000 488.680480957
251.000000000 488.680480957
250.000000000 488.680480957
249.000000000 488.680480957
248.000000000 488.680480957
247.000000000 488.680480957
246.000000000 488.680480957
245.000000000 488.680480957
244.000000000 488.680480957
243.000000000 488.680480957
242.000000000 513.561157227
241.000000000 513.561157227
240.000000000 513.561157227
239.000000000 513.561157227
238.000000000 513.561157227
237.000000000 513.561157227
236.000000000 513.561157227
235.000000000 513.561157227
234.000000000 513.561157227
233.000000000 513.561157227
232.000000000 513.561157227
231.000000000 513.561157227
230.000000000 513.561157227
229.000000000 539.734558105
228.000000000 539.734558105
227.000000000 539.734558105
226.000000000 539.734558105
225.000000000 539.734558105
224.000000000 539.734558105
223.000000000 539.734558105
222.000000000 539.734558105
221.000000000 539.734558105
220.000000000 539.734558105
219.000000000 568.852722168
218.000000000 568.852722168
217.000000000 568.852722168
216.000000000 568.852722168
215.000000000 568.852722168
214.000000000 568.852722168
213.000000000 568.852722168
212.000000000 602.084960938
211.000000000 602.084960938
210.000000000 602.084960938
209.000000000 602.084960938
208.000000000 641.347961426
207.000000000 641.347961426
206.000000000 641.347961426
205.000000000 673.883789062
204.000000000 673.883789062
203.000000000 673.883789062
202.000000000 708.727294922
201.000000000 708.727294922
200.000000000 708.727294922
199.000000000 761.972290039
198.000000000 761.972290039
197.000000000 811.963562012
196.000000000 811.963562012
195.000000000 887.080200195
194.000000000 935.999877930
193.000000000 993.736206055
192.000000000 1062.213867188
191.000000000 1100.000000000
190.000000000 1100.000000000
