260.000000000 488.680480957
259.000000000 488.680480957
258.000000000 488.680480957
257.000000000 488.680480957
256.000000000 488.680480957
255.000000000 488.680480957
254.000000000 488.680480957
253.000000000 488.680480957
252.000000000 488.680480957
251.000000000 488.680480957
250.000000000 488.680480957
249.000000000 488.680480957
248.000000000 488.680480957
247.000000000 488.680480957
246.000000000 488.680480957
245.000000000 488.680480957
244.000000000 513.447692871
243.000000000 513.447692871
242.000000000 513.447692871
241.000000000 513.447692871
240.000000000 513.447692871
239.000000000 513.447692871
238.000000000 513.447692871
237.000000000 513.447692871
236.000000000 513.447692871
235.000000000 513.447692871
234.000000000 513.447692871
233.000000000 513.447692871
232.000000000 538.368591309
231.000000000 538.368591309
230.000000000 538.368591309
229.000000000 538.368591309
228.000000000 538.368591309
227.000000000 538.368591309
226.000000000 538.368591309
225.000000000 538.368591309
224.000000000 538.368591309
223.000000000 565.197814941
222.000000000 565.197814941
221.000000000 565.197814941
220.000000000 565.197814941
219.000000000 565.197814941
218.000000000 565.197814941
217.000000000 565.197814941
216.000000000 596.626403809
215.000000000 596.626403809
214.000000000 596.626403809
213.000000000 596.626403809
212.000000000 627.425292969
211.000000000 627.425292969
210.000000000 627.425292969
209.000000000 662.807250977
208.000000000 662.807250977
207.000000000 695.611083984
206.000000000 695.611083984
205.000000000 732.250000000
204.000000000 732.250000000
203.000000000 785.430480957
202.000000000 785.430480957
201.000000000 856.953063965
200.000000000 912.217346191
199.000000000 984.464050293
198.000000000 1066.681518555
197.000000000 1100.000000000
196.000000000 1100.000000000
195.000000000 1100.000000000
194.000000000 1100.000000000
193.000000000 1100.000000000
192.000000000 1100.000000000
191.000000000 1100.000000000
190.000000000 1100.000000000
