260.000000000 451.136840820
259.000000000 451.136840820
258.000000000 451.136840820
257.000000000 451.136840820
256.000000000 451.136840820
255.000000000 451.136840820
254.000000000 451.136840820
253.000000000 451.136840820
252.000000000 451.136840820
251.000000000 451.136840820
250.000000000 451.136840820
249.000000000 451.136840820
248.000000000 451.136840820
247.000000000 451.136840820
246.000000000 451.136840820
245.000000000 451.136840820
244.000000000 451.136840820
243.000000000 472.989685059
242.000000000 472.989685059
241.000000000 472.989685059
240.000000000 472.989685059
239.000000000 472.989685059
238.000000000 472.989685059
237.000000000 472.989685059
236.000000000 472.989685059
235.000000000 472.989685059
234.000000000 472.989685059
233.000000000 472.989685059
232.000000000 472.989685059
231.000000000 472.989685059
230.000000000 497.087280273
229.000000000 497.087280273
228.000000000 497.087280273
227.000000000 497.087280273
226.000000000 497.087280273
225.000000000 497.087280273
224.000000000 497.087280273
223.000000000 497.087280273
222.000000000 497.087280273
221.000000000 522.450927734
220.000000000 522.450927734
219.000000000 522.450927734
218.000000000 522.450927734
217.000000000 522.450927734
216.000000000 522.450927734
215.000000000 522.450927734
214.000000000 550.317810059
213.000000000 550.317810059
212.000000000 550.317810059
211.000000000 550.317810059
210.000000000 579.311706543
209.000000000 579.311706543
208.000000000 579.311706543
207.000000000 608.971313477
206.000000000 608.971313477
205.000000000 608.971313477
204.000000000 649.190429688
203.000000000 649.190429688
202.000000000 687.932922363
201.000000000 687.932922363
200.000000000 749.575256348
199.000000000 794.999389648
198.000000000 846.977478027
197.000000000 908.635253906
196.000000000 982.549499512
195.000000000 1078.114379883
194.000000000 1100.000000000
193.000000000 1100.000000000
192.000000000 1100.000000000
191.000000000 1100.000000000
190.000000000 1100.000000000
