260.000000000 488.680480957
259.000000000 488.680480957
258.000000000 488.680480957
257.000000000 488.680480957
256.000000000 488.680480957
255.000000000 488.680480957
254.000000000 488.680480957
253.000000000 488.680480957
252.000000000 488.680480957
251.000000000 488.680480957
250.000000000 488.680480957
249.000000000 488.680480957
248.000000000 488.680480957
247.000000000 488.680480957
246.000000000 488.680480957
245.000000000 488.680480957
244.000000000 488.680480957
243.000000000 488.680480957
242.000000000 514.185363770
241.000000000 514.185363770
240.000000000 514.185363770
239.000000000 514.185363770
238.000000000 514.185363770
237.000000000 514.185363770
236.000000000 514.185363770
235.000000000 514.185363770
234.000000000 514.185363770
233.000000000 514.185363770
232.000000000 514.185363770
231.000000000 514.185363770
230.000000000 514.185363770
229.000000000 541.626525879
228.000000000 541.626525879
227.000000000 541.626525879
226.000000000 541.626525879
225.000000000 541.626525879
224.000000000 541.626525879
223.000000000 541.626525879
222.000000000 541.626525879
221.000000000 541.626525879
220.000000000 568.419128418
219.000000000 568.419128418
218.000000000 568.419128418
217.000000000 568.419128418
216.000000000 568.419128418
215.000000000 568.419128418
214.000000000 568.419128418
213.000000000 599.484863281
212.000000000 599.484863281
211.000000000 599.484863281
210.000000000 599.484863281
209.000000000 635.375915527
208.000000000 635.375915527
207.000000000 635.375915527
206.000000000 672.417114258
205.000000000 672.417114258
204.000000000 672.417114258
203.000000000 711.029418945
202.000000000 711.029418945
201.000000000 746.595764160
200.000000000 746.595764160
199.000000000 804.629760742
198.000000000 804.629760742
197.000000000 880.345764160
196.000000000 932.071838379
195.000000000 996.132385254
194.000000000 1069.543334961
193.000000000 1100.000000000
192.000000000 1100.000000000
191.000000000 1100.000000000
190.000000000 1100.000000000
