260.000000000 451.136840820
259.000000000 451.136840820
258.000000000 451.136840820
257.000000000 451.136840820
256.000000000 451.136840820
255.000000000 451.136840820
254.000000000 451.136840820
253.000000000 451.136840820
252.000000000 451.136840820
251.000000000 451.136840820
250.000000000 451.136840820
249.000000000 451.136840820
248.000000000 451.136840820
247.000000000 451.136840820
246.000000000 451.136840820
245.000000000 451.136840820
244.000000000 451.136840820
243.000000000 451.136840820
242.000000000 472.426422119
241.000000000 472.426422119
240.000000000 472.426422119
239.000000000 472.426422119
238.000000000 472.426422119
237.000000000 472.426422119
236.000000000 472.426422119
235.000000000 472.426422119
234.000000000 472.426422119
233.000000000 472.426422119
232.000000000 472.426422119
231.000000000 472.426422119
230.000000000 495.168640137
229.000000000 495.168640137
228.000000000 495.168640137
227.000000000 495.168640137
226.000000000 495.168640137
225.000000000 495.168640137
224.000000000 495.168640137
223.000000000 495.168640137
222.000000000 495.168640137
221.000000000 518.922607422
220.000000000 518.922607422
219.000000000 518.922607422
218.000000000 518.922607422
217.000000000 518.922607422
216.000000000 518.922607422
215.000000000 518.922607422
214.000000000 546.035034180
213.000000000 546.035034180
212.000000000 546.035034180
211.000000000 546.035034180
210.000000000 572.098693848
209.000000000 572.098693848
208.000000000 572.098693848
207.000000000 598.904907227
206.000000000 598.904907227
205.000000000 598.904907227
204.000000000 635.478271484
203.000000000 635.478271484
202.000000000 667.739562988
201.000000000 667.739562988
200.000000000 720.574096680
199.000000000 756.025878906
198.000000000 796.127685547
197.000000000 846.168823242
196.000000000 903.688720703
195.000000000 969.611755371
194.000000000 1052.985473633
193.000000000 1100.000000000
192.000000000 1100.000000000
191.000000000 1100.000000000
190.000000000 1100.000000000
