260.000000000 451.136840820
259.000000000 451.136840820
258.000000000 451.136840820
257.000000000 451.136840820
256.000000000 451.136840820
255.000000000 451.136840820
254.000000000 451.136840820
253.000000000 451.136840820
252.000000000 451.136840820
251.000000000 451.136840820
250.000000000 451.136840820
249.000000000 451.136840820
248.000000000 451.136840820
247.000000000 451.136840820
246.000000000 451.136840820
245.000000000 451.136840820
244.000000000 451.136840820
243.000000000 473.694641113
242.000000000 473.694641113
241.000000000 473.694641113
240.000000000 473.694641113
239.000000000 473.694641113
238.000000000 473.694641113
237.000000000 473.694641113
236.000000000 473.694641113
235.000000000 473.694641113
234.000000000 473.694641113
233.000000000 473.694641113
232.000000000 473.694641113
231.000000000 473.694641113
230.000000000 496.912994385
229.000000000 496.912994385
228.000000000 496.912994385
227.000000000 496.912994385
226.000000000 496.912994385
225.000000000 496.912994385
224.000000000 496.912994385
223.000000000 496.912994385
222.000000000 496.912994385
221.000000000 522.447082520
220.000000000 522.447082520
219.000000000 522.447082520
218.000000000 522.447082520
217.000000000 522.447082520
216.000000000 522.447082520
215.000000000 522.447082520
214.000000000 549.534484863
213.000000000 549.534484863
212.000000000 549.534484863
211.000000000 549.534484863
210.000000000 578.615112305
209.000000000 578.615112305
208.000000000 578.615112305
207.000000000 608.242614746
206.000000000 608.242614746
205.000000000 608.242614746
204.000000000 647.995544434
203.000000000 647.995544434
202.000000000 688.111755371
201.000000000 688.111755371
200.000000000 751.798461914
199.000000000 796.111633301
198.000000000 847.881835938
197.000000000 908.942199707
196.000000000 987.116149902
195.000000000 1074.871582031
194.000000000 1100.000000000
193.000000000 1100.000000000
192.000000000 1100.000000000
191.000000000 1100.000000000
190.000000000 1100.000000000
