260.000000000 488.680480957
259.000000000 488.680480957
258.000000000 488.680480957
257.000000000 488.680480957
256.000000000 488.680480957
255.000000000 488.680480957
254.000000000 488.680480957
253.000000000 488.680480957
252.000000000 488.680480957
251.000000000 488.680480957
250.000000000 488.680480957
249.000000000 488.680480957
248.000000000 488.680480957
247.000000000 488.680480957
246.000000000 488.680480957
245.000000000 488.680480957
244.000000000 488.680480957
243.000000000 488.680480957
242.000000000 512.781433105
241.000000000 512.781433105
240.000000000 512.781433105
239.000000000 512.781433105
238.000000000 512.781433105
237.000000000 512.781433105
236.000000000 512.781433105
235.000000000 512.781433105
234.000000000 512.781433105
233.000000000 512.781433105
232.000000000 512.781433105
231.000000000 512.781433105
230.000000000 538.289489746
229.000000000 538.289489746
228.000000000 538.289489746
227.000000000 538.289489746
226.000000000 538.289489746
225.000000000 538.289489746
224.000000000 538.289489746
223.000000000 538.289489746
222.000000000 538.289489746
221.000000000 538.289489746
220.000000000 565.203735352
219.000000000 565.203735352
218.000000000 565.203735352
217.000000000 565.203735352
216.000000000 565.203735352
215.000000000 565.203735352
214.000000000 565.203735352
213.000000000 596.691650391
212.000000000 596.691650391
211.000000000 596.691650391
210.000000000 596.691650391
209.000000000 629.233642578
208.000000000 629.233642578
207.000000000 629.233642578
206.000000000 664.282836914
205.000000000 664.282836914
204.000000000 664.282836914
203.000000000 697.987304688
202.000000000 697.987304688
201.000000000 697.987304688
200.000000000 750.447204590
199.000000000 750.447204590
198.000000000 801.463623047
197.000000000 801.463623047
196.000000000 874.411743164
195.000000000 923.785827637
194.000000000 980.088256836
193.000000000 1052.678588867
192.000000000 1100.000000000
191.000000000 1100.000000000
190.000000000 1100.000000000
