260.000000000 1.340663744
259.000000000 0.424319596
258.000000000 -0.135338320
257.000000000 0.803915210
256.000000000 0.203016976
255.000000000 1.230020207
254.000000000 0.053857063
253.000000000 0.497211929
252.000000000 -1.381618400
251.000000000 0.072968073
250.000000000 0.831631733
249.000000000 -0.554184918
248.000000000 -1.200911597
247.000000000 -0.988754520
246.000000000 0.232813359
245.000000000 0.302617226
244.000000000 -1.426426926
243.000000000 0.206456983
242.000000000 -0.247752970
241.000000000 -1.178825329
240.000000000 -2.028926444
239.000000000 -1.670753577
238.000000000 -1.433328224
237.000000000 -0.889708067
236.000000000 -3.947859364
235.000000000 -2.851230687
234.000000000 -4.720145478
233.000000000 -4.725509908
232.000000000 -5.358445840
231.000000000 -3.378507469
230.000000000 -7.314818433
229.000000000 -5.547292962
228.000000000 -6.441213884
227.000000000 -8.217875573
226.000000000 -8.972246084
225.000000000 -9.438328976
224.000000000 -9.590450710
223.000000000 -8.677637342
222.000000000 -10.071578093
221.000000000 -7.080510147
220.000000000 -9.857691568
219.000000000 -9.363563675
218.000000000 -10.077296745
217.000000000 -11.073747034
216.000000000 -8.164253648
215.000000000 -7.549980567
214.000000000 -11.393813324
213.000000000 -10.509756637
212.000000000 -10.526942529
211.000000000 -9.831030224
210.000000000 -5.615962969
209.000000000 -9.296816251
208.000000000 -8.307904935
207.000000000 -6.568590122
206.000000000 -8.820905181
205.000000000 -9.676528289
204.000000000 -2.542646641
203.000000000 -1.583098916
202.000000000 -0.291691390
201.000000000 -0.078198125
200.000000000 11.559120894
199.000000000 6.954392630
198.000000000 10.370106326
197.000000000 11.384130282
196.000000000 21.443853688
195.000000000 -0.494029356
194.000000000 -7.035833541
193.000000000 28.483775289
192.000000000 -4.482734364
191.000000000 82.335768632
190.000000000 57.126328300
