260.000000000 2.838003840
259.000000000 3.188897590
258.000000000 1.328112728
257.000000000 0.991794847
256.000000000 0.942269138
255.000000000 2.540975837
254.000000000 2.314805080
253.000000000 3.115766907
252.000000000 1.406353585
251.000000000 0.923643254
250.000000000 2.765496473
249.000000000 1.529199030
248.000000000 2.439209695
247.000000000 1.494174886
246.000000000 1.411669135
245.000000000 0.709767112
244.000000000 1.020594534
243.000000000 0.785214150
242.000000000 1.014159734
241.000000000 3.693858523
240.000000000 -0.518815221
239.000000000 -0.959939269
238.000000000 -0.386930024
237.000000000 -0.054889254
236.000000000 -0.786682494
235.000000000 0.638565454
234.000000000 -2.392548211
233.000000000 -2.529842895
232.000000000 -4.591775467
231.000000000 -4.257861528
230.000000000 -4.097757054
229.000000000 -3.388805954
228.000000000 -3.378047856
227.000000000 -4.495398882
226.000000000 -7.717927542
225.000000000 -6.261836807
224.000000000 -8.782360108
223.000000000 -6.277373209
222.000000000 -8.450285467
221.000000000 -7.844956812
220.000000000 -8.820718015
219.000000000 -8.992672250
218.000000000 -7.649294413
217.000000000 -7.358489885
216.000000000 -7.000488856
215.000000000 -7.045302041
214.000000000 -6.894511290
213.000000000 -7.306887752
212.000000000 -5.407297689
211.000000000 -4.441867597
210.000000000 -5.264242438
209.000000000 -6.933429406
208.000000000 -3.474461598
207.000000000 -3.145409924
206.000000000 -5.154763952
205.000000000 -8.579013611
204.000000000 0.029924292
203.000000000 4.737564700
202.000000000 3.812074728
201.000000000 3.076139322
200.000000000 6.803874452
199.000000000 7.170319505
198.000000000 12.312157819
197.000000000 17.574866276
196.000000000 19.802312525
195.000000000 12.158125687
194.000000000 24.486840715
193.000000000 35.180565248
192.000000000 52.373252088
191.000000000 -7.967577905
190.000000000 73.874053883
