260.000000000 1.220151115
259.000000000 1.238683059
258.000000000 -0.147279835
257.000000000 1.102430538
256.000000000 0.825184535
255.000000000 -0.454238525
254.000000000 -0.500244916
253.000000000 1.425669045
252.000000000 1.440700309
251.000000000 1.080453764
250.000000000 -1.041480039
249.000000000 0.098963216
248.000000000 -0.464866223
247.000000000 0.422906467
246.000000000 1.045127521
245.000000000 0.178456851
244.000000000 -0.973259150
243.000000000 0.317798337
242.000000000 0.971032516
241.000000000 -0.407938375
240.000000000 -1.666968935
239.000000000 -1.206130216
238.000000000 -1.019122764
237.000000000 -1.374106794
236.000000000 -2.395904357
235.000000000 -3.543448822
234.000000000 -3.716419606
233.000000000 -6.497761005
232.000000000 -4.858853646
231.000000000 -4.774929518
230.000000000 -6.571760111
229.000000000 -7.754014095
228.000000000 -5.920515113
227.000000000 -7.636779010
226.000000000 -7.186767349
225.000000000 -9.246798568
224.000000000 -8.755392083
223.000000000 -6.773944340
222.000000000 -8.128339895
221.000000000 -8.571878073
220.000000000 -8.126902528
219.000000000 -9.873347095
218.000000000 -9.239349073
217.000000000 -12.462701516
216.000000000 -11.351306360
215.000000000 -11.017223173
214.000000000 -8.230042410
213.000000000 -10.114010186
212.000000000 -10.346731940
211.000000000 -7.618247837
210.000000000 -11.005058272
209.000000000 -4.338010075
208.000000000 -9.110524222
207.000000000 -4.017918628
206.000000000 -8.684608850
205.000000000 -4.225618953
204.000000000 -7.455241172
203.000000000 -3.524706689
202.000000000 1.226636634
201.000000000 1.562058808
200.000000000 0.246132441
199.000000000 5.005187454
198.000000000 10.815597004
197.000000000 19.312211556
196.000000000 16.677890069
195.000000000 33.380723443
194.000000000 11.020372232
193.000000000 15.922667924
192.000000000 38.352621794
191.000000000 43.192712219
190.000000000 84.776711978
