260.000000000 1.277129748
259.000000000 1.321565357
258.000000000 0.254107335
257.000000000 -0.814116696
256.000000000 -0.283995351
255.000000000 0.376285660
254.000000000 0.452200431
253.000000000 -0.281229096
252.000000000 0.421576237
251.000000000 1.557488476
250.000000000 0.321272374
249.000000000 1.108168107
248.000000000 -0.842601446
247.000000000 -1.427822156
246.000000000 -0.990213835
245.000000000 0.084837743
244.000000000 -1.098372209
243.000000000 -1.578915405
242.000000000 -1.272829482
241.000000000 -0.646572396
240.000000000 -2.121882172
239.000000000 -2.121762142
238.000000000 -2.402385926
237.000000000 -2.178869560
236.000000000 -4.534624029
235.000000000 -3.048731498
234.000000000 -5.413022514
233.000000000 -3.829886121
232.000000000 -4.157275022
231.000000000 -4.497460807
230.000000000 -5.853990915
229.000000000 -5.839202226
228.000000000 -7.867146769
227.000000000 -7.451805954
226.000000000 -7.815576426
225.000000000 -6.069861396
224.000000000 -10.408262716
223.000000000 -7.685892662
222.000000000 -7.598798532
221.000000000 -10.906859995
220.000000000 -11.167824059
219.000000000 -11.322547762
218.000000000 -9.648838536
217.000000000 -10.459524737
216.000000000 -9.144642972
215.000000000 -12.441675941
214.000000000 -8.803074023
213.000000000 -6.619393643
212.000000000 -9.958154530
211.000000000 -6.392884357
210.000000000 -10.613113518
209.000000000 -6.863277108
208.000000000 -9.419622123
207.000000000 -9.726522254
206.000000000 -7.119949660
205.000000000 -9.736939031
204.000000000 -5.922691056
203.000000000 0.812178780
202.000000000 -4.640174640
201.000000000 -1.853447549
200.000000000 -2.759217373
199.000000000 0.707984543
198.000000000 1.814115342
197.000000000 8.797595650
196.000000000 11.551179204
195.000000000 12.429822817
194.000000000 26.209539348
193.000000000 -1.084486909
192.000000000 7.949050439
191.000000000 8.517571193
190.000000000 -38.130317587
