260.000000000 2.118267965
259.000000000 -0.306643018
258.000000000 -0.004384946
257.000000000 -0.571173342
256.000000000 -0.737042223
255.000000000 -0.253000112
254.000000000 -0.253098677
253.000000000 0.025888545
252.000000000 0.564595422
251.000000000 0.413672422
250.000000000 -0.072624815
249.000000000 1.067838792
248.000000000 -0.281977684
247.000000000 -1.106755907
246.000000000 -0.043599296
245.000000000 -0.923534124
244.000000000 0.628375826
243.000000000 -0.805204107
242.000000000 -1.247864690
241.000000000 -1.550131880
240.000000000 -1.636757847
239.000000000 -1.630164191
238.000000000 -1.800143368
237.000000000 -1.709568086
236.000000000 -1.981726863
235.000000000 -4.467330979
234.000000000 -3.844859312
233.000000000 -3.332746144
232.000000000 -4.500870027
231.000000000 -4.637325210
230.000000000 -7.020861514
229.000000000 -5.252396984
228.000000000 -9.755168233
227.000000000 -5.994561358
226.000000000 -7.565450177
225.000000000 -7.596819612
224.000000000 -9.446044989
223.000000000 -8.388363783
222.000000000 -10.664281584
221.000000000 -9.034278977
220.000000000 -9.395274492
219.000000000 -11.646184915
218.000000000 -7.230741057
217.000000000 -5.266383882
216.000000000 -8.094402644
215.000000000 -8.958850905
214.000000000 -10.312459858
213.000000000 -9.944563313
212.000000000 -10.162396124
211.000000000 -8.066990522
210.000000000 -11.284249988
209.000000000 -9.031469522
208.000000000 -7.092107992
207.000000000 -9.129285625
206.000000000 -7.432195979
205.000000000 -6.400223340
204.000000000 -4.144615856
203.000000000 -6.969914449
202.000000000 4.779519500
201.000000000 2.916803965
200.000000000 8.204843962
199.000000000 10.379846087
198.000000000 8.474712726
197.000000000 6.723841078
196.000000000 12.504127448
195.000000000 7.057511706
194.000000000 -0.150310087
193.000000000 3.465008438
192.000000000 2.675227657
191.000000000 99.432344182
190.000000000 3.139940512
