260.000000000 -0.007860441
259.000000000 0.581041746
258.000000000 -0.881082619
257.000000000 0.584638532
256.000000000 0.621703093
255.000000000 1.182066328
254.000000000 -0.535301853
253.000000000 1.181131148
252.000000000 1.510955663
251.000000000 -0.087049592
250.000000000 -0.490615669
249.000000000 -0.055866292
248.000000000 1.918946542
247.000000000 -1.238298590
246.000000000 0.342786032
245.000000000 -2.011818005
244.000000000 -0.406019497
243.000000000 0.296012180
242.000000000 -1.019842550
241.000000000 -2.885824367
240.000000000 -1.459041710
239.000000000 -3.193536621
238.000000000 -1.787268615
237.000000000 -2.009006224
236.000000000 -1.996338277
235.000000000 -3.424261977
234.000000000 -4.377707065
233.000000000 -3.023385873
232.000000000 -5.706121275
231.000000000 -6.520164116
230.000000000 -4.864845375
229.000000000 -7.232124611
228.000000000 -7.144257897
227.000000000 -6.007553335
226.000000000 -7.564919302
225.000000000 -7.446083623
224.000000000 -8.227657563
223.000000000 -11.593879530
222.000000000 -9.576014416
221.000000000 -9.711887278
220.000000000 -11.721126928
219.000000000 -9.133664442
218.000000000 -6.956550669
217.000000000 -8.256833845
216.000000000 -8.577447843
215.000000000 -9.559119737
214.000000000 -8.926013022
213.000000000 -7.408708724
212.000000000 -9.278718946
211.000000000 -6.011384801
210.000000000 -7.583231271
209.000000000 -12.224728379
208.000000000 -4.438222675
207.000000000 -6.229431029
206.000000000 -7.667454960
205.000000000 -4.702690883
204.000000000 -3.441944796
203.000000000 3.972414817
202.000000000 -7.168089712
201.000000000 2.723394305
200.000000000 2.035863804
199.000000000 3.687438772
198.000000000 11.061604025
197.000000000 0.264583213
196.000000000 16.560695876
195.000000000 10.799928195
194.000000000 39.549376791
193.000000000 25.571069116
192.000000000 22.251823437
191.000000000 16.025066025
190.000000000 -15.208784175
