260.000000000 0.712125818
259.000000000 1.474552564
258.000000000 0.167261510
257.000000000 1.093669350
256.000000000 -1.338647037
255.000000000 -0.820714101
254.000000000 1.534694654
253.000000000 0.532731597
252.000000000 -0.598782221
251.000000000 -0.160609756
250.000000000 -0.015608045
249.000000000 -0.319021217
248.000000000 0.344878837
247.000000000 -0.349783801
246.000000000 -0.350999228
245.000000000 -0.090293207
244.000000000 0.412948615
243.000000000 -2.305018559
242.000000000 -2.264592765
241.000000000 -0.086493168
240.000000000 0.061693945
239.000000000 -3.852872686
238.000000000 -2.248644402
237.000000000 -2.329868105
236.000000000 -1.374267891
235.000000000 -1.437673840
234.000000000 -1.183352228
233.000000000 -1.473994399
232.000000000 -3.762122399
231.000000000 -4.096981438
230.000000000 -4.324016746
229.000000000 -2.519575201
228.000000000 -3.510045012
227.000000000 -4.389277639
226.000000000 -5.465561419
225.000000000 -5.942271040
224.000000000 -4.491812803
223.000000000 -6.716100580
222.000000000 -4.935592258
221.000000000 -5.060021661
220.000000000 -7.329768235
219.000000000 -7.675224432
218.000000000 -5.738197154
217.000000000 -5.504119940
216.000000000 -6.190818141
215.000000000 -3.041011468
214.000000000 -5.602574500
213.000000000 -8.562390898
212.000000000 -6.122112534
211.000000000 -3.430557011
210.000000000 -10.128890969
209.000000000 -5.846631335
208.000000000 -5.535931746
207.000000000 -8.039081830
206.000000000 -6.812573826
205.000000000 -9.011172378
204.000000000 -3.566582593
203.000000000 -4.981651045
202.000000000 -0.631124712
201.000000000 1.319121507
200.000000000 -2.259396244
199.000000000 3.871830073
198.000000000 27.851076306
197.000000000 -25.889740637
196.000000000 3.623105925
195.000000000 -41.607064827
194.000000000 53.347453245
193.000000000 191.479193758
192.000000000 -3.428971589
191.000000000 -28.209572531
190.000000000 95.049914816
