260.000000000 -0.210900555
259.000000000 0.230608352
258.000000000 0.715621095
257.000000000 -0.827236283
256.000000000 -0.772875152
255.000000000 1.375713244
254.000000000 0.767133952
253.000000000 0.399804324
252.000000000 0.273665982
251.000000000 0.582421707
250.000000000 0.968988209
249.000000000 1.076344209
248.000000000 -0.321868207
247.000000000 0.025648185
246.000000000 -0.455590037
245.000000000 -0.319103797
244.000000000 -0.711296821
243.000000000 -1.609450491
242.000000000 0.541442986
241.000000000 -1.053282026
240.000000000 -1.724603065
239.000000000 -0.698179848
238.000000000 -1.232161149
237.000000000 -0.845207057
236.000000000 -2.516896351
235.000000000 -2.556393890
234.000000000 -2.901602279
233.000000000 -2.077862896
232.000000000 -2.079020247
231.000000000 -4.257410420
230.000000000 -3.782671021
229.000000000 -7.213902284
228.000000000 -4.935456389
227.000000000 -3.972436467
226.000000000 -5.294530311
225.000000000 -6.052653152
224.000000000 -5.085333649
223.000000000 -7.748579090
222.000000000 -5.758637831
221.000000000 -7.252912168
220.000000000 -8.033184436
219.000000000 -7.100211167
218.000000000 -7.186784495
217.000000000 -7.412299961
216.000000000 -4.852394609
215.000000000 -9.094836450
214.000000000 -6.403357927
213.000000000 -5.473745527
212.000000000 -6.553837310
211.000000000 -6.876316939
210.000000000 -4.041518767
209.000000000 -6.131230031
208.000000000 -5.777155074
207.000000000 -7.541540345
206.000000000 -6.276388408
205.000000000 -3.588617929
204.000000000 -3.124588250
203.000000000 -7.372897611
202.000000000 -4.316354707
201.000000000 -6.059072941
200.000000000 -0.427765805
199.000000000 -7.628187447
198.000000000 -0.933498626
197.000000000 9.355368903
196.000000000 23.608794089
195.000000000 -0.873466687
194.000000000 70.999859937
193.000000000 -4.318308160
192.000000000 -55.607951553
191.000000000 -187.394059832
190.000000000 48.229038896
