260.000000000 1.442301230
259.000000000 3.579719242
258.000000000 3.387540962
257.000000000 1.800529921
256.000000000 1.915781272
255.000000000 2.132711147
254.000000000 1.298673790
253.000000000 -0.099749311
252.000000000 0.902305362
251.000000000 3.480243371
250.000000000 0.931558072
249.000000000 1.585724189
248.000000000 0.586908775
247.000000000 1.482754383
246.000000000 1.039866102
245.000000000 0.543342633
244.000000000 1.307049099
243.000000000 2.059941047
242.000000000 -0.025763312
241.000000000 2.156574258
240.000000000 -0.879329451
239.000000000 0.113897793
238.000000000 -0.330099132
237.000000000 0.133701696
236.000000000 -1.400165204
235.000000000 -1.083007501
234.000000000 -0.761585669
233.000000000 -1.182855996
232.000000000 -3.207018236
231.000000000 -2.208648486
230.000000000 -5.207636931
229.000000000 -3.430112255
228.000000000 -5.709221403
227.000000000 -8.243123971
226.000000000 -4.021369226
225.000000000 -7.515466616
224.000000000 -6.788478138
223.000000000 -8.978989843
222.000000000 -9.311733476
221.000000000 -9.680008594
220.000000000 -8.776646233
219.000000000 -6.945709692
218.000000000 -7.582448670
217.000000000 -7.793956214
216.000000000 -5.606578823
215.000000000 -8.734024230
214.000000000 -7.215183871
213.000000000 -6.800980710
212.000000000 -3.717941069
211.000000000 -8.624825341
210.000000000 -5.335321506
209.000000000 -7.123575266
208.000000000 -5.045435425
207.000000000 -5.640882733
206.000000000 -5.779228978
205.000000000 -1.120467925
204.000000000 -1.983046939
203.000000000 2.879613075
202.000000000 1.439754812
201.000000000 6.340901783
200.000000000 3.826949379
199.000000000 4.164808081
198.000000000 12.723328607
197.000000000 9.936623325
196.000000000 24.993594628
195.000000000 22.691856792
194.000000000 10.588190251
193.000000000 12.823527111
192.000000000 42.610105271
191.000000000 44.312011566
190.000000000 22.522408223
