260.000000000 1.154600606
259.000000000 2.750480046
258.000000000 0.321423705
257.000000000 0.028486293
256.000000000 0.131765604
255.000000000 -0.322198931
254.000000000 0.110305950
253.000000000 0.123368626
252.000000000 1.026690027
251.000000000 -1.085187275
250.000000000 1.301163317
249.000000000 0.408662836
248.000000000 -0.907730078
247.000000000 0.353654788
246.000000000 -0.765152479
245.000000000 0.330194948
244.000000000 0.713355341
243.000000000 0.301400068
242.000000000 -0.469902971
241.000000000 -1.538327820
240.000000000 0.334617915
239.000000000 -1.233156769
238.000000000 -0.807913946
237.000000000 -1.822182373
236.000000000 -2.582734412
235.000000000 -1.741051042
234.000000000 -3.002303899
233.000000000 -3.871258461
232.000000000 -4.422219953
231.000000000 -4.710231504
230.000000000 -5.361016800
229.000000000 -5.000823885
228.000000000 -6.800480056
227.000000000 -7.602805552
226.000000000 -8.023812043
225.000000000 -6.224915247
224.000000000 -8.370129732
223.000000000 -8.087008053
222.000000000 -9.362309161
221.000000000 -8.668258695
220.000000000 -12.787989573
219.000000000 -11.575623057
218.000000000 -8.133198511
217.000000000 -8.452422505
216.000000000 -8.117625879
215.000000000 -8.350837374
214.000000000 -7.612852104
213.000000000 -8.556447955
212.000000000 -13.394557613
211.000000000 -6.719393838
210.000000000 -8.797223145
209.000000000 -4.690613583
208.000000000 -6.353529421
207.000000000 -6.188668687
206.000000000 -5.890662123
205.000000000 -1.070820111
204.000000000 -5.147551453
203.000000000 -1.705276333
202.000000000 0.715348848
201.000000000 -5.849811434
200.000000000 -3.712452364
199.000000000 5.190995751
198.000000000 4.018303462
197.000000000 6.809715095
196.000000000 3.371367848
195.000000000 20.979477709
194.000000000 9.510375156
193.000000000 7.678362803
192.000000000 17.066914949
191.000000000 29.796137312
190.000000000 -61.584521899
