260.000000000 0.779151141
259.000000000 0.420568156
258.000000000 2.419492733
257.000000000 1.025609852
256.000000000 -0.605740627
255.000000000 0.938856052
254.000000000 0.590678021
253.000000000 -0.917198832
252.000000000 -1.496248953
251.000000000 0.672018765
250.000000000 -0.620001777
249.000000000 0.716566106
248.000000000 -0.496945595
247.000000000 0.552959470
246.000000000 -0.151599933
245.000000000 0.138264139
244.000000000 1.194994774
243.000000000 0.233057176
242.000000000 0.163933229
241.000000000 -0.268525720
240.000000000 -0.440986880
239.000000000 -2.270302538
238.000000000 -0.070125916
237.000000000 -0.582401950
236.000000000 -3.785545149
235.000000000 -0.968814660
234.000000000 -3.236668539
233.000000000 -2.146993280
232.000000000 -1.921499159
231.000000000 -2.688474387
230.000000000 -0.968134075
229.000000000 -4.909918267
228.000000000 -3.359707504
227.000000000 -6.392089389
226.000000000 -4.703630892
225.000000000 -6.799711900
224.000000000 -6.713756103
223.000000000 -7.172116956
222.000000000 -7.158752061
221.000000000 -4.277682704
220.000000000 -7.008287423
219.000000000 -7.877713483
218.000000000 -7.127248049
217.000000000 -5.658673588
216.000000000 -7.414260280
215.000000000 -6.687901359
214.000000000 -6.389190270
213.000000000 -6.074534750
212.000000000 -6.652534927
211.000000000 -6.503116263
210.000000000 -3.908626137
209.000000000 -10.872892790
208.000000000 -10.902968207
207.000000000 -7.352240604
206.000000000 -3.233857631
205.000000000 -2.273233497
204.000000000 -2.483639125
203.000000000 -4.737936405
202.000000000 -0.711587747
201.000000000 7.331664727
200.000000000 -10.279908399
199.000000000 4.719212493
198.000000000 -4.093208038
197.000000000 -10.621184930
196.000000000 -20.101982550
195.000000000 46.102602839
194.000000000 105.166381707
193.000000000 51.827076155
192.000000000 -13.608481062
191.000000000 -29.304093633
190.000000000 106.381523582
