260.000000000 -0.607128628
259.000000000 -0.163991784
258.000000000 0.878049826
257.000000000 -1.210819420
256.000000000 1.755135426
255.000000000 0.725166822
254.000000000 -0.470037393
253.000000000 1.640165811
252.000000000 0.008352265
251.000000000 -0.561613776
250.000000000 1.796975903
249.000000000 0.276969192
248.000000000 0.435863952
247.000000000 -1.342509090
246.000000000 -1.307491250
245.000000000 1.340339973
244.000000000 -0.931548641
243.000000000 -0.054014650
242.000000000 -0.767912335
241.000000000 -1.662887444
240.000000000 0.062916095
239.000000000 -0.770136249
238.000000000 -0.695856664
237.000000000 -2.516673083
236.000000000 -3.454152548
235.000000000 -3.411591627
234.000000000 -2.640169267
233.000000000 -4.133326686
232.000000000 -4.555663856
231.000000000 -4.764591293
230.000000000 -4.796969331
229.000000000 -5.411716973
228.000000000 -6.066652882
227.000000000 -7.530331101
226.000000000 -9.795735776
225.000000000 -5.284899496
224.000000000 -7.869381766
223.000000000 -7.082972425
222.000000000 -9.887402271
221.000000000 -7.494765236
220.000000000 -7.033602785
219.000000000 -7.658035998
218.000000000 -7.527176904
217.000000000 -9.505752921
216.000000000 -4.694889245
215.000000000 -6.457881866
214.000000000 -6.246000825
213.000000000 -7.751038725
212.000000000 -7.471485452
211.000000000 -11.631732723
210.000000000 -10.240916458
209.000000000 -8.267569972
208.000000000 -10.946629273
207.000000000 -2.102471420
206.000000000 -5.839402904
205.000000000 -6.391371956
204.000000000 -13.812254712
203.000000000 -6.899301195
202.000000000 3.403989785
201.000000000 4.616057948
200.000000000 -5.491495375
199.000000000 3.004639518
198.000000000 -0.218715007
197.000000000 -3.203058819
196.000000000 7.243998237
195.000000000 -16.747403559
194.000000000 -0.131520049
193.000000000 -19.776283625
192.000000000 -46.591508006
191.000000000 28.318623125
190.000000000 -41.467870323
