260.000000000 0.193397271
259.000000000 0.669867377
258.000000000 0.442529307
257.000000000 0.535040856
256.000000000 0.776176644
255.000000000 1.497081898
254.000000000 0.404047769
253.000000000 -1.297255410
252.000000000 -1.464918836
251.000000000 0.584909164
250.000000000 -0.458901743
249.000000000 -0.406378969
248.000000000 -0.672400379
247.000000000 -1.486815608
246.000000000 1.339636565
245.000000000 0.894857755
244.000000000 0.080795613
243.000000000 -1.812205512
242.000000000 -1.270496566
241.000000000 -1.548272563
240.000000000 -1.013029640
239.000000000 -1.415942548
238.000000000 -0.976483639
237.000000000 -1.482767005
236.000000000 -1.448505895
235.000000000 -1.111419806
234.000000000 -3.768387270
233.000000000 -2.283391560
232.000000000 -3.622078192
231.000000000 -3.362313308
230.000000000 -4.916329472
229.000000000 -5.394191966
228.000000000 -5.376436599
227.000000000 -3.920204484
226.000000000 -6.821538018
225.000000000 -5.221591090
224.000000000 -5.067844327
223.000000000 -5.189065891
222.000000000 -8.427078723
221.000000000 -7.912164215
220.000000000 -6.866221200
219.000000000 -5.943823003
218.000000000 -9.330559684
217.000000000 -5.977873191
216.000000000 -6.868722094
215.000000000 -8.515770627
214.000000000 -7.112543803
213.000000000 -8.237226616
212.000000000 -4.374041007
211.000000000 -5.684992510
210.000000000 -4.144152908
209.000000000 -1.804045557
208.000000000 -4.252222256
207.000000000 -4.892344148
206.000000000 -7.467340451
205.000000000 -0.094808989
204.000000000 -4.560483538
203.000000000 -2.317259641
202.000000000 -5.784506389
201.000000000 -21.406331120
200.000000000 12.760398291
199.000000000 -5.631177828
198.000000000 -14.660911257
197.000000000 -7.396953774
196.000000000 -4.054300895
195.000000000 20.614337969
194.000000000 80.064756067
193.000000000 -112.241433181
192.000000000 129.148984514
191.000000000 127.111047545
190.000000000 76.311862818
