260.000000000 0.872362138
259.000000000 0.731041675
258.000000000 -0.574531117
257.000000000 1.349846879
256.000000000 0.558321127
255.000000000 0.664982659
254.000000000 1.133282829
253.000000000 -0.188071987
252.000000000 -0.440831529
251.000000000 -0.591039159
250.000000000 0.592901356
249.000000000 -0.003500467
248.000000000 -0.958190613
247.000000000 0.187912759
246.000000000 1.251866692
245.000000000 0.422126732
244.000000000 -0.827354292
243.000000000 -1.512817086
242.000000000 -0.475799661
241.000000000 -0.556526124
240.000000000 -0.712283533
239.000000000 -0.303790602
238.000000000 -2.425060929
237.000000000 -2.173577603
236.000000000 -2.761301388
235.000000000 -2.942795632
234.000000000 -0.595749553
233.000000000 -4.369423510
232.000000000 -2.758012040
231.000000000 -5.696863761
230.000000000 -3.139799613
229.000000000 -3.913461333
228.000000000 -4.327423236
227.000000000 -5.442178093
226.000000000 -5.331526078
225.000000000 -8.695657405
224.000000000 -7.381865093
223.000000000 -7.410537462
222.000000000 -5.511403631
221.000000000 -8.309624088
220.000000000 -5.509999315
219.000000000 -9.629782433
218.000000000 -9.953468003
217.000000000 -8.255083024
216.000000000 -7.032537778
215.000000000 -6.966157183
214.000000000 -10.153581345
213.000000000 -4.456546645
212.000000000 -6.631930233
211.000000000 -0.500143629
210.000000000 -2.288219789
209.000000000 -10.567032269
208.000000000 -5.740913938
207.000000000 -9.941299026
206.000000000 -5.730994500
205.000000000 -8.216674008
204.000000000 1.455839941
203.000000000 5.003497399
202.000000000 -11.871566540
201.000000000 -2.752396688
200.000000000 -4.154019503
199.000000000 4.415921842
198.000000000 -8.093550232
197.000000000 -2.453111646
196.000000000 23.210394820
195.000000000 23.590860101
194.000000000 2.672500992
193.000000000 -7.571998382
192.000000000 95.752596787
191.000000000 24.524853343
190.000000000 -101.873879991
