260.000000000 0.453345285
259.000000000 -0.897841065
258.000000000 -0.296078644
257.000000000 -0.522090874
256.000000000 1.198538075
255.000000000 -0.118594365
254.000000000 0.140188282
253.000000000 1.475020523
252.000000000 -0.763912633
251.000000000 0.932356319
250.000000000 -0.575602026
249.000000000 -0.580022222
248.000000000 -0.802164299
247.000000000 1.242105589
246.000000000 -1.471393778
245.000000000 0.374163526
244.000000000 0.202051199
243.000000000 0.336884224
242.000000000 1.091863630
241.000000000 -1.808584547
240.000000000 -0.482809907
239.000000000 -0.369479914
238.000000000 -2.036011690
237.000000000 -0.429271953
236.000000000 -2.364852351
235.000000000 -1.384078711
234.000000000 0.237304613
233.000000000 -2.906671353
232.000000000 -3.323048168
231.000000000 -2.026486961
230.000000000 -2.834969570
229.000000000 -4.145641624
228.000000000 -4.429486533
227.000000000 -6.177777893
226.000000000 -4.801491198
225.000000000 -7.061770813
224.000000000 -5.286836937
223.000000000 -7.250295666
222.000000000 -8.189391833
221.000000000 -7.133269272
220.000000000 -9.021894195
219.000000000 -11.367824089
218.000000000 -6.635512364
217.000000000 -12.114753494
216.000000000 -8.503869168
215.000000000 -9.726578832
214.000000000 -5.356713107
213.000000000 -9.541561819
212.000000000 -10.445499583
211.000000000 -7.455831567
210.000000000 -6.728846754
209.000000000 -11.810779681
208.000000000 -7.930071187
207.000000000 -7.584738462
206.000000000 -2.693260642
205.000000000 -4.386987135
204.000000000 -6.910650883
203.000000000 -1.688621224
202.000000000 6.784785243
201.000000000 -1.631835394
200.000000000 -3.051611513
199.000000000 -2.797011262
198.000000000 20.994470486
197.000000000 -5.350716366
196.000000000 15.564203646
195.000000000 23.089390288
194.000000000 -12.041736197
193.000000000 -9.387932060
192.000000000 3.255525759
191.000000000 -79.314262387
190.000000000 104.264393446
