260.000000000 0.678996144
259.000000000 0.633662734
258.000000000 0.037165802
257.000000000 1.274308553
256.000000000 -0.681743734
255.000000000 0.259151338
254.000000000 -0.214883621
253.000000000 -0.350983313
252.000000000 -0.344290021
251.000000000 0.404720582
250.000000000 0.706009357
249.000000000 -0.141610665
248.000000000 0.326636955
247.000000000 0.072352843
246.000000000 -1.521467158
245.000000000 1.102607280
244.000000000 0.797436668
243.000000000 -0.621183842
242.000000000 0.222228706
241.000000000 -0.947637510
240.000000000 -1.192090207
239.000000000 -1.509135931
238.000000000 -3.161036828
237.000000000 -2.155376578
236.000000000 -1.491358159
235.000000000 -2.133719850
234.000000000 -1.889996500
233.000000000 -1.944638853
232.000000000 -1.702874864
231.000000000 -3.930528993
230.000000000 -4.020448600
229.000000000 -3.020349177
228.000000000 -5.746156502
227.000000000 -5.036394650
226.000000000 -4.228310558
225.000000000 -3.153473408
224.000000000 -4.922960408
223.000000000 -5.410138131
222.000000000 -5.498614972
221.000000000 -7.333913517
220.000000000 -5.211378545
219.000000000 -6.372313393
218.000000000 -7.425601002
217.000000000 -8.393679938
216.000000000 -4.234067298
215.000000000 -7.056864064
214.000000000 -5.494663360
213.000000000 -4.774004400
212.000000000 -7.245433246
211.000000000 -7.568743743
210.000000000 -4.206413116
209.000000000 -5.365896497
208.000000000 -7.371571474
207.000000000 -5.593234123
206.000000000 -7.238481642
205.000000000 -7.386806210
204.000000000 -2.248463042
203.000000000 -0.738527164
202.000000000 -9.263246527
201.000000000 -0.902317998
200.000000000 -0.898882354
199.000000000 4.583331564
198.000000000 2.630986394
197.000000000 20.702969845
196.000000000 -30.548082339
195.000000000 -68.985180850
194.000000000 38.467279014
193.000000000 70.036494798
192.000000000 -111.826661779
191.000000000 116.566832954
190.000000000 29.420030456
