260.000000000 1.614946703
259.000000000 2.097619306
258.000000000 2.920208378
257.000000000 2.121923979
256.000000000 2.723237791
255.000000000 1.404023087
254.000000000 1.908511613
253.000000000 3.501294270
252.000000000 1.633291552
251.000000000 1.675314016
250.000000000 1.346994293
249.000000000 3.183709479
248.000000000 0.278190823
247.000000000 1.021258560
246.000000000 2.068117790
245.000000000 0.300685453
244.000000000 0.500146297
243.000000000 4.032972121
242.000000000 2.271789245
241.000000000 0.596910681
240.000000000 -0.299451925
239.000000000 1.282862106
238.000000000 -1.065775665
237.000000000 -0.083920250
236.000000000 -2.383017424
235.000000000 -4.546837640
234.000000000 -2.922418072
233.000000000 -3.749787215
232.000000000 -2.661516913
231.000000000 -4.524569366
230.000000000 -4.126470755
229.000000000 -4.473934220
228.000000000 -7.868611273
227.000000000 -6.179114147
226.000000000 -5.592377541
225.000000000 -6.245114161
224.000000000 -5.729607399
223.000000000 -6.939020014
222.000000000 -5.512140847
221.000000000 -7.287309095
220.000000000 -5.675730885
219.000000000 -9.681682791
218.000000000 -5.833884443
217.000000000 -6.759986654
216.000000000 -8.041231579
215.000000000 -5.588224899
214.000000000 -9.503265945
213.000000000 -8.842048267
212.000000000 -8.172733689
211.000000000 -9.594582532
210.000000000 -8.636894847
209.000000000 -7.026884980
208.000000000 -4.516759553
207.000000000 -7.245216721
206.000000000 0.243040325
205.000000000 3.449563035
204.000000000 -2.024744631
203.000000000 4.959264309
202.000000000 0.580889472
201.000000000 1.511021239
200.000000000 6.210465821
199.000000000 6.810822796
198.000000000 16.159985313
197.000000000 13.805861111
196.000000000 18.551516003
195.000000000 21.892330318
194.000000000 41.150364158
193.000000000 24.405366324
192.000000000 2.918437861
191.000000000 -0.234673557
190.000000000 26.334317518
