260.000000000 1.380542217
259.000000000 1.481162912
258.000000000 1.758373860
257.000000000 0.779384237
256.000000000 2.049417405
255.000000000 1.863930449
254.000000000 0.090282416
253.000000000 0.121533967
252.000000000 0.094562126
251.000000000 0.292326003
250.000000000 1.127224006
249.000000000 0.772000962
248.000000000 1.071983043
247.000000000 -0.073505929
246.000000000 -1.268988864
245.000000000 0.659287629
244.000000000 0.594576474
243.000000000 -0.263211037
242.000000000 -1.095273740
241.000000000 1.272660463
240.000000000 -0.232992142
239.000000000 -0.400020366
238.000000000 -1.928295347
237.000000000 -0.809139404
236.000000000 -0.680689110
235.000000000 -1.989721525
234.000000000 -1.148820994
233.000000000 -4.644026949
232.000000000 -4.677815730
231.000000000 -7.456118934
230.000000000 -6.519469138
229.000000000 -5.419330360
228.000000000 -5.991174870
227.000000000 -5.243887598
226.000000000 -8.482122748
225.000000000 -7.042925306
224.000000000 -8.618806429
223.000000000 -8.446533880
222.000000000 -10.024697481
221.000000000 -9.176176589
220.000000000 -10.024216236
219.000000000 -7.065519943
218.000000000 -12.112125464
217.000000000 -8.967312356
216.000000000 -9.031031404
215.000000000 -8.123046267
214.000000000 -10.414337657
213.000000000 -8.840184082
212.000000000 -9.349038123
211.000000000 -7.856733300
210.000000000 -7.776095101
209.000000000 -10.336086020
208.000000000 -11.973917122
207.000000000 -5.027659902
206.000000000 -2.790187063
205.000000000 -6.656075194
204.000000000 -6.388300641
203.000000000 -5.149425909
202.000000000 1.617009808
201.000000000 -2.447081835
200.000000000 3.994291598
199.000000000 8.792630945
198.000000000 3.860489522
197.000000000 13.790565553
196.000000000 30.066564819
195.000000000 33.790756801
194.000000000 17.042108204
193.000000000 21.675534561
192.000000000 18.390208857
191.000000000 -3.527057639
190.000000000 47.476572285
