260.000000000 1.037447140
259.000000000 0.697636808
258.000000000 -0.490420716
257.000000000 -0.171244375
256.000000000 -0.228210137
255.000000000 -0.032192060
254.000000000 0.504659871
253.000000000 0.469574678
252.000000000 -0.607549231
251.000000000 -0.411518272
250.000000000 0.180846024
249.000000000 1.176911989
248.000000000 0.878583369
247.000000000 -0.872163216
246.000000000 0.164086000
245.000000000 -0.831663059
244.000000000 -0.112260533
243.000000000 -0.322568151
242.000000000 -0.578195826
241.000000000 -0.540633864
240.000000000 -1.572236129
239.000000000 -1.828832902
238.000000000 -1.037257373
237.000000000 -0.696559255
236.000000000 -2.421500518
235.000000000 -3.094170586
234.000000000 -1.748427970
233.000000000 -3.167796871
232.000000000 -2.706888588
231.000000000 -3.341037704
230.000000000 -4.255201505
229.000000000 -4.330511795
228.000000000 -5.518740092
227.000000000 -6.109960144
226.000000000 -6.298909999
225.000000000 -5.209407397
224.000000000 -5.020397395
223.000000000 -4.932768613
222.000000000 -4.181885446
221.000000000 -7.107075973
220.000000000 -6.031592385
219.000000000 -6.379280553
218.000000000 -9.066382802
217.000000000 -7.332167259
216.000000000 -5.839333461
215.000000000 -5.886340154
214.000000000 -11.223109539
213.000000000 -8.782071992
212.000000000 -7.903785494
211.000000000 -5.360834489
210.000000000 -6.100409719
209.000000000 -5.224361172
208.000000000 -10.460851114
207.000000000 -11.459130717
206.000000000 -3.171436546
205.000000000 -7.272299580
204.000000000 -6.393809429
203.000000000 -4.972930295
202.000000000 0.298992642
201.000000000 -9.890646375
200.000000000 -0.433663603
199.000000000 3.451473675
198.000000000 7.235809942
197.000000000 34.189291595
196.000000000 -7.917238381
195.000000000 1.026956316
194.000000000 6.603855454
193.000000000 16.528186019
192.000000000 182.406736179
191.000000000 -40.650972732
190.000000000 -4.327339223
