260.000000000 0.790542819
259.000000000 1.478225079
258.000000000 0.299055976
257.000000000 1.118720101
256.000000000 -1.258513074
255.000000000 0.216090617
254.000000000 0.818458430
253.000000000 0.923040704
252.000000000 -0.148371128
251.000000000 0.574149121
250.000000000 -0.412341147
249.000000000 -0.050124957
248.000000000 1.977698363
247.000000000 0.308395458
246.000000000 1.691556196
245.000000000 0.009504245
244.000000000 0.718728072
243.000000000 0.477944125
242.000000000 -0.461617229
241.000000000 -0.977806243
240.000000000 -0.994033157
239.000000000 -1.951312171
238.000000000 0.072387081
237.000000000 -3.867473866
236.000000000 -2.121506482
235.000000000 -1.347130539
234.000000000 -3.557775946
233.000000000 -3.420853291
232.000000000 -2.634240569
231.000000000 -2.331014693
230.000000000 -4.196314132
229.000000000 -5.494591457
228.000000000 -4.510466113
227.000000000 -7.851479819
226.000000000 -6.150179359
225.000000000 -6.900255684
224.000000000 -7.221273008
223.000000000 -6.836181004
222.000000000 -7.640189002
221.000000000 -7.471997986
220.000000000 -4.538989518
219.000000000 -7.343271542
218.000000000 -7.571046945
217.000000000 -6.369452964
216.000000000 -8.101711223
215.000000000 -7.816786195
214.000000000 -8.412207845
213.000000000 -11.897978487
212.000000000 -9.167765096
211.000000000 -7.787527994
210.000000000 -5.411148239
209.000000000 -5.639371137
208.000000000 -6.049332437
207.000000000 -8.083206834
206.000000000 -0.548795170
205.000000000 0.382534188
204.000000000 -8.734838879
203.000000000 0.782922213
202.000000000 -2.224871586
201.000000000 6.748544442
200.000000000 5.113358360
199.000000000 -1.798496863
198.000000000 21.329187978
197.000000000 11.904773519
196.000000000 2.853029256
195.000000000 17.566180934
194.000000000 37.455821493
193.000000000 21.665673162
192.000000000 -6.146856073
191.000000000 -37.085725135
190.000000000 144.513304142
