260.000000000 0.965233462
259.000000000 0.643525852
258.000000000 0.928715382
257.000000000 0.279599749
256.000000000 1.583537509
255.000000000 -0.921995407
254.000000000 0.842351069
253.000000000 -0.996611501
252.000000000 -2.119463675
251.000000000 -0.320154428
250.000000000 1.446474029
249.000000000 0.578962469
248.000000000 0.870993168
247.000000000 -0.317068416
246.000000000 0.415311791
245.000000000 0.179556118
244.000000000 -2.211066347
243.000000000 -0.916654595
242.000000000 -0.483943941
241.000000000 -2.382046009
240.000000000 -1.619234460
239.000000000 -2.014848222
238.000000000 -2.946062881
237.000000000 -3.747243570
236.000000000 -3.340602496
235.000000000 -4.869902609
234.000000000 -3.138697573
233.000000000 -3.628585911
232.000000000 -4.990425731
231.000000000 -5.780593003
230.000000000 -6.526461917
229.000000000 -6.320826808
228.000000000 -7.931849429
227.000000000 -6.051798186
226.000000000 -11.086933474
225.000000000 -7.907594770
224.000000000 -9.747902025
223.000000000 -9.150972269
222.000000000 -8.442484239
221.000000000 -10.701032373
220.000000000 -11.420858877
219.000000000 -7.762443467
218.000000000 -12.333501040
217.000000000 -8.558936129
216.000000000 -11.207644139
215.000000000 -8.357374033
214.000000000 -8.696050546
213.000000000 -7.908193852
212.000000000 -4.401055622
211.000000000 -10.955563595
210.000000000 -9.546105823
209.000000000 -9.827523447
208.000000000 -11.847350193
207.000000000 -9.936342943
206.000000000 -6.872499843
205.000000000 -4.888476592
204.000000000 -3.916522738
203.000000000 0.155166373
202.000000000 -0.353849201
201.000000000 -4.974142798
200.000000000 3.221849259
199.000000000 -0.039867086
198.000000000 -4.295859124
197.000000000 13.261555092
196.000000000 26.163541421
195.000000000 21.425525601
194.000000000 0.856988930
193.000000000 21.258585003
192.000000000 35.462065479
191.000000000 -35.581523290
190.000000000 78.372645546
