260.000000000 -0.014837627
259.000000000 0.523780152
258.000000000 0.080584303
257.000000000 -0.444897189
256.000000000 -0.968580475
255.000000000 -1.045062787
254.000000000 1.036867315
253.000000000 -0.486605903
252.000000000 0.909385408
251.000000000 -0.452000851
250.000000000 0.385732183
249.000000000 0.445971002
248.000000000 1.600274246
247.000000000 -0.956215677
246.000000000 -0.218212764
245.000000000 0.627846686
244.000000000 -0.351600524
243.000000000 1.318909340
242.000000000 -0.470562599
241.000000000 0.176231670
240.000000000 -0.776076188
239.000000000 -1.057706428
238.000000000 -1.282150184
237.000000000 -1.894548937
236.000000000 -3.022415946
235.000000000 -4.388956410
234.000000000 -4.308506548
233.000000000 -2.188106054
232.000000000 -3.609309800
231.000000000 -4.753266487
230.000000000 -5.453658237
229.000000000 -5.428358647
228.000000000 -7.688814866
227.000000000 -7.191333292
226.000000000 -8.990795408
225.000000000 -7.604859223
224.000000000 -9.657200879
223.000000000 -11.308288969
222.000000000 -10.841075617
221.000000000 -9.323438633
220.000000000 -9.632943711
219.000000000 -7.853070378
218.000000000 -7.196458572
217.000000000 -6.903032194
216.000000000 -10.557437554
215.000000000 -9.453111636
214.000000000 -11.189040296
213.000000000 -7.096221755
212.000000000 -14.205640224
211.000000000 -7.999641179
210.000000000 -6.566853170
209.000000000 -6.020830530
208.000000000 -11.258023782
207.000000000 -8.397219892
206.000000000 -7.751493307
205.000000000 -5.593563420
204.000000000 -2.206452298
203.000000000 -2.228979711
202.000000000 -4.800698827
201.000000000 0.073086089
200.000000000 -0.645054145
199.000000000 2.185765781
198.000000000 8.590181815
197.000000000 9.733312390
196.000000000 -13.978354536
195.000000000 36.218012566
194.000000000 -7.006844173
193.000000000 26.552072115
192.000000000 55.656184984
191.000000000 32.602838130
190.000000000 -68.304533079
