260.000000000 0.366746535
259.000000000 1.254709410
258.000000000 1.668166635
257.000000000 -1.487841031
256.000000000 0.681447196
255.000000000 0.738215868
254.000000000 0.635085083
253.000000000 0.673471800
252.000000000 0.905673644
251.000000000 0.562343520
250.000000000 0.238019498
249.000000000 0.016106007
248.000000000 -0.454616767
247.000000000 0.156369605
246.000000000 -0.542878880
245.000000000 1.393328330
244.000000000 -0.388821284
243.000000000 -2.092720581
242.000000000 -2.088479522
241.000000000 0.007057850
240.000000000 -2.496335130
239.000000000 -2.308206837
238.000000000 -1.556791992
237.000000000 -1.002706190
236.000000000 -3.217169745
235.000000000 -1.843742779
234.000000000 -2.678600787
233.000000000 -4.708653402
232.000000000 -6.522343453
231.000000000 -6.845059017
230.000000000 -4.763171627
229.000000000 -7.131735152
228.000000000 -7.738433033
227.000000000 -7.038680419
226.000000000 -9.889419593
225.000000000 -9.384444461
224.000000000 -9.608763991
223.000000000 -8.453878523
222.000000000 -9.252024137
221.000000000 -7.783343844
220.000000000 -7.765165880
219.000000000 -8.158436088
218.000000000 -8.418723249
217.000000000 -8.696205193
216.000000000 -8.926340997
215.000000000 -9.594943485
214.000000000 -11.409087138
213.000000000 -9.049923750
212.000000000 -8.467839584
211.000000000 -10.050285309
210.000000000 -8.873999485
209.000000000 -5.820142635
208.000000000 -9.678609124
207.000000000 -11.102926775
206.000000000 -7.548182076
205.000000000 -2.547363995
204.000000000 -5.599286766
203.000000000 1.639271797
202.000000000 1.699626867
201.000000000 -1.569367015
200.000000000 -0.514985840
199.000000000 -0.433107801
198.000000000 9.436607626
197.000000000 12.703680506
196.000000000 9.128165524
195.000000000 14.967815761
194.000000000 28.874401412
193.000000000 72.683954163
192.000000000 50.395320164
191.000000000 -15.099261320
190.000000000 -40.900232864
