260.000000000 -0.026028260
259.000000000 0.789450467
258.000000000 0.536245901
257.000000000 0.812465011
256.000000000 1.355604661
255.000000000 -0.863715311
254.000000000 1.444237082
253.000000000 -0.562387770
252.000000000 1.067888621
251.000000000 -1.399490716
250.000000000 1.575784101
249.000000000 -0.013367019
248.000000000 -0.924267588
247.000000000 1.261470869
246.000000000 -1.013115091
245.000000000 -1.329807934
244.000000000 -0.425597358
243.000000000 0.283518962
242.000000000 0.556612340
241.000000000 0.337436247
240.000000000 0.343438966
239.000000000 -0.077602852
238.000000000 -0.345618784
237.000000000 -1.929170108
236.000000000 -2.203264516
235.000000000 -3.678968433
234.000000000 -3.897933398
233.000000000 -2.237244513
232.000000000 -3.466577792
231.000000000 -3.729368144
230.000000000 -4.608437043
229.000000000 -3.668542384
228.000000000 -2.237224114
227.000000000 -4.361298499
226.000000000 -6.032661811
225.000000000 -5.545745547
224.000000000 -6.582866068
223.000000000 -5.321606090
222.000000000 -5.900809164
221.000000000 -6.169867237
220.000000000 -3.817175211
219.000000000 -7.214923240
218.000000000 -6.622113639
217.000000000 -7.324121524
216.000000000 -7.494029376
215.000000000 -5.907445253
214.000000000 -7.181255704
213.000000000 -7.644156641
212.000000000 -3.480556782
211.000000000 -8.883938988
210.000000000 -2.746572094
209.000000000 1.147248521
208.000000000 -6.054616096
207.000000000 -4.802057210
206.000000000 -8.393072944
205.000000000 -2.552866826
204.000000000 -3.680074556
203.000000000 -1.774837291
202.000000000 -2.077266860
201.000000000 -5.501555991
200.000000000 -5.298554776
199.000000000 -7.945068073
198.000000000 12.907716617
197.000000000 -13.412621122
196.000000000 -21.892882227
195.000000000 2.542288014
194.000000000 20.964604176
193.000000000 -48.005240623
192.000000000 98.887424202
191.000000000 -57.889589561
190.000000000 -11.282242491
