260.000000000 1.508366313
259.000000000 0.475622083
258.000000000 -0.288172452
257.000000000 0.154358108
256.000000000 0.279839927
255.000000000 0.527115023
254.000000000 0.453247377
253.000000000 -0.578679026
252.000000000 0.339776632
251.000000000 -1.636765051
250.000000000 -1.855468906
249.000000000 1.971584487
248.000000000 0.268890296
247.000000000 -0.673539812
246.000000000 0.852111837
245.000000000 0.100974928
244.000000000 -0.377958507
243.000000000 -0.517584321
242.000000000 0.532784341
241.000000000 -1.376204772
240.000000000 0.690282536
239.000000000 -1.509617931
238.000000000 -1.931556014
237.000000000 -1.161263872
236.000000000 -2.495376749
235.000000000 -1.178394336
234.000000000 -2.561435790
233.000000000 -3.432847061
232.000000000 -5.060325313
231.000000000 -4.773291052
230.000000000 -4.752345579
229.000000000 -4.544695586
228.000000000 -5.171055209
227.000000000 -4.122129853
226.000000000 -3.676109548
225.000000000 -5.635983537
224.000000000 -7.353570828
223.000000000 -8.184159903
222.000000000 -7.799841929
221.000000000 -5.603896733
220.000000000 -7.884634472
219.000000000 -6.908657536
218.000000000 -6.628575616
217.000000000 -7.279592072
216.000000000 -7.561020575
215.000000000 -9.851835447
214.000000000 -6.774926209
213.000000000 -9.202869266
212.000000000 -8.599547899
211.000000000 -8.462622044
210.000000000 -10.074404282
209.000000000 -11.888925309
208.000000000 -7.433288458
207.000000000 -10.005991896
206.000000000 -7.509455584
205.000000000 -7.264968732
204.000000000 -3.728058669
203.000000000 -0.042014377
202.000000000 -4.937635539
201.000000000 -5.837952361
200.000000000 0.037127013
199.000000000 -5.251636973
198.000000000 13.528483544
197.000000000 -2.210363008
196.000000000 -3.093754262
195.000000000 9.633769929
194.000000000 5.053912157
193.000000000 3.558053725
192.000000000 70.608207181
191.000000000 98.061687489
190.000000000 -143.941655854
