260.000000000 0.005039096
259.000000000 0.347790467
258.000000000 -0.210680922
257.000000000 1.472842692
256.000000000 0.026124406
255.000000000 0.401281840
254.000000000 2.442153503
253.000000000 -0.948011484
252.000000000 0.800002533
251.000000000 1.063892572
250.000000000 -0.079101082
249.000000000 1.161555822
248.000000000 -1.115957317
247.000000000 -0.306401185
246.000000000 -0.053688816
245.000000000 -0.155073481
244.000000000 -0.004497093
243.000000000 0.283917410
242.000000000 0.075042154
241.000000000 0.397617324
240.000000000 -2.562485133
239.000000000 -1.063444333
238.000000000 -2.031415100
237.000000000 -2.089551118
236.000000000 -4.939127378
235.000000000 -1.878013358
234.000000000 -1.067006381
233.000000000 -1.237433025
232.000000000 -4.202756256
231.000000000 -4.132218845
230.000000000 -4.229671053
229.000000000 -3.912502236
228.000000000 -5.159430315
227.000000000 -3.061669786
226.000000000 -7.584486539
225.000000000 -6.532063042
224.000000000 -6.422719173
223.000000000 -9.126763572
222.000000000 -8.188790447
221.000000000 -7.672557623
220.000000000 -7.612386510
219.000000000 -7.659381613
218.000000000 -6.018920249
217.000000000 -7.572793990
216.000000000 -8.628517618
215.000000000 -6.159582237
214.000000000 -8.583811928
213.000000000 -8.114861518
212.000000000 -4.763466708
211.000000000 -7.151527167
210.000000000 -6.019412444
209.000000000 -3.367877013
208.000000000 -11.936247215
207.000000000 -5.641292348
206.000000000 -6.579384397
205.000000000 -11.389805803
204.000000000 -0.390133409
203.000000000 -5.550905113
202.000000000 -10.322198134
201.000000000 -9.985906910
200.000000000 -1.191791803
199.000000000 13.788807433
198.000000000 -14.467877204
197.000000000 23.597916227
196.000000000 -20.316251488
195.000000000 30.979774534
194.000000000 49.242781054
193.000000000 -76.388382410
192.000000000 -34.962238421
191.000000000 11.812066849
190.000000000 -132.162517577
