260.000000000 1.095288553
259.000000000 0.051384071
258.000000000 0.535808101
257.000000000 0.195517942
256.000000000 -0.314760013
255.000000000 0.353473138
254.000000000 0.405006376
253.000000000 1.270977765
252.000000000 1.015970743
251.000000000 0.386705273
250.000000000 1.566335066
249.000000000 -0.187005269
248.000000000 0.088991265
247.000000000 0.869969310
246.000000000 -1.424734081
245.000000000 1.366447425
244.000000000 -0.595228530
243.000000000 -0.430085010
242.000000000 -2.174997691
241.000000000 0.500296076
240.000000000 -0.607657609
239.000000000 -1.368775056
238.000000000 -2.436518734
237.000000000 -2.746011501
236.000000000 -2.816648426
235.000000000 -3.581119975
234.000000000 -3.975059415
233.000000000 -3.965578462
232.000000000 -3.584654737
231.000000000 -6.217385116
230.000000000 -4.510476195
229.000000000 -7.137869065
228.000000000 -7.270230994
227.000000000 -10.551181879
226.000000000 -8.587892376
225.000000000 -10.078347838
224.000000000 -11.952414108
223.000000000 -9.987364799
222.000000000 -11.192362595
221.000000000 -10.379226951
220.000000000 -11.212503202
219.000000000 -6.370977774
218.000000000 -11.234281707
217.000000000 -8.237421067
216.000000000 -8.185165964
215.000000000 -11.792439869
214.000000000 -11.592772545
213.000000000 -7.181050415
212.000000000 -9.217221675
211.000000000 -9.596843191
210.000000000 -8.700554047
209.000000000 -10.313076306
208.000000000 -6.831061866
207.000000000 -4.770652101
206.000000000 -7.424692105
205.000000000 -2.755003543
204.000000000 -4.154118288
203.000000000 -2.198362285
202.000000000 2.499262092
201.000000000 -0.448425601
200.000000000 5.607246041
199.000000000 -3.951218790
198.000000000 12.758982703
197.000000000 14.271364059
196.000000000 10.572394455
195.000000000 12.270672413
194.000000000 3.150245021
193.000000000 10.962210259
192.000000000 26.015786391
191.000000000 4.160055442
190.000000000 41.125121458
