260.000000000 0.760398817
259.000000000 0.882077976
258.000000000 0.101223146
257.000000000 0.560355146
256.000000000 -0.351794936
255.000000000 -0.094474881
254.000000000 1.165653168
253.000000000 0.690968860
252.000000000 0.458081946
251.000000000 0.916957667
250.000000000 0.101776147
249.000000000 1.124615754
248.000000000 -0.077391290
247.000000000 -1.854592788
246.000000000 0.144201820
245.000000000 -0.007852942
244.000000000 -0.703258673
243.000000000 -0.616133135
242.000000000 1.335679101
241.000000000 -1.613296986
240.000000000 -0.241998386
239.000000000 -1.025597001
238.000000000 -1.909576220
237.000000000 -1.876299983
236.000000000 -2.018202894
235.000000000 -3.601760238
234.000000000 -3.959566283
233.000000000 -3.452685686
232.000000000 -4.404534542
231.000000000 -4.263966081
230.000000000 -6.281793832
229.000000000 -5.150414206
228.000000000 -7.157302998
227.000000000 -8.002738245
226.000000000 -9.390020419
225.000000000 -8.560191882
224.000000000 -9.223841984
223.000000000 -8.805090966
222.000000000 -8.350187290
221.000000000 -9.869814303
220.000000000 -10.543199393
219.000000000 -8.866819555
218.000000000 -8.824620790
217.000000000 -8.135344328
216.000000000 -10.408455401
215.000000000 -4.593499785
214.000000000 -7.442803805
213.000000000 -10.945644608
212.000000000 -7.800012441
211.000000000 -9.660486724
210.000000000 -4.955471567
209.000000000 -7.916062946
208.000000000 -11.204852825
207.000000000 -7.295944328
206.000000000 -9.185146898
205.000000000 -2.901947519
204.000000000 -4.632760658
203.000000000 -5.068972633
202.000000000 -1.493083029
201.000000000 3.443694414
200.000000000 5.928326300
199.000000000 11.426299598
198.000000000 14.069945283
197.000000000 17.631876627
196.000000000 11.956866782
195.000000000 34.628304114
194.000000000 11.325509138
193.000000000 44.490401506
192.000000000 -11.525192960
191.000000000 23.473817486
190.000000000 -73.884469566
