260.000000000 1.146640631
259.000000000 -0.242029863
258.000000000 1.621106540
257.000000000 0.193024207
256.000000000 -0.538225019
255.000000000 0.162195987
254.000000000 -0.244373879
253.000000000 0.901878419
252.000000000 2.108137578
251.000000000 0.386996719
250.000000000 0.783481594
249.000000000 -0.237383669
248.000000000 0.518794629
247.000000000 -0.596007055
246.000000000 -1.198355626
245.000000000 -1.280433469
244.000000000 -0.662263148
243.000000000 0.044620197
242.000000000 0.433786558
241.000000000 0.997104255
240.000000000 1.158082330
239.000000000 -2.684981738
238.000000000 0.573222304
237.000000000 -2.293402592
236.000000000 -0.899171692
235.000000000 -2.964298300
234.000000000 -1.598493800
233.000000000 -4.090595059
232.000000000 -3.739736827
231.000000000 -1.432822772
230.000000000 -1.381063334
229.000000000 -4.283599019
228.000000000 -4.962683150
227.000000000 -4.880460119
226.000000000 -7.374271077
225.000000000 -6.793688440
224.000000000 -7.990399110
223.000000000 -7.187916325
222.000000000 -7.224220439
221.000000000 -5.641902410
220.000000000 -8.246567109
219.000000000 -5.594805088
218.000000000 -6.158775759
217.000000000 -8.598794913
216.000000000 -6.546630447
215.000000000 -7.487709213
214.000000000 -8.219678082
213.000000000 -8.640542549
212.000000000 -4.487784649
211.000000000 -6.164493458
210.000000000 -8.894755528
209.000000000 -5.969238050
208.000000000 -6.463645958
207.000000000 -8.049387868
206.000000000 -4.497156565
205.000000000 -2.291323916
204.000000000 -8.484373050
203.000000000 -4.465616657
202.000000000 -5.916891649
201.000000000 -1.041808293
200.000000000 -4.508483591
199.000000000 2.029813587
198.000000000 -4.721767704
197.000000000 -16.961674868
196.000000000 -3.046556195
195.000000000 -16.977319071
194.000000000 21.803502257
193.000000000 33.524438938
192.000000000 87.779233738
191.000000000 2.687380215
190.000000000 56.685991700
