260.000000000 1.487073202
259.000000000 0.850700308
258.000000000 0.827303318
257.000000000 1.309539982
256.000000000 -0.228108205
255.000000000 1.007257304
254.000000000 -0.733459791
253.000000000 2.522578747
252.000000000 0.456018295
251.000000000 -0.167760009
250.000000000 0.422617137
249.000000000 0.282990698
248.000000000 0.066746780
247.000000000 -0.910036451
246.000000000 -1.089230947
245.000000000 -0.871584546
244.000000000 -0.303504654
243.000000000 -0.609365481
242.000000000 -0.383427736
241.000000000 0.249148422
240.000000000 -0.342578918
239.000000000 -1.157539818
238.000000000 -0.294871503
237.000000000 -1.624674619
236.000000000 -1.091854431
235.000000000 -2.411506651
234.000000000 -2.863155702
233.000000000 -5.146702288
232.000000000 -2.818570512
231.000000000 -5.187277229
230.000000000 -3.320679356
229.000000000 -4.785427651
228.000000000 -4.716595676
227.000000000 -5.405447790
226.000000000 -3.029306182
225.000000000 -6.371963077
224.000000000 -6.222608517
223.000000000 -4.785743362
222.000000000 -4.943301542
221.000000000 -4.606409268
220.000000000 -9.267928679
219.000000000 -4.837099032
218.000000000 -4.058212488
217.000000000 -6.726554596
216.000000000 -6.364873842
215.000000000 -3.632785369
214.000000000 -5.397762669
213.000000000 -8.787607939
212.000000000 -8.154343029
211.000000000 -7.003591383
210.000000000 -7.408595065
209.000000000 -8.432813280
208.000000000 -4.507876106
207.000000000 -5.698236812
206.000000000 -3.350180789
205.000000000 -10.459336013
204.000000000 -3.708579074
203.000000000 -3.155885440
202.000000000 -7.298324095
201.000000000 -0.605626643
200.000000000 -9.712815239
199.000000000 13.943126732
198.000000000 -5.967830533
197.000000000 -14.023576163
196.000000000 43.926834944
195.000000000 131.128661080
194.000000000 93.209435367
193.000000000 -144.460525600
192.000000000 -81.884656205
191.000000000 -87.243963799
190.000000000 -47.918394156
