260.000000000 0.135567852
259.000000000 1.794795236
258.000000000 0.082310508
257.000000000 0.405360096
256.000000000 0.149537613
255.000000000 -0.079209020
254.000000000 -0.814943521
253.000000000 0.820173733
252.000000000 0.313727803
251.000000000 2.304567132
250.000000000 -0.861972374
249.000000000 0.911641859
248.000000000 0.088454558
247.000000000 -2.140236465
246.000000000 -0.807080135
245.000000000 1.133158298
244.000000000 -0.729897519
243.000000000 -0.166251142
242.000000000 -1.418178395
241.000000000 -0.738777151
240.000000000 -1.019718623
239.000000000 -2.562092570
238.000000000 -0.932488635
237.000000000 -1.404751323
236.000000000 -1.560890640
235.000000000 -1.481139198
234.000000000 -3.323914450
233.000000000 -2.405341605
232.000000000 -3.924812732
231.000000000 -5.425178217
230.000000000 -6.237217675
229.000000000 -2.066385504
228.000000000 -2.917650649
227.000000000 -2.428158967
226.000000000 -5.523106069
225.000000000 -6.623607371
224.000000000 -7.314254620
223.000000000 -5.210528907
222.000000000 -8.562499944
221.000000000 -5.169564586
220.000000000 -10.088818777
219.000000000 -10.694795210
218.000000000 -6.090955107
217.000000000 -5.610446983
216.000000000 -7.063502425
215.000000000 -12.038672330
214.000000000 -6.606052198
213.000000000 -5.328955041
212.000000000 -5.210757232
211.000000000 -3.419784169
210.000000000 -5.284790347
209.000000000 -7.240629177
208.000000000 -2.007710649
207.000000000 -9.053286867
206.000000000 -9.489918611
205.000000000 -6.485277872
204.000000000 -5.021172023
203.000000000 -0.323932991
202.000000000 -6.944112067
201.000000000 3.691947930
200.000000000 1.792952314
199.000000000 4.103969782
198.000000000 -6.740305832
197.000000000 27.920124603
196.000000000 7.420807149
195.000000000 8.251687140
194.000000000 16.689107083
193.000000000 -113.032040679
192.000000000 -67.100936769
191.000000000 -78.017674174
190.000000000 -87.542409600
