260.000000000 -0.275645985
259.000000000 0.456610878
258.000000000 1.067730566
257.000000000 0.427991032
256.000000000 1.344087534
255.000000000 -1.156591086
254.000000000 0.050374795
253.000000000 0.260259136
252.000000000 0.396363668
251.000000000 -0.643213618
250.000000000 -0.615104616
249.000000000 -0.567859130
248.000000000 0.192474671
247.000000000 -1.400293112
246.000000000 -0.105532057
245.000000000 -0.147560854
244.000000000 -1.663665402
243.000000000 -1.722948023
242.000000000 -1.120593220
241.000000000 -0.878254455
240.000000000 -1.305540739
239.000000000 0.381084756
238.000000000 -1.872531923
237.000000000 -3.018044181
236.000000000 -2.252178492
235.000000000 -2.095950850
234.000000000 -3.018689271
233.000000000 -2.491372148
232.000000000 -2.764182775
231.000000000 -4.132674323
230.000000000 -6.529504360
229.000000000 -5.028449618
228.000000000 -5.781463960
227.000000000 -6.182772547
226.000000000 -7.791974814
225.000000000 -8.131587921
224.000000000 -8.374816320
223.000000000 -6.693398097
222.000000000 -6.857194350
221.000000000 -8.516528965
220.000000000 -8.405355083
219.000000000 -8.483631500
218.000000000 -6.066769701
217.000000000 -8.630156812
216.000000000 -8.167198398
215.000000000 -6.309610735
214.000000000 -8.937105570
213.000000000 -6.509781976
212.000000000 -6.740030396
211.000000000 -6.036876475
210.000000000 -5.978428609
209.000000000 -5.059369750
208.000000000 -7.109172567
207.000000000 -4.708065188
206.000000000 -9.186842808
205.000000000 -5.233135282
204.000000000 -4.436558181
203.000000000 -7.451932021
202.000000000 -1.598183909
201.000000000 -1.407935505
200.000000000 -7.834003972
199.000000000 2.360081462
198.000000000 -0.341841206
197.000000000 14.770307378
196.000000000 -12.373709507
195.000000000 -20.887666688
194.000000000 -6.094921425
193.000000000 94.035335048
192.000000000 75.696661303
191.000000000 -0.896729955
190.000000000 -60.874091164
