260.000000000 0.812219829
259.000000000 1.213472613
258.000000000 0.807526069
257.000000000 1.297137483
256.000000000 0.628517275
255.000000000 0.641235628
254.000000000 1.773934172
253.000000000 2.086819230
252.000000000 0.361260035
251.000000000 0.135114786
250.000000000 0.693561201
249.000000000 0.041873662
248.000000000 0.504183756
247.000000000 -1.540716823
246.000000000 -0.678641432
245.000000000 0.498052099
244.000000000 -0.221265941
243.000000000 -1.348699259
242.000000000 -1.333138692
241.000000000 -2.502392007
240.000000000 0.242019519
239.000000000 -1.914830743
238.000000000 1.119729091
237.000000000 -1.965387198
236.000000000 -2.859891813
235.000000000 -2.540766645
234.000000000 -1.791999764
233.000000000 -1.717000132
232.000000000 -1.978438951
231.000000000 -5.143755204
230.000000000 -6.285190304
229.000000000 -3.469273166
228.000000000 -3.356938546
227.000000000 -3.552943709
226.000000000 -5.443585172
225.000000000 -6.673044678
224.000000000 -5.651281013
223.000000000 -6.350436510
222.000000000 -5.395142280
221.000000000 -9.684031420
220.000000000 -7.866501535
219.000000000 -6.696463103
218.000000000 -6.706198249
217.000000000 -6.379395594
216.000000000 -7.539314686
215.000000000 -6.637765836
214.000000000 -9.249813303
213.000000000 -5.830421969
212.000000000 -8.291972852
211.000000000 -7.886748394
210.000000000 -4.655426453
209.000000000 -9.225820954
208.000000000 -9.331486897
207.000000000 -4.257754791
206.000000000 -4.917847796
205.000000000 0.507012998
204.000000000 -5.398990622
203.000000000 -3.376944531
202.000000000 -1.643475474
201.000000000 -8.562085464
200.000000000 -9.690209553
199.000000000 -1.076557087
198.000000000 -3.679854932
197.000000000 12.882341525
196.000000000 21.992924632
195.000000000 2.274933468
194.000000000 -14.337534690
193.000000000 -48.301351367
192.000000000 -117.437196798
191.000000000 0.650134403
190.000000000 40.466522340
