260.000000000 -0.408322857
259.000000000 1.878857367
258.000000000 0.974446501
257.000000000 -0.202386487
256.000000000 0.438168701
255.000000000 0.409030552
254.000000000 1.025409508
253.000000000 0.028094733
252.000000000 0.259803196
251.000000000 0.158104089
250.000000000 1.232211273
249.000000000 -0.470963511
248.000000000 0.221579147
247.000000000 1.754097209
246.000000000 1.214275772
245.000000000 -1.325503273
244.000000000 0.117430183
243.000000000 1.164607289
242.000000000 -0.429113935
241.000000000 -1.145771569
240.000000000 -0.410184685
239.000000000 -0.762822259
238.000000000 -0.596315930
237.000000000 -0.989542018
236.000000000 -0.939205681
235.000000000 -3.091112056
234.000000000 -5.024787436
233.000000000 -3.911193933
232.000000000 -3.354472097
231.000000000 -3.284951907
230.000000000 -3.910771618
229.000000000 -5.067971109
228.000000000 -4.339030153
227.000000000 -5.652031293
226.000000000 -3.430301828
225.000000000 -5.587386930
224.000000000 -4.056525063
223.000000000 -7.282208977
222.000000000 -5.436416117
221.000000000 -6.681862880
220.000000000 -6.058805292
219.000000000 -7.605676733
218.000000000 -4.645257637
217.000000000 -7.324296144
216.000000000 -6.336558411
215.000000000 -3.468283032
214.000000000 -3.145831015
213.000000000 -6.910513350
212.000000000 -2.875206371
211.000000000 -7.457938630
210.000000000 -8.412069969
209.000000000 -9.328572869
208.000000000 -3.115494568
207.000000000 -9.195236228
206.000000000 -0.201800195
205.000000000 -1.840444294
204.000000000 -1.110327440
203.000000000 -1.117241234
202.000000000 -12.523187863
201.000000000 5.561110245
200.000000000 -17.871653432
199.000000000 -10.394237051
198.000000000 -4.911362719
197.000000000 -23.912263183
196.000000000 -9.648182185
195.000000000 52.500549481
194.000000000 -35.524167009
193.000000000 -10.822460049
192.000000000 66.088603931
191.000000000 209.292645527
190.000000000 -105.336874569
