260.000000000 0.416284151
259.000000000 -1.719617113
258.000000000 -0.307788808
257.000000000 0.823104631
256.000000000 -0.409905931
255.000000000 -0.240608757
254.000000000 0.656463859
253.000000000 -0.549076097
252.000000000 -0.135077008
251.000000000 0.303395243
250.000000000 -0.324737196
249.000000000 0.960261155
248.000000000 0.107573129
247.000000000 0.323375418
246.000000000 0.536107258
245.000000000 -0.749019073
244.000000000 0.114100675
243.000000000 -0.050969038
242.000000000 -0.855743233
241.000000000 -0.915279246
240.000000000 -1.153008592
239.000000000 -0.622983947
238.000000000 -1.650369807
237.000000000 -3.490305994
236.000000000 -3.700714689
235.000000000 -3.495943554
234.000000000 -3.945806649
233.000000000 -4.118195752
232.000000000 -6.095381283
231.000000000 -7.530144166
230.000000000 -5.173248807
229.000000000 -5.374257345
228.000000000 -8.547247321
227.000000000 -7.493963234
226.000000000 -6.697083954
225.000000000 -8.305181206
224.000000000 -8.783184741
223.000000000 -10.194348564
222.000000000 -7.253250476
221.000000000 -8.563557273
220.000000000 -9.783625180
219.000000000 -7.940439129
218.000000000 -10.306807743
217.000000000 -7.069021894
216.000000000 -9.509465999
215.000000000 -8.161074041
214.000000000 -9.952249229
213.000000000 -8.259881461
212.000000000 -9.564372145
211.000000000 -8.678676866
210.000000000 -6.740149602
209.000000000 -10.403937232
208.000000000 -9.722091503
207.000000000 -11.554400024
206.000000000 -5.900144220
205.000000000 -6.451742122
204.000000000 -0.894178305
203.000000000 -1.669885761
202.000000000 -3.627883942
201.000000000 -2.721752340
200.000000000 9.013681392
199.000000000 1.907975779
198.000000000 19.811628007
197.000000000 8.634780670
196.000000000 27.915212201
195.000000000 29.334352685
194.000000000 14.233802229
193.000000000 -16.166263297
192.000000000 32.543294540
191.000000000 45.383012255
190.000000000 -3.088175422
