260.000000000 1.190761673
259.000000000 1.144991258
258.000000000 2.061905058
257.000000000 1.423562956
256.000000000 1.534447228
255.000000000 1.270222159
254.000000000 1.181363747
253.000000000 0.942588780
252.000000000 3.049704700
251.000000000 1.856409120
250.000000000 0.612322448
249.000000000 0.109746912
248.000000000 1.372906765
247.000000000 0.442471006
246.000000000 1.164424328
245.000000000 0.766967895
244.000000000 -0.693470175
243.000000000 -0.419679269
242.000000000 -1.190906643
241.000000000 0.591755091
240.000000000 -1.101226790
239.000000000 0.135026826
238.000000000 -0.811784530
237.000000000 -1.637436502
236.000000000 -1.302166274
235.000000000 -2.196913365
234.000000000 -1.547913637
233.000000000 -3.392914334
232.000000000 -3.731162574
231.000000000 -6.238064579
230.000000000 -5.085749608
229.000000000 -5.035975640
228.000000000 -8.422626299
227.000000000 -7.561880111
226.000000000 -7.298607848
225.000000000 -8.702075135
224.000000000 -9.629182793
223.000000000 -8.221920963
222.000000000 -6.770918222
221.000000000 -5.796210922
220.000000000 -9.918355848
219.000000000 -9.876981487
218.000000000 -8.632303449
217.000000000 -9.974937541
216.000000000 -8.060051132
215.000000000 -11.512210257
214.000000000 -9.861171657
213.000000000 -7.324250751
212.000000000 -5.782655193
211.000000000 -9.981923039
210.000000000 -8.796843786
209.000000000 -8.988597143
208.000000000 -9.210417058
207.000000000 -5.945538791
206.000000000 -4.817175320
205.000000000 -8.229701071
204.000000000 -4.495889179
203.000000000 -1.498755478
202.000000000 3.820489411
201.000000000 5.723922629
200.000000000 -1.695885844
199.000000000 -0.354461235
198.000000000 7.998766810
197.000000000 13.284699324
196.000000000 15.151972542
195.000000000 15.045140202
194.000000000 23.506084442
193.000000000 12.530734664
192.000000000 55.442908615
191.000000000 18.262893180
190.000000000 18.946116754
