260.000000000 0.214073447
259.000000000 0.535363354
258.000000000 0.391268441
257.000000000 -0.498350531
256.000000000 -0.216611197
255.000000000 0.989582880
254.000000000 -0.110451766
253.000000000 -0.916372268
252.000000000 -0.059016110
251.000000000 -2.200616886
250.000000000 0.157787933
249.000000000 0.173935804
248.000000000 -0.032769200
247.000000000 -1.532804431
246.000000000 0.406758902
245.000000000 -0.501925999
244.000000000 -1.148373451
243.000000000 -1.806763713
242.000000000 -0.083108599
241.000000000 -1.390780493
240.000000000 -0.446141405
239.000000000 0.335890054
238.000000000 -0.481881279
237.000000000 -4.210781902
236.000000000 -3.238889430
235.000000000 -3.510220829
234.000000000 -3.294265437
233.000000000 -4.785239760
232.000000000 -2.894160988
231.000000000 -5.642370778
230.000000000 -4.853337826
229.000000000 -6.147935196
228.000000000 -6.878769279
227.000000000 -9.271233437
226.000000000 -7.629750665
225.000000000 -8.084632884
224.000000000 -8.280791281
223.000000000 -8.032336345
222.000000000 -7.759198912
221.000000000 -9.975834062
220.000000000 -6.195081114
219.000000000 -9.367291436
218.000000000 -9.123931996
217.000000000 -8.084741279
216.000000000 -9.750635220
215.000000000 -7.475055287
214.000000000 -5.029568142
213.000000000 -8.425677412
212.000000000 -11.398097665
211.000000000 -7.118992385
210.000000000 -9.625368866
209.000000000 -8.731182656
208.000000000 -11.870085747
207.000000000 -6.548260004
206.000000000 -6.836531581
205.000000000 -8.627702380
204.000000000 -0.647363905
203.000000000 -5.848907776
202.000000000 3.075587468
201.000000000 -7.955788183
200.000000000 0.399031107
199.000000000 5.145546379
198.000000000 5.597972751
197.000000000 4.277077714
196.000000000 12.475408163
195.000000000 17.290367575
194.000000000 13.185391558
193.000000000 13.039146652
192.000000000 45.505478430
191.000000000 5.884821137
190.000000000 28.254803359
