260.000000000 -0.552602340
259.000000000 1.496038851
258.000000000 2.210998068
257.000000000 0.363506759
256.000000000 -0.579485410
255.000000000 1.465573785
254.000000000 -0.750617574
253.000000000 0.761027695
252.000000000 -0.093448890
251.000000000 1.012688845
250.000000000 -0.750386215
249.000000000 -0.328900067
248.000000000 -2.224849742
247.000000000 -0.051417356
246.000000000 -0.039307668
245.000000000 1.108330691
244.000000000 0.794601396
243.000000000 -0.104899564
242.000000000 0.798662198
241.000000000 -0.731587515
240.000000000 0.533041056
239.000000000 -2.644806966
238.000000000 -2.040102866
237.000000000 -2.231083381
236.000000000 -1.780859910
235.000000000 -2.573312892
234.000000000 -2.838541031
233.000000000 -5.029514297
232.000000000 -3.818032699
231.000000000 -4.258708411
230.000000000 -3.892924874
229.000000000 -2.506129970
228.000000000 -3.760922950
227.000000000 -5.423374702
226.000000000 -3.628864312
225.000000000 -6.256802385
224.000000000 -6.350538373
223.000000000 -6.884221708
222.000000000 -5.479533707
221.000000000 -8.894408584
220.000000000 -6.658951016
219.000000000 -6.984205243
218.000000000 -7.651330780
217.000000000 -8.239293602
216.000000000 -5.438010034
215.000000000 -9.096646731
214.000000000 -5.219851082
213.000000000 -9.291254778
212.000000000 -9.784669371
211.000000000 -7.384421728
210.000000000 -5.967798980
209.000000000 -6.907053245
208.000000000 -4.787824066
207.000000000 -8.917123585
206.000000000 -7.369480605
205.000000000 -10.685765083
204.000000000 -4.215386796
203.000000000 -11.098561669
202.000000000 -5.313992952
201.000000000 -5.818834576
200.000000000 -0.246872085
199.000000000 -13.302226593
198.000000000 2.784605186
197.000000000 -24.152570960
196.000000000 17.965921337
195.000000000 31.128407128
194.000000000 44.065263458
193.000000000 -29.044205104
192.000000000 -24.404463252
191.000000000 -19.315816231
190.000000000 -2.159805453
