260.000000000 0.914797754
259.000000000 2.357902154
258.000000000 0.039598726
257.000000000 0.330748374
256.000000000 -0.766070372
255.000000000 -0.251374858
254.000000000 -0.650448099
253.000000000 0.284930201
252.000000000 -0.637226577
251.000000000 -1.055543279
250.000000000 -0.023876392
249.000000000 -0.599488061
248.000000000 -0.916446470
247.000000000 -0.199583295
246.000000000 -1.624519504
245.000000000 -0.027372194
244.000000000 0.045119443
243.000000000 -0.336334518
242.000000000 -1.060031388
241.000000000 -0.917993118
240.000000000 -1.048773497
239.000000000 -2.084878494
238.000000000 -1.237188847
237.000000000 -1.404035300
236.000000000 -2.646041164
235.000000000 -2.202835790
234.000000000 -3.821041807
233.000000000 -2.350389691
232.000000000 -2.783777048
231.000000000 -4.836351590
230.000000000 -3.010706204
229.000000000 -2.897274726
228.000000000 -4.188672415
227.000000000 -3.511721174
226.000000000 -2.254202990
225.000000000 -4.442634947
224.000000000 -5.645404354
223.000000000 -6.316083009
222.000000000 -6.136247689
221.000000000 -5.688255043
220.000000000 -4.417205776
219.000000000 -6.444479082
218.000000000 -6.740566329
217.000000000 -8.272763811
216.000000000 -5.891925993
215.000000000 -3.547306127
214.000000000 -6.475469373
213.000000000 -8.061809342
212.000000000 -8.680088654
211.000000000 -3.240427605
210.000000000 -9.069842624
209.000000000 -9.376507338
208.000000000 -8.472109456
207.000000000 -6.772913847
206.000000000 -9.181543099
205.000000000 -6.000432392
204.000000000 -5.849945662
203.000000000 -7.583457777
202.000000000 -7.350842080
201.000000000 17.026372453
200.000000000 -3.992517935
199.000000000 13.268526048
198.000000000 7.560215633
197.000000000 28.129879173
196.000000000 34.511666927
195.000000000 -37.441332387
194.000000000 32.195545804
193.000000000 -177.625760455
192.000000000 171.844523655
191.000000000 41.351952574
190.000000000 -28.892010717
