260.000000000 1.131245557
259.000000000 0.475152544
258.000000000 -0.310713522
257.000000000 1.400584583
256.000000000 -0.488619089
255.000000000 -0.359741867
254.000000000 -0.818705774
253.000000000 0.943743012
252.000000000 -0.426542401
251.000000000 -1.172247346
250.000000000 -0.304483280
249.000000000 1.199942053
248.000000000 -0.753179931
247.000000000 -1.566421498
246.000000000 -1.308836110
245.000000000 -1.803415499
244.000000000 -0.890716496
243.000000000 -0.009679694
242.000000000 -0.902901320
241.000000000 -1.377868753
240.000000000 0.652721786
239.000000000 -1.305581742
238.000000000 -0.520936849
237.000000000 -1.873388529
236.000000000 -2.417512159
235.000000000 -2.551093236
234.000000000 -3.957749113
233.000000000 -2.854235249
232.000000000 -3.407863924
231.000000000 -1.948987160
230.000000000 -4.759678733
229.000000000 -4.544312775
228.000000000 -4.625187353
227.000000000 -4.333804352
226.000000000 -2.206281019
225.000000000 -7.757138216
224.000000000 -8.918005295
223.000000000 -4.541160143
222.000000000 -6.407240913
221.000000000 -8.932930411
220.000000000 -6.592581350
219.000000000 -5.964085618
218.000000000 -8.271156006
217.000000000 -7.659541526
216.000000000 -5.463629750
215.000000000 -3.429622293
214.000000000 -5.455488235
213.000000000 -7.973366475
212.000000000 -3.803381468
211.000000000 -5.602951053
210.000000000 -5.971297911
209.000000000 -5.823106376
208.000000000 -2.404747347
207.000000000 -7.938312608
206.000000000 -5.189577801
205.000000000 -7.672892984
204.000000000 -3.922506706
203.000000000 4.283191132
202.000000000 10.838720944
201.000000000 -3.172202131
200.000000000 -5.934101389
199.000000000 1.623746965
198.000000000 -8.535647153
197.000000000 -1.410071926
196.000000000 -1.318330578
195.000000000 -47.017203718
194.000000000 17.460648925
193.000000000 89.055525803
192.000000000 130.289488222
191.000000000 77.603105637
190.000000000 -46.490598090
