260.000000000 0.684522035
259.000000000 0.550428281
258.000000000 0.431385817
257.000000000 0.772318698
256.000000000 0.602104255
255.000000000 2.025479137
254.000000000 0.832470762
253.000000000 0.080042190
252.000000000 0.792671270
251.000000000 -0.030423692
250.000000000 -0.354109812
249.000000000 0.102480414
248.000000000 1.118683538
247.000000000 -0.209375186
246.000000000 0.920033202
245.000000000 -0.781506034
244.000000000 -0.861508989
243.000000000 -1.219455904
242.000000000 -1.988902125
241.000000000 -0.572134365
240.000000000 0.586645819
239.000000000 -0.542350421
238.000000000 -3.088909082
237.000000000 1.357183671
236.000000000 -1.243788917
235.000000000 -0.569375092
234.000000000 -1.844911085
233.000000000 -4.357789985
232.000000000 -3.756146960
231.000000000 -4.121858194
230.000000000 -3.580808862
229.000000000 -3.387603434
228.000000000 -5.111522468
227.000000000 -8.576491681
226.000000000 -6.392941774
225.000000000 -5.712432197
224.000000000 -7.231927560
223.000000000 -5.436940011
222.000000000 -6.677139109
221.000000000 -8.086053457
220.000000000 -6.871646193
219.000000000 -8.040744453
218.000000000 -8.674167556
217.000000000 -6.437179831
216.000000000 -6.224871271
215.000000000 -7.699608052
214.000000000 -9.572603084
213.000000000 -7.553698450
212.000000000 -8.398486414
211.000000000 -8.258407258
210.000000000 -5.677132012
209.000000000 -6.221822770
208.000000000 -7.818424012
207.000000000 -5.660231074
206.000000000 -4.832344508
205.000000000 -0.989161620
204.000000000 -5.884847070
203.000000000 -6.028244146
202.000000000 -1.501715275
201.000000000 2.931590392
200.000000000 0.401880424
199.000000000 0.880447109
198.000000000 -1.403671096
197.000000000 7.758433334
196.000000000 13.026167675
195.000000000 -9.399792418
194.000000000 7.392878279
193.000000000 10.691340384
192.000000000 73.495810697
191.000000000 29.522113825
190.000000000 46.483276219
