260.000000000 0.966204780
259.000000000 -0.586351865
258.000000000 1.412228553
257.000000000 0.743281505
256.000000000 -0.109717794
255.000000000 0.306091391
254.000000000 -0.813910408
253.000000000 0.169813047
252.000000000 -0.462436861
251.000000000 -0.024228379
250.000000000 -0.380045663
249.000000000 -1.445192141
248.000000000 -0.389784692
247.000000000 -0.067241736
246.000000000 -0.374176428
245.000000000 -1.444354176
244.000000000 -2.388993789
243.000000000 0.395997759
242.000000000 0.374007260
241.000000000 -0.952787193
240.000000000 -1.308327063
239.000000000 -1.814583350
238.000000000 -2.898789038
237.000000000 -1.118238176
236.000000000 -3.546955194
235.000000000 -2.134408531
234.000000000 -3.869213028
233.000000000 -4.498759523
232.000000000 -6.272452725
231.000000000 -5.119438568
230.000000000 -4.120194399
229.000000000 -5.424452605
228.000000000 -4.152605354
227.000000000 -7.266929755
226.000000000 -5.404055844
225.000000000 -7.542879238
224.000000000 -5.840692411
223.000000000 -8.930555860
222.000000000 -9.172082348
221.000000000 -9.839192698
220.000000000 -7.076537401
219.000000000 -4.829356734
218.000000000 -9.047222283
217.000000000 -9.664233258
216.000000000 -6.946962423
215.000000000 -7.842945024
214.000000000 -8.628262900
213.000000000 -5.074627741
212.000000000 -7.601479696
211.000000000 -7.788842520
210.000000000 -8.527199182
209.000000000 -7.761131512
208.000000000 -8.036362458
207.000000000 -6.475434904
206.000000000 -8.957406150
205.000000000 -10.553004632
204.000000000 -5.871650739
203.000000000 -4.230255394
202.000000000 6.203432209
201.000000000 -1.645782156
200.000000000 1.986390076
199.000000000 -6.017012145
198.000000000 1.319661040
197.000000000 23.028988105
196.000000000 0.080554191
195.000000000 12.027325159
194.000000000 -15.956232685
193.000000000 26.400160999
192.000000000 -10.160219898
191.000000000 59.362023296
190.000000000 96.276712053
