260.000000000 -1.097971419
259.000000000 0.093896369
258.000000000 0.315257087
257.000000000 0.032920549
256.000000000 0.202414656
255.000000000 -0.187249745
254.000000000 0.641479606
253.000000000 1.072572000
252.000000000 0.302957122
251.000000000 0.001625185
250.000000000 1.539430652
249.000000000 -1.496727791
248.000000000 0.968864088
247.000000000 -0.496024035
246.000000000 -0.076163156
245.000000000 -0.630223184
244.000000000 -0.155373109
243.000000000 -0.359480135
242.000000000 -0.134204434
241.000000000 -1.251194766
240.000000000 -0.740319890
239.000000000 -1.039041613
238.000000000 -3.723986131
237.000000000 -1.325213717
236.000000000 -1.115661157
235.000000000 -3.066103847
234.000000000 -3.466109036
233.000000000 -5.118080502
232.000000000 -6.025831196
231.000000000 -4.950409661
230.000000000 -6.717074463
229.000000000 -6.177946605
228.000000000 -6.988396373
227.000000000 -5.714571094
226.000000000 -7.080991086
225.000000000 -8.334222344
224.000000000 -10.457505557
223.000000000 -7.322923344
222.000000000 -8.811971377
221.000000000 -7.676791687
220.000000000 -9.044373275
219.000000000 -10.418858120
218.000000000 -11.366926842
217.000000000 -10.679898800
216.000000000 -9.224691777
215.000000000 -9.935220049
214.000000000 -8.804309687
213.000000000 -12.796955906
212.000000000 -6.878188715
211.000000000 -5.924632177
210.000000000 -9.024257062
209.000000000 -8.248082478
208.000000000 -3.801853297
207.000000000 -9.772814898
206.000000000 -8.833003636
205.000000000 -2.034031665
204.000000000 -3.031738628
203.000000000 -11.254239608
202.000000000 -0.102532600
201.000000000 -4.967844331
200.000000000 0.605421895
199.000000000 8.034038036
198.000000000 6.378471225
197.000000000 4.155274111
196.000000000 3.113561798
195.000000000 25.512565105
194.000000000 6.743024444
193.000000000 26.514907634
192.000000000 57.552447368
191.000000000 -47.261971702
190.000000000 -69.172614770
