260.000000000 1.364172421
259.000000000 2.023896908
258.000000000 1.911628069
257.000000000 0.019902039
256.000000000 0.476700265
255.000000000 0.757087759
254.000000000 1.026583024
253.000000000 0.293799232
252.000000000 2.160062528
251.000000000 0.751377179
250.000000000 0.290431813
249.000000000 0.708961525
248.000000000 0.505778637
247.000000000 0.827290486
246.000000000 0.143259442
245.000000000 0.491927963
244.000000000 -2.354380046
243.000000000 -1.073229214
242.000000000 1.493095795
241.000000000 -1.037644321
240.000000000 -0.256559231
239.000000000 0.563272847
238.000000000 -2.791111110
237.000000000 -0.547997730
236.000000000 0.459641569
235.000000000 -1.594464212
234.000000000 -1.342157883
233.000000000 -3.320648631
232.000000000 -2.642439582
231.000000000 -5.703535117
230.000000000 -3.175106176
229.000000000 -4.369669098
228.000000000 -6.664277256
227.000000000 -6.754157389
226.000000000 -7.917765547
225.000000000 -7.617156434
224.000000000 -9.148667883
223.000000000 -8.722179466
222.000000000 -9.197094541
221.000000000 -6.716118559
220.000000000 -9.463887791
219.000000000 -8.529084591
218.000000000 -9.178625524
217.000000000 -8.541590009
216.000000000 -7.703087632
215.000000000 -7.871664208
214.000000000 -6.534808867
213.000000000 -5.341823691
212.000000000 -7.759314746
211.000000000 -6.244025642
210.000000000 -6.792592047
209.000000000 -8.813826768
208.000000000 -5.792021656
207.000000000 -5.414540115
206.000000000 -7.786315999
205.000000000 -1.496872925
204.000000000 -4.546723136
203.000000000 -1.609356497
202.000000000 -5.566246985
201.000000000 -3.293272316
200.000000000 1.799423798
199.000000000 7.787886441
198.000000000 9.814813394
197.000000000 12.585020548
196.000000000 12.147043961
195.000000000 37.722710389
194.000000000 7.098694218
193.000000000 4.015427948
192.000000000 13.099635510
191.000000000 15.861159599
190.000000000 21.948941041
