260.000000000 0.692867217
259.000000000 0.360497050
258.000000000 0.855102745
257.000000000 0.875953867
256.000000000 1.302363636
255.000000000 -0.872950987
254.000000000 1.056470953
253.000000000 -0.957123718
252.000000000 1.604165715
251.000000000 -0.058860783
250.000000000 0.289014817
249.000000000 0.409612706
248.000000000 -0.021277780
247.000000000 0.141990432
246.000000000 1.800448429
245.000000000 -0.780639360
244.000000000 -2.651705941
243.000000000 1.307270284
242.000000000 -0.037234510
241.000000000 -2.087816999
240.000000000 -2.584700453
239.000000000 -0.940092304
238.000000000 -0.323152564
237.000000000 -2.069275062
236.000000000 -2.104687453
235.000000000 -0.866459882
234.000000000 -4.575819841
233.000000000 -2.270836319
232.000000000 -4.244873668
231.000000000 -4.198445974
230.000000000 -4.002259855
229.000000000 -4.366564225
228.000000000 -3.797311355
227.000000000 -6.273431531
226.000000000 -5.357712038
225.000000000 -4.680643294
224.000000000 -5.407773510
223.000000000 -6.485985832
222.000000000 -6.564839526
221.000000000 -7.478875211
220.000000000 -10.580930424
219.000000000 -6.631403080
218.000000000 -9.970067971
217.000000000 -6.215810583
216.000000000 -6.656304900
215.000000000 -6.168033574
214.000000000 -6.358113214
213.000000000 -7.242878023
212.000000000 -7.789332912
211.000000000 -6.218544141
210.000000000 -4.572160256
209.000000000 -6.740330418
208.000000000 -7.075170573
207.000000000 -3.661382329
206.000000000 -4.760973525
205.000000000 -3.660196413
204.000000000 -6.764921954
203.000000000 -6.056570282
202.000000000 -10.067034224
201.000000000 -7.102444931
200.000000000 2.839507074
199.000000000 -8.039727988
198.000000000 -3.714793506
197.000000000 20.955648674
196.000000000 24.423414403
195.000000000 11.295917449
194.000000000 22.017305153
193.000000000 23.319287072
192.000000000 -74.907756642
191.000000000 0.521250175
190.000000000 -42.439722379
