260.000000000 0.943075708
259.000000000 -1.103918843
258.000000000 1.889833807
257.000000000 1.099605386
256.000000000 1.246922608
255.000000000 0.463626903
254.000000000 0.870417203
253.000000000 1.889061927
252.000000000 0.868523160
251.000000000 0.972342179
250.000000000 -0.208420864
249.000000000 -0.010699590
248.000000000 0.028900386
247.000000000 -0.660897713
246.000000000 0.443242142
245.000000000 0.178738800
244.000000000 -1.922163914
243.000000000 -0.224639392
242.000000000 -0.599210379
241.000000000 -1.753668385
240.000000000 -2.006302435
239.000000000 -0.686361742
238.000000000 -2.770338556
237.000000000 -1.354663922
236.000000000 -2.753834701
235.000000000 -3.324771342
234.000000000 -3.805951264
233.000000000 -3.283118464
232.000000000 -4.779397431
231.000000000 -4.661039574
230.000000000 -4.289121525
229.000000000 -3.418642204
228.000000000 -9.151928192
227.000000000 -8.288086471
226.000000000 -6.713090533
225.000000000 -8.182824004
224.000000000 -8.643324976
223.000000000 -8.232412626
222.000000000 -5.963809167
221.000000000 -7.067405956
220.000000000 -9.221212537
219.000000000 -6.496189867
218.000000000 -6.152850179
217.000000000 -8.220280401
216.000000000 -8.406377553
215.000000000 -9.023485577
214.000000000 -11.213671250
213.000000000 -7.530377838
212.000000000 -6.105418609
211.000000000 -8.438747172
210.000000000 -10.797176884
209.000000000 -4.809950154
208.000000000 -5.512262644
207.000000000 -7.245776000
206.000000000 -9.034291222
205.000000000 -2.228353722
204.000000000 -5.706690434
203.000000000 -0.291290316
202.000000000 -1.920859706
201.000000000 4.059882014
200.000000000 -5.482718582
199.000000000 10.565897707
198.000000000 14.274920590
197.000000000 4.176708431
196.000000000 25.801259462
195.000000000 -5.579253429
194.000000000 31.236816805
193.000000000 -21.324331679
192.000000000 110.958172712
191.000000000 -35.742790878
190.000000000 136.256786825
