260.000000000 1.374839585
259.000000000 -1.193683631
258.000000000 0.459022436
257.000000000 -0.477295570
256.000000000 0.331754537
255.000000000 0.158619559
254.000000000 -1.075698069
253.000000000 0.724193165
252.000000000 -0.931874515
251.000000000 2.463078964
250.000000000 0.033716363
249.000000000 -0.164962695
248.000000000 -0.085597455
247.000000000 -0.018978102
246.000000000 2.319657679
245.000000000 -0.912254299
244.000000000 0.329110153
243.000000000 -1.781947075
242.000000000 -0.996903819
241.000000000 -0.172247631
240.000000000 -2.107644500
239.000000000 -1.504697781
238.000000000 -1.502622465
237.000000000 -1.938741600
236.000000000 -1.892695532
235.000000000 -3.815897396
234.000000000 -3.391472469
233.000000000 -2.469795487
232.000000000 -2.748437466
231.000000000 -3.059983472
230.000000000 -2.713157476
229.000000000 -3.931838670
228.000000000 -6.533091070
227.000000000 -4.267550940
226.000000000 -7.156365044
225.000000000 -5.783369060
224.000000000 -5.987804033
223.000000000 -9.175549499
222.000000000 -9.155260695
221.000000000 -6.653903133
220.000000000 -10.767646361
219.000000000 -9.653742224
218.000000000 -8.615765932
217.000000000 -4.993101043
216.000000000 -7.218590381
215.000000000 -9.796161143
214.000000000 -7.643719039
213.000000000 -9.219401018
212.000000000 -9.188145287
211.000000000 -8.653872624
210.000000000 -9.817051060
209.000000000 -8.482401074
208.000000000 -9.017197712
207.000000000 -11.786924740
206.000000000 -8.815478803
205.000000000 -3.132445588
204.000000000 0.576489021
203.000000000 -10.498520271
202.000000000 -0.120853000
201.000000000 -4.380097367
200.000000000 -3.567582715
199.000000000 10.901242251
198.000000000 0.480034177
197.000000000 8.623774383
196.000000000 5.264503356
195.000000000 1.939481794
194.000000000 0.398140979
193.000000000 -27.189407901
192.000000000 19.461715489
191.000000000 -84.582048484
190.000000000 37.278426305
