260.000000000 0.071128296
259.000000000 -0.219704679
258.000000000 0.129327862
257.000000000 0.365527634
256.000000000 1.768443250
255.000000000 -0.665574416
254.000000000 0.693641597
253.000000000 1.378058474
252.000000000 1.021628881
251.000000000 1.079622351
250.000000000 1.645399517
249.000000000 1.133629499
248.000000000 1.051691717
247.000000000 0.307461407
246.000000000 0.958052725
245.000000000 -0.502289661
244.000000000 0.724169973
243.000000000 -1.197527109
242.000000000 -0.504072738
241.000000000 1.325524618
240.000000000 -0.471368148
239.000000000 -1.035632736
238.000000000 -0.801924361
237.000000000 0.397891666
236.000000000 -2.346826305
235.000000000 -2.932783680
234.000000000 -2.324284516
233.000000000 -2.785157255
232.000000000 -6.203011201
231.000000000 -2.788357101
230.000000000 -6.876846846
229.000000000 -5.394964513
228.000000000 -7.011686750
227.000000000 -6.485875299
226.000000000 -5.464595664
225.000000000 -7.408838705
224.000000000 -9.659776928
223.000000000 -9.832392075
222.000000000 -6.920342217
221.000000000 -7.162066708
220.000000000 -10.010771708
219.000000000 -8.891950518
218.000000000 -11.294560768
217.000000000 -10.241647431
216.000000000 -9.083799475
215.000000000 -5.620088717
214.000000000 -11.061714754
213.000000000 -9.571219160
212.000000000 -9.511318758
211.000000000 -10.415798105
210.000000000 -6.925660886
209.000000000 -6.818357368
208.000000000 -4.358131666
207.000000000 -4.159619342
206.000000000 -9.380919784
205.000000000 -0.609164857
204.000000000 2.466215382
203.000000000 0.680618142
202.000000000 3.138544844
201.000000000 7.600353001
200.000000000 8.653202297
199.000000000 1.688336005
198.000000000 14.747585277
197.000000000 4.603838553
196.000000000 22.131129871
195.000000000 16.700551133
194.000000000 13.503410792
193.000000000 20.318600547
192.000000000 33.328188783
191.000000000 59.016997297
190.000000000 76.442464889
