260.000000000 0.762430977
259.000000000 1.526257611
258.000000000 1.617055329
257.000000000 0.555434392
256.000000000 0.993269921
255.000000000 0.821240845
254.000000000 -0.797796570
253.000000000 -0.357630347
252.000000000 -0.360195772
251.000000000 1.021128454
250.000000000 -0.589472549
249.000000000 0.013222453
248.000000000 1.114051724
247.000000000 -0.668779162
246.000000000 -0.307083979
245.000000000 0.176310907
244.000000000 0.916566505
243.000000000 -1.188600838
242.000000000 -2.691297517
241.000000000 -1.956569983
240.000000000 -1.693610256
239.000000000 0.161334237
238.000000000 -1.500825270
237.000000000 -3.271123903
236.000000000 -4.115261850
235.000000000 -1.771429291
234.000000000 -4.464781482
233.000000000 -5.102929323
232.000000000 -6.148361926
231.000000000 -4.873050539
230.000000000 -6.126079691
229.000000000 -4.138777996
228.000000000 -4.615753646
227.000000000 -6.504204265
226.000000000 -5.985035617
225.000000000 -8.255663169
224.000000000 -8.985490603
223.000000000 -6.891732814
222.000000000 -8.899185290
221.000000000 -8.696897718
220.000000000 -7.323161150
219.000000000 -9.210670382
218.000000000 -6.826969939
217.000000000 -9.444570393
216.000000000 -7.229949157
215.000000000 -9.723580628
214.000000000 -9.187958807
213.000000000 -8.880035493
212.000000000 -7.977142752
211.000000000 -10.000849308
210.000000000 -8.207976077
209.000000000 -9.421005411
208.000000000 -7.748727351
207.000000000 -9.195729481
206.000000000 -4.938153706
205.000000000 -11.313585357
204.000000000 -4.912781003
203.000000000 -8.198325847
202.000000000 -2.052917805
201.000000000 6.005859894
200.000000000 6.303978640
199.000000000 -5.652608444
198.000000000 12.343527612
197.000000000 -0.985510892
196.000000000 12.951355775
195.000000000 10.562374531
194.000000000 -9.775409570
193.000000000 5.040093508
192.000000000 25.103887646
191.000000000 77.710042771
190.000000000 29.884725771
