260.000000000 0.808728938
259.000000000 1.329228894
258.000000000 0.394556934
257.000000000 -0.578394394
256.000000000 1.045554582
255.000000000 1.391790457
254.000000000 0.815827869
253.000000000 -0.261881568
252.000000000 -0.078010579
251.000000000 -1.086007451
250.000000000 0.430978980
249.000000000 -0.022243578
248.000000000 -0.856232308
247.000000000 0.671151935
246.000000000 -0.138648591
245.000000000 -1.632066893
244.000000000 0.626283826
243.000000000 -0.050516540
242.000000000 -1.162764348
241.000000000 -1.056654895
240.000000000 -1.808753405
239.000000000 -0.805061660
238.000000000 -2.505779103
237.000000000 -3.382305283
236.000000000 -3.080607588
235.000000000 -2.540655837
234.000000000 -3.077218342
233.000000000 -3.721421324
232.000000000 -4.918360469
231.000000000 -5.831324391
230.000000000 -5.033095078
229.000000000 -8.565882593
228.000000000 -9.025004592
227.000000000 -7.975947253
226.000000000 -9.953490731
225.000000000 -8.785060863
224.000000000 -7.596190631
223.000000000 -11.459540892
222.000000000 -9.980920680
221.000000000 -10.169258395
220.000000000 -12.090182208
219.000000000 -11.250111536
218.000000000 -7.381470637
217.000000000 -10.518829657
216.000000000 -7.863459177
215.000000000 -10.175057184
214.000000000 -10.563426009
213.000000000 -9.881778277
212.000000000 -10.730744994
211.000000000 -9.321633394
210.000000000 -9.094538121
209.000000000 -8.524668956
208.000000000 -8.260737932
207.000000000 -6.707312912
206.000000000 -4.397979658
205.000000000 -7.595014874
204.000000000 -1.394707247
203.000000000 1.911061455
202.000000000 -3.952144752
201.000000000 2.206302404
200.000000000 10.602682026
199.000000000 15.517719175
198.000000000 2.644115399
197.000000000 5.075079505
196.000000000 17.959652539
195.000000000 23.555263791
194.000000000 33.047962265
193.000000000 14.413728364
192.000000000 43.178931771
191.000000000 -4.186703548
190.000000000 3.774754465
