260.000000000 2.346601055
259.000000000 2.211090601
258.000000000 1.700433572
257.000000000 1.772383316
256.000000000 2.616351450
255.000000000 1.529665495
254.000000000 1.448004598
253.000000000 2.586198947
252.000000000 1.192679743
251.000000000 1.079791375
250.000000000 1.560262087
249.000000000 1.516430535
248.000000000 2.655863912
247.000000000 0.695338286
246.000000000 1.268082324
245.000000000 1.036831248
244.000000000 1.287399898
243.000000000 1.786223876
242.000000000 -0.167816241
241.000000000 1.378325125
240.000000000 0.784347465
239.000000000 -0.517456212
238.000000000 0.585069700
237.000000000 -1.404320653
236.000000000 -0.157984546
235.000000000 -0.598538192
234.000000000 -3.146620483
233.000000000 -1.626492375
232.000000000 -5.197721965
231.000000000 -1.871978904
230.000000000 -4.737177756
229.000000000 -3.767720792
228.000000000 -4.347443406
227.000000000 -7.329764447
226.000000000 -7.360504886
225.000000000 -7.657909167
224.000000000 -7.410012539
223.000000000 -9.557156412
222.000000000 -6.981779523
221.000000000 -8.097885429
220.000000000 -6.475306725
219.000000000 -7.619430611
218.000000000 -7.331196202
217.000000000 -6.763155510
216.000000000 -6.415873036
215.000000000 -8.276596204
214.000000000 -7.601860454
213.000000000 -9.369936830
212.000000000 -8.114250787
211.000000000 -4.974388814
210.000000000 -7.308614074
209.000000000 -5.177481529
208.000000000 -5.811017663
207.000000000 -2.945271668
206.000000000 -4.972275467
205.000000000 -4.146518642
204.000000000 -0.787245339
203.000000000 5.990175253
202.000000000 -2.457761596
201.000000000 8.191695035
200.000000000 6.925292216
199.000000000 10.897791056
198.000000000 15.213000444
197.000000000 12.327811316
196.000000000 7.863614244
195.000000000 22.982915417
194.000000000 22.584973918
193.000000000 14.218562635
192.000000000 40.016774464
191.000000000 52.155250043
190.000000000 14.304475687
