260.000000000 0.065220516
259.000000000 1.491038721
258.000000000 0.090841123
257.000000000 0.210565375
256.000000000 -0.607234529
255.000000000 1.770338906
254.000000000 0.455396978
253.000000000 0.332254653
252.000000000 -0.527952908
251.000000000 0.516199188
250.000000000 1.258967029
249.000000000 -1.425525609
248.000000000 1.009426270
247.000000000 0.070763814
246.000000000 -0.489510068
245.000000000 0.258084530
244.000000000 -0.198020165
243.000000000 -0.826061712
242.000000000 0.409490317
241.000000000 -1.732540346
240.000000000 -0.503511546
239.000000000 -0.342087879
238.000000000 -1.208885820
237.000000000 -2.377228492
236.000000000 -2.027630380
235.000000000 -4.043298449
234.000000000 -3.107967121
233.000000000 -4.845489431
232.000000000 -3.182414128
231.000000000 -5.880518989
230.000000000 -6.205673661
229.000000000 -7.239125765
228.000000000 -6.115728115
227.000000000 -8.690172047
226.000000000 -8.077483325
225.000000000 -8.923323590
224.000000000 -9.408792051
223.000000000 -9.214914615
222.000000000 -9.594289117
221.000000000 -7.606381021
220.000000000 -11.373290340
219.000000000 -8.961315213
218.000000000 -9.211384761
217.000000000 -12.735344625
216.000000000 -12.497146082
215.000000000 -9.769009906
214.000000000 -10.056405336
213.000000000 -9.509124585
212.000000000 -12.132401555
211.000000000 -8.173133396
210.000000000 -10.050442570
209.000000000 -9.969816289
208.000000000 -10.736698456
207.000000000 -4.707905051
206.000000000 -8.380262542
205.000000000 -11.583529323
204.000000000 -4.420550354
203.000000000 -5.076430626
202.000000000 -3.605402754
201.000000000 -8.151618525
200.000000000 2.344344789
199.000000000 3.847571161
198.000000000 3.956994389
197.000000000 5.222324365
196.000000000 -0.275311367
195.000000000 21.300289648
194.000000000 6.583907816
193.000000000 -1.124325739
192.000000000 26.325067932
191.000000000 -9.017866740
190.000000000 56.093907434
