250.000000000 310.670623779
249.000000000 310.670623779
248.000000000 310.670623779
247.000000000 310.670623779
246.000000000 310.670623779
245.000000000 310.670623779
244.000000000 310.670623779
243.000000000 310.670623779
242.000000000 310.670623779
241.000000000 310.670623779
240.000000000 310.670623779
239.000000000 310.670623779
238.000000000 310.670623779
237.000000000 310.670623779
236.000000000 310.670623779
235.000000000 325.914123535
234.000000000 325.914123535
233.000000000 325.914123535
232.000000000 325.914123535
231.000000000 325.914123535
230.000000000 325.914123535
229.000000000 325.914123535
228.000000000 325.914123535
227.000000000 325.914123535
226.000000000 325.914123535
225.000000000 325.914123535
224.000000000 325.914123535
223.000000000 341.863037109
222.000000000 341.863037109
221.000000000 341.863037109
220.000000000 341.863037109
219.000000000 341.863037109
218.000000000 341.863037109
217.000000000 341.863037109
216.000000000 341.863037109
215.000000000 359.386688232
214.000000000 359.386688232
213.000000000 359.386688232
212.000000000 359.386688232
211.000000000 359.386688232
210.000000000 379.443237305
209.000000000 379.443237305
208.000000000 379.443237305
207.000000000 398.113555908
206.000000000 398.113555908
205.000000000 398.113555908
204.000000000 421.881988525
203.000000000 421.881988525
202.000000000 443.902709961
201.000000000 443.902709961
200.000000000 480.641296387
199.000000000 510.611633301
198.000000000 545.388061523
197.000000000 592.539123535
196.000000000 648.343322754
195.000000000 722.533935547
194.000000000 815.404541016
193.000000000 923.843566895
192.000000000 1027.304809570
191.000000000 1082.828491211
190.000000000 1082.828491211
