250.000000000 310.670623779
249.000000000 310.670623779
248.000000000 310.670623779
247.000000000 310.670623779
246.000000000 310.670623779
245.000000000 310.670623779
244.000000000 310.670623779
243.000000000 310.670623779
242.000000000 310.670623779
241.000000000 310.670623779
240.000000000 310.670623779
239.000000000 310.670623779
238.000000000 310.670623779
237.000000000 310.670623779
236.000000000 310.670623779
235.000000000 326.261566162
234.000000000 326.261566162
233.000000000 326.261566162
232.000000000 326.261566162
231.000000000 326.261566162
230.000000000 326.261566162
229.000000000 326.261566162
228.000000000 326.261566162
227.000000000 326.261566162
226.000000000 326.261566162
225.000000000 326.261566162
224.000000000 326.261566162
223.000000000 326.261566162
222.000000000 342.050292969
221.000000000 342.050292969
220.000000000 342.050292969
219.000000000 342.050292969
218.000000000 342.050292969
217.000000000 342.050292969
216.000000000 342.050292969
215.000000000 342.050292969
214.000000000 358.513153076
213.000000000 358.513153076
212.000000000 358.513153076
211.000000000 358.513153076
210.000000000 375.832733154
209.000000000 375.832733154
208.000000000 375.832733154
207.000000000 375.832733154
206.000000000 397.620361328
205.000000000 397.620361328
204.000000000 397.620361328
203.000000000 420.104095459
202.000000000 420.104095459
201.000000000 442.582305908
200.000000000 442.582305908
199.000000000 480.303710938
198.000000000 507.175598145
197.000000000 541.811279297
196.000000000 581.345581055
195.000000000 636.255676270
194.000000000 705.307250977
193.000000000 796.163452148
192.000000000 901.741882324
191.000000000 1008.622253418
190.000000000 1057.941040039
