250.000000000 318.934753418
249.000000000 318.934753418
248.000000000 318.934753418
247.000000000 318.934753418
246.000000000 318.934753418
245.000000000 318.934753418
244.000000000 318.934753418
243.000000000 318.934753418
242.000000000 318.934753418
241.000000000 318.934753418
240.000000000 318.934753418
239.000000000 318.934753418
238.000000000 318.934753418
237.000000000 318.934753418
236.000000000 318.934753418
235.000000000 318.934753418
234.000000000 318.934753418
233.000000000 318.934753418
232.000000000 318.934753418
231.000000000 318.934753418
230.000000000 335.936187744
229.000000000 335.936187744
228.000000000 335.936187744
227.000000000 335.936187744
226.000000000 335.936187744
225.000000000 335.936187744
224.000000000 335.936187744
223.000000000 335.936187744
222.000000000 335.936187744
221.000000000 335.936187744
220.000000000 335.936187744
219.000000000 353.446563721
218.000000000 353.446563721
217.000000000 353.446563721
216.000000000 353.446563721
215.000000000 353.446563721
214.000000000 353.446563721
213.000000000 353.446563721
212.000000000 373.245178223
211.000000000 373.245178223
210.000000000 373.245178223
209.000000000 373.245178223
208.000000000 395.221832275
207.000000000 395.221832275
206.000000000 395.221832275
205.000000000 395.221832275
204.000000000 418.256774902
203.000000000 418.256774902
202.000000000 418.256774902
201.000000000 444.735229492
200.000000000 444.735229492
199.000000000 480.822265625
198.000000000 505.273010254
197.000000000 536.779663086
196.000000000 577.221252441
195.000000000 629.425720215
194.000000000 696.344177246
193.000000000 779.100036621
192.000000000 879.510925293
191.000000000 957.233093262
190.000000000 957.233093262
