250.000000000 318.934753418
249.000000000 318.934753418
248.000000000 318.934753418
247.000000000 318.934753418
246.000000000 318.934753418
245.000000000 318.934753418
244.000000000 318.934753418
243.000000000 318.934753418
242.000000000 318.934753418
241.000000000 318.934753418
240.000000000 318.934753418
239.000000000 318.934753418
238.000000000 318.934753418
237.000000000 318.934753418
236.000000000 318.934753418
235.000000000 318.934753418
234.000000000 318.934753418
233.000000000 318.934753418
232.000000000 318.934753418
231.000000000 318.934753418
230.000000000 334.938964844
229.000000000 334.938964844
228.000000000 334.938964844
227.000000000 334.938964844
226.000000000 334.938964844
225.000000000 334.938964844
224.000000000 334.938964844
223.000000000 334.938964844
222.000000000 334.938964844
221.000000000 334.938964844
220.000000000 334.938964844
219.000000000 352.108764648
218.000000000 352.108764648
217.000000000 352.108764648
216.000000000 352.108764648
215.000000000 352.108764648
214.000000000 352.108764648
213.000000000 352.108764648
212.000000000 371.249633789
211.000000000 371.249633789
210.000000000 371.249633789
209.000000000 371.249633789
208.000000000 392.322204590
207.000000000 392.322204590
206.000000000 392.322204590
205.000000000 392.322204590
204.000000000 412.923370361
203.000000000 412.923370361
202.000000000 412.923370361
201.000000000 436.482299805
200.000000000 436.482299805
199.000000000 464.834075928
198.000000000 464.834075928
197.000000000 509.796356201
196.000000000 542.635925293
195.000000000 584.601257324
194.000000000 636.082336426
193.000000000 704.169250488
192.000000000 787.362121582
191.000000000 865.452575684
190.000000000 916.964965820
