250.000000000 310.670623779
249.000000000 310.670623779
248.000000000 310.670623779
247.000000000 310.670623779
246.000000000 310.670623779
245.000000000 310.670623779
244.000000000 310.670623779
243.000000000 310.670623779
242.000000000 310.670623779
241.000000000 310.670623779
240.000000000 310.670623779
239.000000000 310.670623779
238.000000000 310.670623779
237.000000000 310.670623779
236.000000000 310.670623779
235.000000000 310.670623779
234.000000000 326.148742676
233.000000000 326.148742676
232.000000000 326.148742676
231.000000000 326.148742676
230.000000000 326.148742676
229.000000000 326.148742676
228.000000000 326.148742676
227.000000000 326.148742676
226.000000000 326.148742676
225.000000000 326.148742676
224.000000000 326.148742676
223.000000000 326.148742676
222.000000000 342.114807129
221.000000000 342.114807129
220.000000000 342.114807129
219.000000000 342.114807129
218.000000000 342.114807129
217.000000000 342.114807129
216.000000000 342.114807129
215.000000000 342.114807129
214.000000000 359.206604004
213.000000000 359.206604004
212.000000000 359.206604004
211.000000000 359.206604004
210.000000000 359.206604004
209.000000000 381.563507080
208.000000000 381.563507080
207.000000000 381.563507080
206.000000000 381.563507080
205.000000000 404.108856201
204.000000000 404.108856201
203.000000000 404.108856201
202.000000000 430.313049316
201.000000000 430.313049316
200.000000000 459.129760742
199.000000000 480.922851562
198.000000000 507.302307129
197.000000000 541.579833984
196.000000000 583.396362305
195.000000000 637.517333984
194.000000000 706.152587891
193.000000000 795.859863281
192.000000000 907.616394043
191.000000000 1010.688110352
190.000000000 1068.950439453
