250.000000000 310.670623779
249.000000000 310.670623779
248.000000000 310.670623779
247.000000000 310.670623779
246.000000000 310.670623779
245.000000000 310.670623779
244.000000000 310.670623779
243.000000000 310.670623779
242.000000000 310.670623779
241.000000000 310.670623779
240.000000000 310.670623779
239.000000000 310.670623779
238.000000000 310.670623779
237.000000000 310.670623779
236.000000000 325.802917480
235.000000000 325.802917480
234.000000000 325.802917480
233.000000000 325.802917480
232.000000000 325.802917480
231.000000000 325.802917480
230.000000000 325.802917480
229.000000000 325.802917480
228.000000000 325.802917480
227.000000000 325.802917480
226.000000000 325.802917480
225.000000000 325.802917480
224.000000000 325.802917480
223.000000000 342.720794678
222.000000000 342.720794678
221.000000000 342.720794678
220.000000000 342.720794678
219.000000000 342.720794678
218.000000000 342.720794678
217.000000000 342.720794678
216.000000000 342.720794678
215.000000000 360.530944824
214.000000000 360.530944824
213.000000000 360.530944824
212.000000000 360.530944824
211.000000000 360.530944824
210.000000000 382.243652344
209.000000000 382.243652344
208.000000000 382.243652344
207.000000000 401.301635742
206.000000000 401.301635742
205.000000000 401.301635742
204.000000000 423.739685059
203.000000000 423.739685059
202.000000000 448.481628418
201.000000000 448.481628418
200.000000000 490.186920166
199.000000000 522.360412598
198.000000000 562.447570801
197.000000000 610.627319336
196.000000000 676.215332031
195.000000000 755.918518066
194.000000000 856.665161133
193.000000000 967.760742188
192.000000000 1054.351806641
191.000000000 1054.351806641
190.000000000 1054.351806641
