250.000000000 318.934753418
249.000000000 318.934753418
248.000000000 318.934753418
247.000000000 318.934753418
246.000000000 318.934753418
245.000000000 318.934753418
244.000000000 318.934753418
243.000000000 318.934753418
242.000000000 318.934753418
241.000000000 318.934753418
240.000000000 318.934753418
239.000000000 318.934753418
238.000000000 318.934753418
237.000000000 318.934753418
236.000000000 318.934753418
235.000000000 318.934753418
234.000000000 318.934753418
233.000000000 318.934753418
232.000000000 318.934753418
231.000000000 318.934753418
230.000000000 334.540435791
229.000000000 334.540435791
228.000000000 334.540435791
227.000000000 334.540435791
226.000000000 334.540435791
225.000000000 334.540435791
224.000000000 334.540435791
223.000000000 334.540435791
222.000000000 334.540435791
221.000000000 334.540435791
220.000000000 334.540435791
219.000000000 351.310394287
218.000000000 351.310394287
217.000000000 351.310394287
216.000000000 351.310394287
215.000000000 351.310394287
214.000000000 351.310394287
213.000000000 351.310394287
212.000000000 368.966552734
211.000000000 368.966552734
210.000000000 368.966552734
209.000000000 368.966552734
208.000000000 389.913604736
207.000000000 389.913604736
206.000000000 389.913604736
205.000000000 389.913604736
204.000000000 408.827545166
203.000000000 408.827545166
202.000000000 408.827545166
201.000000000 408.827545166
200.000000000 437.770690918
199.000000000 437.770690918
198.000000000 463.167633057
197.000000000 463.167633057
196.000000000 505.294860840
195.000000000 535.623352051
194.000000000 573.199768066
193.000000000 624.851440430
192.000000000 688.683227539
191.000000000 767.163818359
190.000000000 840.211547852
