250.000000000 318.934753418
249.000000000 318.934753418
248.000000000 318.934753418
247.000000000 318.934753418
246.000000000 318.934753418
245.000000000 318.934753418
244.000000000 318.934753418
243.000000000 318.934753418
242.000000000 318.934753418
241.000000000 318.934753418
240.000000000 318.934753418
239.000000000 318.934753418
238.000000000 318.934753418
237.000000000 318.934753418
236.000000000 318.934753418
235.000000000 318.934753418
234.000000000 318.934753418
233.000000000 318.934753418
232.000000000 318.934753418
231.000000000 318.934753418
230.000000000 335.786651611
229.000000000 335.786651611
228.000000000 335.786651611
227.000000000 335.786651611
226.000000000 335.786651611
225.000000000 335.786651611
224.000000000 335.786651611
223.000000000 335.786651611
222.000000000 335.786651611
221.000000000 335.786651611
220.000000000 335.786651611
219.000000000 353.831634521
218.000000000 353.831634521
217.000000000 353.831634521
216.000000000 353.831634521
215.000000000 353.831634521
214.000000000 353.831634521
213.000000000 353.831634521
212.000000000 372.217956543
211.000000000 372.217956543
210.000000000 372.217956543
209.000000000 372.217956543
208.000000000 394.163818359
207.000000000 394.163818359
206.000000000 394.163818359
205.000000000 394.163818359
204.000000000 415.928680420
203.000000000 415.928680420
202.000000000 415.928680420
201.000000000 438.324737549
200.000000000 438.324737549
199.000000000 466.582672119
198.000000000 466.582672119
197.000000000 511.968688965
196.000000000 546.494934082
195.000000000 587.964050293
194.000000000 639.117858887
193.000000000 710.031982422
192.000000000 793.260009766
191.000000000 872.945617676
190.000000000 922.988220215
