250.000000000 310.670623779
249.000000000 310.670623779
248.000000000 310.670623779
247.000000000 310.670623779
246.000000000 310.670623779
245.000000000 310.670623779
244.000000000 310.670623779
243.000000000 310.670623779
242.000000000 310.670623779
241.000000000 310.670623779
240.000000000 310.670623779
239.000000000 310.670623779
238.000000000 310.670623779
237.000000000 310.670623779
236.000000000 326.908233643
235.000000000 326.908233643
234.000000000 326.908233643
233.000000000 326.908233643
232.000000000 326.908233643
231.000000000 326.908233643
230.000000000 326.908233643
229.000000000 326.908233643
228.000000000 326.908233643
227.000000000 326.908233643
226.000000000 326.908233643
225.000000000 326.908233643
224.000000000 342.314086914
223.000000000 342.314086914
222.000000000 342.314086914
221.000000000 342.314086914
220.000000000 342.314086914
219.000000000 342.314086914
218.000000000 342.314086914
217.000000000 342.314086914
216.000000000 359.218261719
215.000000000 359.218261719
214.000000000 359.218261719
213.000000000 359.218261719
212.000000000 359.218261719
211.000000000 379.898895264
210.000000000 379.898895264
209.000000000 379.898895264
208.000000000 397.776733398
207.000000000 397.776733398
206.000000000 397.776733398
205.000000000 422.294677734
204.000000000 422.294677734
203.000000000 444.510192871
202.000000000 444.510192871
201.000000000 483.199523926
200.000000000 511.221893311
199.000000000 549.787719727
198.000000000 596.159606934
197.000000000 655.359619141
196.000000000 735.478149414
195.000000000 829.162658691
194.000000000 942.137390137
193.000000000 1035.303100586
192.000000000 1035.303100586
191.000000000 1091.021362305
190.000000000 1091.021362305
