250.000000000 318.934753418
249.000000000 318.934753418
248.000000000 318.934753418
247.000000000 318.934753418
246.000000000 318.934753418
245.000000000 318.934753418
244.000000000 318.934753418
243.000000000 318.934753418
242.000000000 318.934753418
241.000000000 318.934753418
240.000000000 318.934753418
239.000000000 318.934753418
238.000000000 318.934753418
237.000000000 318.934753418
236.000000000 318.934753418
235.000000000 318.934753418
234.000000000 318.934753418
233.000000000 318.934753418
232.000000000 334.649505615
231.000000000 334.649505615
230.000000000 334.649505615
229.000000000 334.649505615
228.000000000 334.649505615
227.000000000 334.649505615
226.000000000 334.649505615
225.000000000 334.649505615
224.000000000 334.649505615
223.000000000 334.649505615
222.000000000 334.649505615
221.000000000 351.781829834
220.000000000 351.781829834
219.000000000 351.781829834
218.000000000 351.781829834
217.000000000 351.781829834
216.000000000 351.781829834
215.000000000 351.781829834
214.000000000 351.781829834
213.000000000 372.047363281
212.000000000 372.047363281
211.000000000 372.047363281
210.000000000 372.047363281
209.000000000 394.872070312
208.000000000 394.872070312
207.000000000 394.872070312
206.000000000 416.759826660
205.000000000 416.759826660
204.000000000 416.759826660
203.000000000 443.611572266
202.000000000 443.611572266
201.000000000 474.551452637
200.000000000 498.193023682
199.000000000 532.921875000
198.000000000 572.505126953
197.000000000 624.626342773
196.000000000 694.427124023
195.000000000 780.279235840
194.000000000 886.328430176
193.000000000 993.750122070
192.000000000 1065.888061523
191.000000000 1065.888061523
190.000000000 1065.888061523
