250.000000000 318.934753418
249.000000000 318.934753418
248.000000000 318.934753418
247.000000000 318.934753418
246.000000000 318.934753418
245.000000000 318.934753418
244.000000000 318.934753418
243.000000000 318.934753418
242.000000000 318.934753418
241.000000000 318.934753418
240.000000000 318.934753418
239.000000000 318.934753418
238.000000000 318.934753418
237.000000000 318.934753418
236.000000000 318.934753418
235.000000000 318.934753418
234.000000000 318.934753418
233.000000000 318.934753418
232.000000000 318.934753418
231.000000000 335.882049561
230.000000000 335.882049561
229.000000000 335.882049561
228.000000000 335.882049561
227.000000000 335.882049561
226.000000000 335.882049561
225.000000000 335.882049561
224.000000000 335.882049561
223.000000000 335.882049561
222.000000000 335.882049561
221.000000000 335.882049561
220.000000000 335.882049561
219.000000000 352.945068359
218.000000000 352.945068359
217.000000000 352.945068359
216.000000000 352.945068359
215.000000000 352.945068359
214.000000000 352.945068359
213.000000000 352.945068359
212.000000000 371.911193848
211.000000000 371.911193848
210.000000000 371.911193848
209.000000000 389.971862793
208.000000000 389.971862793
207.000000000 389.971862793
206.000000000 389.971862793
205.000000000 408.826080322
204.000000000 408.826080322
203.000000000 408.826080322
202.000000000 429.476562500
201.000000000 429.476562500
200.000000000 450.966583252
199.000000000 450.966583252
198.000000000 487.880371094
197.000000000 513.953002930
196.000000000 546.636413574
195.000000000 588.080993652
194.000000000 641.294799805
193.000000000 712.179809570
192.000000000 794.302612305
191.000000000 873.444885254
190.000000000 921.945617676
