250.000000000 310.670623779
249.000000000 310.670623779
248.000000000 310.670623779
247.000000000 310.670623779
246.000000000 310.670623779
245.000000000 310.670623779
244.000000000 310.670623779
243.000000000 310.670623779
242.000000000 310.670623779
241.000000000 310.670623779
240.000000000 310.670623779
239.000000000 310.670623779
238.000000000 310.670623779
237.000000000 310.670623779
236.000000000 310.670623779
235.000000000 310.670623779
234.000000000 310.670623779
233.000000000 325.361389160
232.000000000 325.361389160
231.000000000 325.361389160
230.000000000 325.361389160
229.000000000 325.361389160
228.000000000 325.361389160
227.000000000 325.361389160
226.000000000 325.361389160
225.000000000 325.361389160
224.000000000 325.361389160
223.000000000 325.361389160
222.000000000 325.361389160
221.000000000 325.361389160
220.000000000 341.994049072
219.000000000 341.994049072
218.000000000 341.994049072
217.000000000 341.994049072
216.000000000 341.994049072
215.000000000 341.994049072
214.000000000 341.994049072
213.000000000 341.994049072
212.000000000 358.879730225
211.000000000 358.879730225
210.000000000 358.879730225
209.000000000 358.879730225
208.000000000 376.138916016
207.000000000 376.138916016
206.000000000 376.138916016
205.000000000 376.138916016
204.000000000 396.679809570
203.000000000 396.679809570
202.000000000 396.679809570
201.000000000 396.679809570
200.000000000 422.525207520
199.000000000 422.525207520
198.000000000 444.889953613
197.000000000 444.889953613
196.000000000 477.539855957
195.000000000 501.181060791
194.000000000 530.337463379
193.000000000 566.942626953
192.000000000 616.483642578
191.000000000 679.375732422
190.000000000 753.005065918
