250.000000000 310.670623779
249.000000000 310.670623779
248.000000000 310.670623779
247.000000000 310.670623779
246.000000000 310.670623779
245.000000000 310.670623779
244.000000000 310.670623779
243.000000000 310.670623779
242.000000000 310.670623779
241.000000000 310.670623779
240.000000000 310.670623779
239.000000000 310.670623779
238.000000000 310.670623779
237.000000000 310.670623779
236.000000000 310.670623779
235.000000000 325.376098633
234.000000000 325.376098633
233.000000000 325.376098633
232.000000000 325.376098633
231.000000000 325.376098633
230.000000000 325.376098633
229.000000000 325.376098633
228.000000000 325.376098633
227.000000000 325.376098633
226.000000000 325.376098633
225.000000000 325.376098633
224.000000000 325.376098633
223.000000000 341.287719727
222.000000000 341.287719727
221.000000000 341.287719727
220.000000000 341.287719727
219.000000000 341.287719727
218.000000000 341.287719727
217.000000000 341.287719727
216.000000000 341.287719727
215.000000000 341.287719727
214.000000000 358.588104248
213.000000000 358.588104248
212.000000000 358.588104248
211.000000000 358.588104248
210.000000000 375.534149170
209.000000000 375.534149170
208.000000000 375.534149170
207.000000000 393.244964600
206.000000000 393.244964600
205.000000000 393.244964600
204.000000000 411.687133789
203.000000000 411.687133789
202.000000000 431.201690674
201.000000000 431.201690674
200.000000000 459.870178223
199.000000000 481.403991699
198.000000000 507.848297119
197.000000000 541.054565430
196.000000000 581.547119141
195.000000000 635.739562988
194.000000000 706.504638672
193.000000000 792.126403809
192.000000000 904.347961426
191.000000000 1004.600402832
190.000000000 1053.759643555
