250.000000000 310.670623779
249.000000000 310.670623779
248.000000000 310.670623779
247.000000000 310.670623779
246.000000000 310.670623779
245.000000000 310.670623779
244.000000000 310.670623779
243.000000000 310.670623779
242.000000000 310.670623779
241.000000000 310.670623779
240.000000000 310.670623779
239.000000000 310.670623779
238.000000000 310.670623779
237.000000000 310.670623779
236.000000000 310.670623779
235.000000000 326.240905762
234.000000000 326.240905762
233.000000000 326.240905762
232.000000000 326.240905762
231.000000000 326.240905762
230.000000000 326.240905762
229.000000000 326.240905762
228.000000000 326.240905762
227.000000000 326.240905762
226.000000000 326.240905762
225.000000000 326.240905762
224.000000000 326.240905762
223.000000000 342.375885010
222.000000000 342.375885010
221.000000000 342.375885010
220.000000000 342.375885010
219.000000000 342.375885010
218.000000000 342.375885010
217.000000000 342.375885010
216.000000000 342.375885010
215.000000000 358.674316406
214.000000000 358.674316406
213.000000000 358.674316406
212.000000000 358.674316406
211.000000000 358.674316406
210.000000000 379.542968750
209.000000000 379.542968750
208.000000000 379.542968750
207.000000000 397.885772705
206.000000000 397.885772705
205.000000000 397.885772705
204.000000000 420.639190674
203.000000000 420.639190674
202.000000000 442.519927979
201.000000000 442.519927979
200.000000000 481.441040039
199.000000000 511.422180176
198.000000000 546.222656250
197.000000000 589.696960449
196.000000000 648.263854980
195.000000000 722.723693848
194.000000000 813.905517578
193.000000000 925.082824707
192.000000000 1028.509643555
191.000000000 1083.239868164
190.000000000 1083.239868164
