250.000000000 318.934753418
249.000000000 318.934753418
248.000000000 318.934753418
247.000000000 318.934753418
246.000000000 318.934753418
245.000000000 318.934753418
244.000000000 318.934753418
243.000000000 318.934753418
242.000000000 318.934753418
241.000000000 318.934753418
240.000000000 318.934753418
239.000000000 318.934753418
238.000000000 318.934753418
237.000000000 318.934753418
236.000000000 318.934753418
235.000000000 318.934753418
234.000000000 318.934753418
233.000000000 318.934753418
232.000000000 318.934753418
231.000000000 335.092559814
230.000000000 335.092559814
229.000000000 335.092559814
228.000000000 335.092559814
227.000000000 335.092559814
226.000000000 335.092559814
225.000000000 335.092559814
224.000000000 335.092559814
223.000000000 335.092559814
222.000000000 335.092559814
221.000000000 335.092559814
220.000000000 335.092559814
219.000000000 353.471343994
218.000000000 353.471343994
217.000000000 353.471343994
216.000000000 353.471343994
215.000000000 353.471343994
214.000000000 353.471343994
213.000000000 353.471343994
212.000000000 372.926177979
211.000000000 372.926177979
210.000000000 372.926177979
209.000000000 372.926177979
208.000000000 393.605590820
207.000000000 393.605590820
206.000000000 393.605590820
205.000000000 393.605590820
204.000000000 393.605590820
203.000000000 418.295562744
202.000000000 418.295562744
201.000000000 418.295562744
200.000000000 447.299377441
199.000000000 447.299377441
198.000000000 480.013153076
197.000000000 480.013153076
196.000000000 533.054748535
195.000000000 570.609313965
194.000000000 617.566040039
193.000000000 680.040344238
192.000000000 759.209899902
191.000000000 844.609802246
190.000000000 907.511596680
