250.000000000 310.670623779
249.000000000 310.670623779
248.000000000 310.670623779
247.000000000 310.670623779
246.000000000 310.670623779
245.000000000 310.670623779
244.000000000 310.670623779
243.000000000 310.670623779
242.000000000 310.670623779
241.000000000 310.670623779
240.000000000 310.670623779
239.000000000 310.670623779
238.000000000 310.670623779
237.000000000 310.670623779
236.000000000 310.670623779
235.000000000 310.670623779
234.000000000 310.670623779
233.000000000 310.670623779
232.000000000 325.629791260
231.000000000 325.629791260
230.000000000 325.629791260
229.000000000 325.629791260
228.000000000 325.629791260
227.000000000 325.629791260
226.000000000 325.629791260
225.000000000 325.629791260
224.000000000 325.629791260
223.000000000 325.629791260
222.000000000 325.629791260
221.000000000 325.629791260
220.000000000 341.962341309
219.000000000 341.962341309
218.000000000 341.962341309
217.000000000 341.962341309
216.000000000 341.962341309
215.000000000 341.962341309
214.000000000 341.962341309
213.000000000 357.989624023
212.000000000 357.989624023
211.000000000 357.989624023
210.000000000 357.989624023
209.000000000 357.989624023
208.000000000 379.854431152
207.000000000 379.854431152
206.000000000 379.854431152
205.000000000 379.854431152
204.000000000 397.655914307
203.000000000 397.655914307
202.000000000 397.655914307
201.000000000 417.608520508
200.000000000 417.608520508
199.000000000 437.187469482
198.000000000 437.187469482
197.000000000 461.423492432
196.000000000 461.423492432
195.000000000 499.316467285
194.000000000 527.002075195
193.000000000 561.970397949
192.000000000 610.333129883
191.000000000 674.772888184
190.000000000 766.123168945
