250.000000000 318.934753418
249.000000000 318.934753418
248.000000000 318.934753418
247.000000000 318.934753418
246.000000000 318.934753418
245.000000000 318.934753418
244.000000000 318.934753418
243.000000000 318.934753418
242.000000000 318.934753418
241.000000000 318.934753418
240.000000000 318.934753418
239.000000000 318.934753418
238.000000000 318.934753418
237.000000000 318.934753418
236.000000000 318.934753418
235.000000000 318.934753418
234.000000000 318.934753418
233.000000000 318.934753418
232.000000000 334.431823730
231.000000000 334.431823730
230.000000000 334.431823730
229.000000000 334.431823730
228.000000000 334.431823730
227.000000000 334.431823730
226.000000000 334.431823730
225.000000000 334.431823730
224.000000000 334.431823730
223.000000000 334.431823730
222.000000000 334.431823730
221.000000000 352.680480957
220.000000000 352.680480957
219.000000000 352.680480957
218.000000000 352.680480957
217.000000000 352.680480957
216.000000000 352.680480957
215.000000000 352.680480957
214.000000000 369.918701172
213.000000000 369.918701172
212.000000000 369.918701172
211.000000000 369.918701172
210.000000000 390.687622070
209.000000000 390.687622070
208.000000000 390.687622070
207.000000000 413.076080322
206.000000000 413.076080322
205.000000000 413.076080322
204.000000000 439.533050537
203.000000000 439.533050537
202.000000000 468.029724121
201.000000000 468.029724121
200.000000000 516.962829590
199.000000000 557.341735840
198.000000000 605.588989258
197.000000000 669.336547852
196.000000000 751.655883789
195.000000000 855.537536621
194.000000000 964.619934082
193.000000000 1047.181152344
192.000000000 1047.181152344
191.000000000 1047.181152344
190.000000000 1097.793579102
