250.000000000 310.670623779
249.000000000 310.670623779
248.000000000 310.670623779
247.000000000 310.670623779
246.000000000 310.670623779
245.000000000 310.670623779
244.000000000 310.670623779
243.000000000 310.670623779
242.000000000 310.670623779
241.000000000 310.670623779
240.000000000 310.670623779
239.000000000 310.670623779
238.000000000 310.670623779
237.000000000 310.670623779
236.000000000 325.250946045
235.000000000 325.250946045
234.000000000 325.250946045
233.000000000 325.250946045
232.000000000 325.250946045
231.000000000 325.250946045
230.000000000 325.250946045
229.000000000 325.250946045
228.000000000 325.250946045
227.000000000 325.250946045
226.000000000 325.250946045
225.000000000 325.250946045
224.000000000 325.250946045
223.000000000 340.914794922
222.000000000 340.914794922
221.000000000 340.914794922
220.000000000 340.914794922
219.000000000 340.914794922
218.000000000 340.914794922
217.000000000 340.914794922
216.000000000 340.914794922
215.000000000 358.254943848
214.000000000 358.254943848
213.000000000 358.254943848
212.000000000 358.254943848
211.000000000 358.254943848
210.000000000 379.567077637
209.000000000 379.567077637
208.000000000 379.567077637
207.000000000 379.567077637
206.000000000 401.959991455
205.000000000 401.959991455
204.000000000 401.959991455
203.000000000 426.053009033
202.000000000 426.053009033
201.000000000 453.187469482
200.000000000 474.399841309
199.000000000 499.849273682
198.000000000 531.538818359
197.000000000 571.227661133
196.000000000 624.193725586
195.000000000 691.075988770
194.000000000 774.565002441
193.000000000 879.157165527
192.000000000 991.512939453
191.000000000 1067.523193359
190.000000000 1067.523193359
