250.000000000 310.670623779
249.000000000 310.670623779
248.000000000 310.670623779
247.000000000 310.670623779
246.000000000 310.670623779
245.000000000 310.670623779
244.000000000 310.670623779
243.000000000 310.670623779
242.000000000 310.670623779
241.000000000 310.670623779
240.000000000 310.670623779
239.000000000 310.670623779
238.000000000 310.670623779
237.000000000 310.670623779
236.000000000 310.670623779
235.000000000 310.670623779
234.000000000 325.246765137
233.000000000 325.246765137
232.000000000 325.246765137
231.000000000 325.246765137
230.000000000 325.246765137
229.000000000 325.246765137
228.000000000 325.246765137
227.000000000 325.246765137
226.000000000 325.246765137
225.000000000 325.246765137
224.000000000 325.246765137
223.000000000 325.246765137
222.000000000 341.121520996
221.000000000 341.121520996
220.000000000 341.121520996
219.000000000 341.121520996
218.000000000 341.121520996
217.000000000 341.121520996
216.000000000 341.121520996
215.000000000 341.121520996
214.000000000 357.213470459
213.000000000 357.213470459
212.000000000 357.213470459
211.000000000 357.213470459
210.000000000 357.213470459
209.000000000 377.546905518
208.000000000 377.546905518
207.000000000 377.546905518
206.000000000 377.546905518
205.000000000 399.211395264
204.000000000 399.211395264
203.000000000 399.211395264
202.000000000 420.354461670
201.000000000 420.354461670
200.000000000 442.929901123
199.000000000 442.929901123
198.000000000 476.049438477
197.000000000 476.049438477
196.000000000 527.344543457
195.000000000 564.267211914
194.000000000 610.033752441
193.000000000 671.336242676
192.000000000 754.437316895
191.000000000 862.855224609
190.000000000 994.353881836
