250.000000000 318.934753418
249.000000000 318.934753418
248.000000000 318.934753418
247.000000000 318.934753418
246.000000000 318.934753418
245.000000000 318.934753418
244.000000000 318.934753418
243.000000000 318.934753418
242.000000000 318.934753418
241.000000000 318.934753418
240.000000000 318.934753418
239.000000000 318.934753418
238.000000000 318.934753418
237.000000000 318.934753418
236.000000000 318.934753418
235.000000000 318.934753418
234.000000000 318.934753418
233.000000000 318.934753418
232.000000000 334.440429688
231.000000000 334.440429688
230.000000000 334.440429688
229.000000000 334.440429688
228.000000000 334.440429688
227.000000000 334.440429688
226.000000000 334.440429688
225.000000000 334.440429688
224.000000000 334.440429688
223.000000000 334.440429688
222.000000000 334.440429688
221.000000000 350.734954834
220.000000000 350.734954834
219.000000000 350.734954834
218.000000000 350.734954834
217.000000000 350.734954834
216.000000000 350.734954834
215.000000000 350.734954834
214.000000000 367.972778320
213.000000000 367.972778320
212.000000000 367.972778320
211.000000000 367.972778320
210.000000000 387.341339111
209.000000000 387.341339111
208.000000000 387.341339111
207.000000000 406.868194580
206.000000000 406.868194580
205.000000000 406.868194580
204.000000000 428.152099609
203.000000000 428.152099609
202.000000000 449.804962158
201.000000000 449.804962158
200.000000000 489.167236328
199.000000000 520.148193359
198.000000000 555.903076172
197.000000000 602.543457031
196.000000000 664.882446289
195.000000000 744.876098633
194.000000000 838.777282715
193.000000000 951.192382812
192.000000000 1040.273681641
191.000000000 1040.273681641
190.000000000 1040.273681641
