250.000000000 318.934753418
249.000000000 318.934753418
248.000000000 318.934753418
247.000000000 318.934753418
246.000000000 318.934753418
245.000000000 318.934753418
244.000000000 318.934753418
243.000000000 318.934753418
242.000000000 318.934753418
241.000000000 318.934753418
240.000000000 318.934753418
239.000000000 318.934753418
238.000000000 318.934753418
237.000000000 318.934753418
236.000000000 318.934753418
235.000000000 318.934753418
234.000000000 318.934753418
233.000000000 318.934753418
232.000000000 318.934753418
231.000000000 318.934753418
230.000000000 334.848266602
229.000000000 334.848266602
228.000000000 334.848266602
227.000000000 334.848266602
226.000000000 334.848266602
225.000000000 334.848266602
224.000000000 334.848266602
223.000000000 334.848266602
222.000000000 334.848266602
221.000000000 334.848266602
220.000000000 334.848266602
219.000000000 351.638854980
218.000000000 351.638854980
217.000000000 351.638854980
216.000000000 351.638854980
215.000000000 351.638854980
214.000000000 351.638854980
213.000000000 351.638854980
212.000000000 370.883392334
211.000000000 370.883392334
210.000000000 370.883392334
209.000000000 370.883392334
208.000000000 391.618988037
207.000000000 391.618988037
206.000000000 391.618988037
205.000000000 391.618988037
204.000000000 411.388458252
203.000000000 411.388458252
202.000000000 411.388458252
201.000000000 434.131561279
200.000000000 434.131561279
199.000000000 459.699371338
198.000000000 459.699371338
197.000000000 500.526000977
196.000000000 530.029907227
195.000000000 566.781005859
194.000000000 614.211303711
193.000000000 674.933166504
192.000000000 752.577880859
191.000000000 834.506408691
190.000000000 897.725158691
