250.000000000 318.934753418
249.000000000 318.934753418
248.000000000 318.934753418
247.000000000 318.934753418
246.000000000 318.934753418
245.000000000 318.934753418
244.000000000 318.934753418
243.000000000 318.934753418
242.000000000 318.934753418
241.000000000 318.934753418
240.000000000 318.934753418
239.000000000 318.934753418
238.000000000 318.934753418
237.000000000 318.934753418
236.000000000 318.934753418
235.000000000 318.934753418
234.000000000 318.934753418
233.000000000 318.934753418
232.000000000 334.680297852
231.000000000 334.680297852
230.000000000 334.680297852
229.000000000 334.680297852
228.000000000 334.680297852
227.000000000 334.680297852
226.000000000 334.680297852
225.000000000 334.680297852
224.000000000 334.680297852
223.000000000 334.680297852
222.000000000 334.680297852
221.000000000 351.612030029
220.000000000 351.612030029
219.000000000 351.612030029
218.000000000 351.612030029
217.000000000 351.612030029
216.000000000 351.612030029
215.000000000 351.612030029
214.000000000 351.612030029
213.000000000 372.629180908
212.000000000 372.629180908
211.000000000 372.629180908
210.000000000 372.629180908
209.000000000 395.175048828
208.000000000 395.175048828
207.000000000 395.175048828
206.000000000 414.886657715
205.000000000 414.886657715
204.000000000 414.886657715
203.000000000 441.929229736
202.000000000 441.929229736
201.000000000 474.224975586
200.000000000 497.816253662
199.000000000 530.796142578
198.000000000 572.921630859
197.000000000 623.326232910
196.000000000 692.847412109
195.000000000 778.835632324
194.000000000 884.663696289
193.000000000 991.698974609
192.000000000 1067.038574219
191.000000000 1067.038574219
190.000000000 1067.038574219
