250.000000000 318.934753418
249.000000000 318.934753418
248.000000000 318.934753418
247.000000000 318.934753418
246.000000000 318.934753418
245.000000000 318.934753418
244.000000000 318.934753418
243.000000000 318.934753418
242.000000000 318.934753418
241.000000000 318.934753418
240.000000000 318.934753418
239.000000000 318.934753418
238.000000000 318.934753418
237.000000000 318.934753418
236.000000000 318.934753418
235.000000000 318.934753418
234.000000000 318.934753418
233.000000000 318.934753418
232.000000000 335.340942383
231.000000000 335.340942383
230.000000000 335.340942383
229.000000000 335.340942383
228.000000000 335.340942383
227.000000000 335.340942383
226.000000000 335.340942383
225.000000000 335.340942383
224.000000000 335.340942383
223.000000000 335.340942383
222.000000000 335.340942383
221.000000000 351.897430420
220.000000000 351.897430420
219.000000000 351.897430420
218.000000000 351.897430420
217.000000000 351.897430420
216.000000000 351.897430420
215.000000000 351.897430420
214.000000000 351.897430420
213.000000000 374.011779785
212.000000000 374.011779785
211.000000000 374.011779785
210.000000000 374.011779785
209.000000000 397.355957031
208.000000000 397.355957031
207.000000000 397.355957031
206.000000000 417.724761963
205.000000000 417.724761963
204.000000000 417.724761963
203.000000000 448.067626953
202.000000000 448.067626953
201.000000000 480.796936035
200.000000000 508.434326172
199.000000000 545.479125977
198.000000000 588.608032227
197.000000000 646.492797852
196.000000000 725.182800293
195.000000000 816.564697266
194.000000000 919.158508301
193.000000000 1013.230834961
192.000000000 1062.099609375
191.000000000 1062.099609375
190.000000000 1062.099609375
