250.000000000 318.934753418
249.000000000 318.934753418
248.000000000 318.934753418
247.000000000 318.934753418
246.000000000 318.934753418
245.000000000 318.934753418
244.000000000 318.934753418
243.000000000 318.934753418
242.000000000 318.934753418
241.000000000 318.934753418
240.000000000 318.934753418
239.000000000 318.934753418
238.000000000 318.934753418
237.000000000 318.934753418
236.000000000 318.934753418
235.000000000 318.934753418
234.000000000 318.934753418
233.000000000 318.934753418
232.000000000 334.606018066
231.000000000 334.606018066
230.000000000 334.606018066
229.000000000 334.606018066
228.000000000 334.606018066
227.000000000 334.606018066
226.000000000 334.606018066
225.000000000 334.606018066
224.000000000 334.606018066
223.000000000 334.606018066
222.000000000 334.606018066
221.000000000 334.606018066
220.000000000 350.794830322
219.000000000 350.794830322
218.000000000 350.794830322
217.000000000 350.794830322
216.000000000 350.794830322
215.000000000 350.794830322
214.000000000 350.794830322
213.000000000 350.794830322
212.000000000 370.901702881
211.000000000 370.901702881
210.000000000 370.901702881
209.000000000 370.901702881
208.000000000 391.286010742
207.000000000 391.286010742
206.000000000 391.286010742
205.000000000 391.286010742
204.000000000 391.286010742
203.000000000 412.694885254
202.000000000 412.694885254
201.000000000 412.694885254
200.000000000 432.729888916
199.000000000 432.729888916
198.000000000 455.255920410
197.000000000 455.255920410
196.000000000 489.409729004
195.000000000 515.546447754
194.000000000 546.380798340
193.000000000 586.640258789
192.000000000 643.458557129
191.000000000 715.544433594
190.000000000 810.544555664
