250.000000000 318.934753418
249.000000000 318.934753418
248.000000000 318.934753418
247.000000000 318.934753418
246.000000000 318.934753418
245.000000000 318.934753418
244.000000000 318.934753418
243.000000000 318.934753418
242.000000000 318.934753418
241.000000000 318.934753418
240.000000000 318.934753418
239.000000000 318.934753418
238.000000000 318.934753418
237.000000000 318.934753418
236.000000000 318.934753418
235.000000000 318.934753418
234.000000000 318.934753418
233.000000000 318.934753418
232.000000000 318.934753418
231.000000000 318.934753418
230.000000000 334.744476318
229.000000000 334.744476318
228.000000000 334.744476318
227.000000000 334.744476318
226.000000000 334.744476318
225.000000000 334.744476318
224.000000000 334.744476318
223.000000000 334.744476318
222.000000000 334.744476318
221.000000000 334.744476318
220.000000000 334.744476318
219.000000000 334.744476318
218.000000000 352.357269287
217.000000000 352.357269287
216.000000000 352.357269287
215.000000000 352.357269287
214.000000000 352.357269287
213.000000000 352.357269287
212.000000000 352.357269287
211.000000000 372.136718750
210.000000000 372.136718750
209.000000000 372.136718750
208.000000000 372.136718750
207.000000000 392.409606934
206.000000000 392.409606934
205.000000000 392.409606934
204.000000000 392.409606934
203.000000000 392.409606934
202.000000000 415.099456787
201.000000000 415.099456787
200.000000000 415.099456787
199.000000000 437.181396484
198.000000000 437.181396484
197.000000000 461.413085938
196.000000000 461.413085938
195.000000000 498.487579346
194.000000000 524.954956055
193.000000000 560.490539551
192.000000000 606.177062988
191.000000000 657.897033691
190.000000000 710.861328125
