250.000000000 310.670623779
249.000000000 310.670623779
248.000000000 310.670623779
247.000000000 310.670623779
246.000000000 310.670623779
245.000000000 310.670623779
244.000000000 310.670623779
243.000000000 310.670623779
242.000000000 310.670623779
241.000000000 310.670623779
240.000000000 310.670623779
239.000000000 310.670623779
238.000000000 310.670623779
237.000000000 310.670623779
236.000000000 310.670623779
235.000000000 325.424255371
234.000000000 325.424255371
233.000000000 325.424255371
232.000000000 325.424255371
231.000000000 325.424255371
230.000000000 325.424255371
229.000000000 325.424255371
228.000000000 325.424255371
227.000000000 325.424255371
226.000000000 325.424255371
225.000000000 325.424255371
224.000000000 325.424255371
223.000000000 325.424255371
222.000000000 343.072143555
221.000000000 343.072143555
220.000000000 343.072143555
219.000000000 343.072143555
218.000000000 343.072143555
217.000000000 343.072143555
216.000000000 343.072143555
215.000000000 343.072143555
214.000000000 360.146484375
213.000000000 360.146484375
212.000000000 360.146484375
211.000000000 360.146484375
210.000000000 360.146484375
209.000000000 381.781768799
208.000000000 381.781768799
207.000000000 381.781768799
206.000000000 381.781768799
205.000000000 404.841735840
204.000000000 404.841735840
203.000000000 404.841735840
202.000000000 429.706451416
201.000000000 429.706451416
200.000000000 458.363677979
199.000000000 480.387939453
198.000000000 507.117431641
197.000000000 539.420288086
196.000000000 581.429443359
195.000000000 637.555297852
194.000000000 705.572021484
193.000000000 793.851684570
192.000000000 906.803955078
191.000000000 1009.750427246
190.000000000 1059.990112305
