250.000000000 310.670623779
249.000000000 310.670623779
248.000000000 310.670623779
247.000000000 310.670623779
246.000000000 310.670623779
245.000000000 310.670623779
244.000000000 310.670623779
243.000000000 310.670623779
242.000000000 310.670623779
241.000000000 310.670623779
240.000000000 310.670623779
239.000000000 310.670623779
238.000000000 310.670623779
237.000000000 310.670623779
236.000000000 325.981048584
235.000000000 325.981048584
234.000000000 325.981048584
233.000000000 325.981048584
232.000000000 325.981048584
231.000000000 325.981048584
230.000000000 325.981048584
229.000000000 325.981048584
228.000000000 325.981048584
227.000000000 325.981048584
226.000000000 325.981048584
225.000000000 325.981048584
224.000000000 342.422058105
223.000000000 342.422058105
222.000000000 342.422058105
221.000000000 342.422058105
220.000000000 342.422058105
219.000000000 342.422058105
218.000000000 342.422058105
217.000000000 342.422058105
216.000000000 342.422058105
215.000000000 360.724670410
214.000000000 360.724670410
213.000000000 360.724670410
212.000000000 360.724670410
211.000000000 360.724670410
210.000000000 384.611511230
209.000000000 384.611511230
208.000000000 384.611511230
207.000000000 402.797821045
206.000000000 402.797821045
205.000000000 402.797821045
204.000000000 428.134674072
203.000000000 428.134674072
202.000000000 455.818878174
201.000000000 455.818878174
200.000000000 500.377685547
199.000000000 537.162719727
198.000000000 580.386291504
197.000000000 634.058288574
196.000000000 705.506713867
195.000000000 794.380065918
194.000000000 897.352722168
193.000000000 1004.206726074
192.000000000 1072.689331055
191.000000000 1072.689331055
190.000000000 1072.689331055
