250.000000000 310.670623779
249.000000000 310.670623779
248.000000000 310.670623779
247.000000000 310.670623779
246.000000000 310.670623779
245.000000000 310.670623779
244.000000000 310.670623779
243.000000000 310.670623779
242.000000000 310.670623779
241.000000000 310.670623779
240.000000000 310.670623779
239.000000000 310.670623779
238.000000000 310.670623779
237.000000000 310.670623779
236.000000000 310.670623779
235.000000000 326.197937012
234.000000000 326.197937012
233.000000000 326.197937012
232.000000000 326.197937012
231.000000000 326.197937012
230.000000000 326.197937012
229.000000000 326.197937012
228.000000000 326.197937012
227.000000000 326.197937012
226.000000000 326.197937012
225.000000000 326.197937012
224.000000000 326.197937012
223.000000000 326.197937012
222.000000000 342.103210449
221.000000000 342.103210449
220.000000000 342.103210449
219.000000000 342.103210449
218.000000000 342.103210449
217.000000000 342.103210449
216.000000000 342.103210449
215.000000000 342.103210449
214.000000000 359.461914062
213.000000000 359.461914062
212.000000000 359.461914062
211.000000000 359.461914062
210.000000000 378.007995605
209.000000000 378.007995605
208.000000000 378.007995605
207.000000000 378.007995605
206.000000000 399.488922119
205.000000000 399.488922119
204.000000000 399.488922119
203.000000000 422.348907471
202.000000000 422.348907471
201.000000000 446.682464600
200.000000000 446.682464600
199.000000000 488.455810547
198.000000000 519.277221680
197.000000000 553.879760742
196.000000000 602.152709961
195.000000000 662.895874023
194.000000000 738.146240234
193.000000000 836.903808594
192.000000000 946.647216797
191.000000000 1039.467041016
190.000000000 1039.467041016
