250.000000000 318.934753418
249.000000000 318.934753418
248.000000000 318.934753418
247.000000000 318.934753418
246.000000000 318.934753418
245.000000000 318.934753418
244.000000000 318.934753418
243.000000000 318.934753418
242.000000000 318.934753418
241.000000000 318.934753418
240.000000000 318.934753418
239.000000000 318.934753418
238.000000000 318.934753418
237.000000000 318.934753418
236.000000000 318.934753418
235.000000000 318.934753418
234.000000000 318.934753418
233.000000000 318.934753418
232.000000000 334.385070801
231.000000000 334.385070801
230.000000000 334.385070801
229.000000000 334.385070801
228.000000000 334.385070801
227.000000000 334.385070801
226.000000000 334.385070801
225.000000000 334.385070801
224.000000000 334.385070801
223.000000000 334.385070801
222.000000000 334.385070801
221.000000000 334.385070801
220.000000000 351.098999023
219.000000000 351.098999023
218.000000000 351.098999023
217.000000000 351.098999023
216.000000000 351.098999023
215.000000000 351.098999023
214.000000000 351.098999023
213.000000000 351.098999023
212.000000000 369.735229492
211.000000000 369.735229492
210.000000000 369.735229492
209.000000000 369.735229492
208.000000000 390.743316650
207.000000000 390.743316650
206.000000000 390.743316650
205.000000000 390.743316650
204.000000000 390.743316650
203.000000000 414.387359619
202.000000000 414.387359619
201.000000000 414.387359619
200.000000000 435.655853271
199.000000000 435.655853271
198.000000000 459.805328369
197.000000000 459.805328369
196.000000000 499.599304199
195.000000000 527.698730469
194.000000000 560.234313965
193.000000000 606.523864746
192.000000000 666.840332031
191.000000000 750.264770508
190.000000000 837.576049805
