250.000000000 318.934753418
249.000000000 318.934753418
248.000000000 318.934753418
247.000000000 318.934753418
246.000000000 318.934753418
245.000000000 318.934753418
244.000000000 318.934753418
243.000000000 318.934753418
242.000000000 318.934753418
241.000000000 318.934753418
240.000000000 318.934753418
239.000000000 318.934753418
238.000000000 318.934753418
237.000000000 318.934753418
236.000000000 318.934753418
235.000000000 318.934753418
234.000000000 318.934753418
233.000000000 318.934753418
232.000000000 334.578399658
231.000000000 334.578399658
230.000000000 334.578399658
229.000000000 334.578399658
228.000000000 334.578399658
227.000000000 334.578399658
226.000000000 334.578399658
225.000000000 334.578399658
224.000000000 334.578399658
223.000000000 334.578399658
222.000000000 334.578399658
221.000000000 350.931182861
220.000000000 350.931182861
219.000000000 350.931182861
218.000000000 350.931182861
217.000000000 350.931182861
216.000000000 350.931182861
215.000000000 350.931182861
214.000000000 368.055603027
213.000000000 368.055603027
212.000000000 368.055603027
211.000000000 368.055603027
210.000000000 389.113403320
209.000000000 389.113403320
208.000000000 389.113403320
207.000000000 408.514770508
206.000000000 408.514770508
205.000000000 408.514770508
204.000000000 431.116485596
203.000000000 431.116485596
202.000000000 456.035064697
201.000000000 456.035064697
200.000000000 497.231933594
199.000000000 531.278686523
198.000000000 570.501281738
197.000000000 623.023803711
196.000000000 690.848022461
195.000000000 777.988891602
194.000000000 880.918090820
193.000000000 990.305053711
192.000000000 1066.162597656
191.000000000 1066.162597656
190.000000000 1066.162597656
