250.000000000 310.670623779
249.000000000 310.670623779
248.000000000 310.670623779
247.000000000 310.670623779
246.000000000 310.670623779
245.000000000 310.670623779
244.000000000 310.670623779
243.000000000 310.670623779
242.000000000 310.670623779
241.000000000 310.670623779
240.000000000 310.670623779
239.000000000 310.670623779
238.000000000 310.670623779
237.000000000 310.670623779
236.000000000 326.450073242
235.000000000 326.450073242
234.000000000 326.450073242
233.000000000 326.450073242
232.000000000 326.450073242
231.000000000 326.450073242
230.000000000 326.450073242
229.000000000 326.450073242
228.000000000 326.450073242
227.000000000 326.450073242
226.000000000 326.450073242
225.000000000 326.450073242
224.000000000 342.018829346
223.000000000 342.018829346
222.000000000 342.018829346
221.000000000 342.018829346
220.000000000 342.018829346
219.000000000 342.018829346
218.000000000 342.018829346
217.000000000 342.018829346
216.000000000 358.862030029
215.000000000 358.862030029
214.000000000 358.862030029
213.000000000 358.862030029
212.000000000 358.862030029
211.000000000 377.360961914
210.000000000 377.360961914
209.000000000 377.360961914
208.000000000 377.360961914
207.000000000 400.802703857
206.000000000 400.802703857
205.000000000 400.802703857
204.000000000 424.949218750
203.000000000 424.949218750
202.000000000 450.568542480
201.000000000 450.568542480
200.000000000 491.391326904
199.000000000 525.562072754
198.000000000 562.648620605
197.000000000 612.727600098
196.000000000 677.767272949
195.000000000 758.743041992
194.000000000 861.473266602
193.000000000 974.110595703
192.000000000 1061.920166016
191.000000000 1061.920166016
190.000000000 1061.920166016
