250.000000000 318.934753418
249.000000000 318.934753418
248.000000000 318.934753418
247.000000000 318.934753418
246.000000000 318.934753418
245.000000000 318.934753418
244.000000000 318.934753418
243.000000000 318.934753418
242.000000000 318.934753418
241.000000000 318.934753418
240.000000000 318.934753418
239.000000000 318.934753418
238.000000000 318.934753418
237.000000000 318.934753418
236.000000000 318.934753418
235.000000000 318.934753418
234.000000000 318.934753418
233.000000000 334.330749512
232.000000000 334.330749512
231.000000000 334.330749512
230.000000000 334.330749512
229.000000000 334.330749512
228.000000000 334.330749512
227.000000000 334.330749512
226.000000000 334.330749512
225.000000000 334.330749512
224.000000000 334.330749512
223.000000000 334.330749512
222.000000000 334.330749512
221.000000000 352.378692627
220.000000000 352.378692627
219.000000000 352.378692627
218.000000000 352.378692627
217.000000000 352.378692627
216.000000000 352.378692627
215.000000000 352.378692627
214.000000000 352.378692627
213.000000000 373.877410889
212.000000000 373.877410889
211.000000000 373.877410889
210.000000000 373.877410889
209.000000000 397.244842529
208.000000000 397.244842529
207.000000000 397.244842529
206.000000000 421.715270996
205.000000000 421.715270996
204.000000000 421.715270996
203.000000000 451.608581543
202.000000000 451.608581543
201.000000000 488.997283936
200.000000000 518.168701172
199.000000000 557.316650391
198.000000000 607.706237793
197.000000000 670.692199707
196.000000000 754.032653809
195.000000000 856.418273926
194.000000000 965.776977539
193.000000000 1057.429565430
192.000000000 1057.429565430
191.000000000 1057.429565430
190.000000000 1057.429565430
