250.000000000 318.934753418
249.000000000 318.934753418
248.000000000 318.934753418
247.000000000 318.934753418
246.000000000 318.934753418
245.000000000 318.934753418
244.000000000 318.934753418
243.000000000 318.934753418
242.000000000 318.934753418
241.000000000 318.934753418
240.000000000 318.934753418
239.000000000 318.934753418
238.000000000 318.934753418
237.000000000 318.934753418
236.000000000 318.934753418
235.000000000 318.934753418
234.000000000 318.934753418
233.000000000 318.934753418
232.000000000 334.371307373
231.000000000 334.371307373
230.000000000 334.371307373
229.000000000 334.371307373
228.000000000 334.371307373
227.000000000 334.371307373
226.000000000 334.371307373
225.000000000 334.371307373
224.000000000 334.371307373
223.000000000 334.371307373
222.000000000 334.371307373
221.000000000 351.156768799
220.000000000 351.156768799
219.000000000 351.156768799
218.000000000 351.156768799
217.000000000 351.156768799
216.000000000 351.156768799
215.000000000 351.156768799
214.000000000 369.125030518
213.000000000 369.125030518
212.000000000 369.125030518
211.000000000 369.125030518
210.000000000 389.712890625
209.000000000 389.712890625
208.000000000 389.712890625
207.000000000 411.327636719
206.000000000 411.327636719
205.000000000 411.327636719
204.000000000 435.940795898
203.000000000 435.940795898
202.000000000 461.943267822
201.000000000 461.943267822
200.000000000 507.347259521
199.000000000 545.727478027
198.000000000 588.672180176
197.000000000 647.432678223
196.000000000 722.401672363
195.000000000 816.296508789
194.000000000 925.092285156
193.000000000 1025.177856445
192.000000000 1083.113769531
191.000000000 1083.113769531
190.000000000 1083.113769531
