250.000000000 318.934753418
249.000000000 318.934753418
248.000000000 318.934753418
247.000000000 318.934753418
246.000000000 318.934753418
245.000000000 318.934753418
244.000000000 318.934753418
243.000000000 318.934753418
242.000000000 318.934753418
241.000000000 318.934753418
240.000000000 318.934753418
239.000000000 318.934753418
238.000000000 318.934753418
237.000000000 318.934753418
236.000000000 318.934753418
235.000000000 318.934753418
234.000000000 318.934753418
233.000000000 318.934753418
232.000000000 318.934753418
231.000000000 318.934753418
230.000000000 335.229095459
229.000000000 335.229095459
228.000000000 335.229095459
227.000000000 335.229095459
226.000000000 335.229095459
225.000000000 335.229095459
224.000000000 335.229095459
223.000000000 335.229095459
222.000000000 335.229095459
221.000000000 335.229095459
220.000000000 351.544158936
219.000000000 351.544158936
218.000000000 351.544158936
217.000000000 351.544158936
216.000000000 351.544158936
215.000000000 351.544158936
214.000000000 351.544158936
213.000000000 351.544158936
212.000000000 372.613677979
211.000000000 372.613677979
210.000000000 372.613677979
209.000000000 372.613677979
208.000000000 394.510040283
207.000000000 394.510040283
206.000000000 394.510040283
205.000000000 394.510040283
204.000000000 416.885742188
203.000000000 416.885742188
202.000000000 416.885742188
201.000000000 444.405792236
200.000000000 444.405792236
199.000000000 479.457672119
198.000000000 503.522735596
197.000000000 534.240722656
196.000000000 577.191284180
195.000000000 628.813476562
194.000000000 693.788757324
193.000000000 776.489990234
192.000000000 868.360473633
191.000000000 948.138671875
190.000000000 948.138671875
