250.000000000 318.934753418
249.000000000 318.934753418
248.000000000 318.934753418
247.000000000 318.934753418
246.000000000 318.934753418
245.000000000 318.934753418
244.000000000 318.934753418
243.000000000 318.934753418
242.000000000 318.934753418
241.000000000 318.934753418
240.000000000 318.934753418
239.000000000 318.934753418
238.000000000 318.934753418
237.000000000 318.934753418
236.000000000 318.934753418
235.000000000 318.934753418
234.000000000 318.934753418
233.000000000 318.934753418
232.000000000 318.934753418
231.000000000 318.934753418
230.000000000 334.617797852
229.000000000 334.617797852
228.000000000 334.617797852
227.000000000 334.617797852
226.000000000 334.617797852
225.000000000 334.617797852
224.000000000 334.617797852
223.000000000 334.617797852
222.000000000 334.617797852
221.000000000 334.617797852
220.000000000 334.617797852
219.000000000 334.617797852
218.000000000 352.262176514
217.000000000 352.262176514
216.000000000 352.262176514
215.000000000 352.262176514
214.000000000 352.262176514
213.000000000 352.262176514
212.000000000 352.262176514
211.000000000 372.108184814
210.000000000 372.108184814
209.000000000 372.108184814
208.000000000 372.108184814
207.000000000 392.465301514
206.000000000 392.465301514
205.000000000 392.465301514
204.000000000 392.465301514
203.000000000 392.465301514
202.000000000 414.129577637
201.000000000 414.129577637
200.000000000 414.129577637
199.000000000 437.027618408
198.000000000 437.027618408
197.000000000 460.545623779
196.000000000 460.545623779
195.000000000 498.789337158
194.000000000 526.131408691
193.000000000 560.289062500
192.000000000 603.969543457
191.000000000 658.501037598
190.000000000 709.998901367
