250.000000000 310.670623779
249.000000000 310.670623779
248.000000000 310.670623779
247.000000000 310.670623779
246.000000000 310.670623779
245.000000000 310.670623779
244.000000000 310.670623779
243.000000000 310.670623779
242.000000000 310.670623779
241.000000000 310.670623779
240.000000000 310.670623779
239.000000000 310.670623779
238.000000000 310.670623779
237.000000000 310.670623779
236.000000000 325.326171875
235.000000000 325.326171875
234.000000000 325.326171875
233.000000000 325.326171875
232.000000000 325.326171875
231.000000000 325.326171875
230.000000000 325.326171875
229.000000000 325.326171875
228.000000000 325.326171875
227.000000000 325.326171875
226.000000000 325.326171875
225.000000000 325.326171875
224.000000000 325.326171875
223.000000000 341.332336426
222.000000000 341.332336426
221.000000000 341.332336426
220.000000000 341.332336426
219.000000000 341.332336426
218.000000000 341.332336426
217.000000000 341.332336426
216.000000000 341.332336426
215.000000000 358.175598145
214.000000000 358.175598145
213.000000000 358.175598145
212.000000000 358.175598145
211.000000000 358.175598145
210.000000000 379.181030273
209.000000000 379.181030273
208.000000000 379.181030273
207.000000000 398.883880615
206.000000000 398.883880615
205.000000000 398.883880615
204.000000000 420.071228027
203.000000000 420.071228027
202.000000000 443.201049805
201.000000000 443.201049805
200.000000000 480.973571777
199.000000000 512.010681152
198.000000000 545.697998047
197.000000000 592.190246582
196.000000000 649.659851074
195.000000000 724.669555664
194.000000000 815.163146973
193.000000000 926.207519531
192.000000000 1029.012329102
191.000000000 1085.825439453
190.000000000 1085.825439453
