250.000000000 310.670623779
249.000000000 310.670623779
248.000000000 310.670623779
247.000000000 310.670623779
246.000000000 310.670623779
245.000000000 310.670623779
244.000000000 310.670623779
243.000000000 310.670623779
242.000000000 310.670623779
241.000000000 310.670623779
240.000000000 310.670623779
239.000000000 310.670623779
238.000000000 310.670623779
237.000000000 310.670623779
236.000000000 310.670623779
235.000000000 325.729736328
234.000000000 325.729736328
233.000000000 325.729736328
232.000000000 325.729736328
231.000000000 325.729736328
230.000000000 325.729736328
229.000000000 325.729736328
228.000000000 325.729736328
227.000000000 325.729736328
226.000000000 325.729736328
225.000000000 325.729736328
224.000000000 325.729736328
223.000000000 341.038482666
222.000000000 341.038482666
221.000000000 341.038482666
220.000000000 341.038482666
219.000000000 341.038482666
218.000000000 341.038482666
217.000000000 341.038482666
216.000000000 341.038482666
215.000000000 357.706298828
214.000000000 357.706298828
213.000000000 357.706298828
212.000000000 357.706298828
211.000000000 357.706298828
210.000000000 377.359497070
209.000000000 377.359497070
208.000000000 377.359497070
207.000000000 395.904205322
206.000000000 395.904205322
205.000000000 395.904205322
204.000000000 416.513702393
203.000000000 416.513702393
202.000000000 437.073974609
201.000000000 437.073974609
200.000000000 472.267364502
199.000000000 498.813903809
198.000000000 530.922241211
197.000000000 570.318115234
196.000000000 623.605895996
195.000000000 693.584960938
194.000000000 774.965026855
193.000000000 877.887695312
192.000000000 993.259521484
191.000000000 1066.104858398
190.000000000 1066.104858398
