250.000000000 318.934753418
249.000000000 318.934753418
248.000000000 318.934753418
247.000000000 318.934753418
246.000000000 318.934753418
245.000000000 318.934753418
244.000000000 318.934753418
243.000000000 318.934753418
242.000000000 318.934753418
241.000000000 318.934753418
240.000000000 318.934753418
239.000000000 318.934753418
238.000000000 318.934753418
237.000000000 318.934753418
236.000000000 318.934753418
235.000000000 318.934753418
234.000000000 318.934753418
233.000000000 318.934753418
232.000000000 318.934753418
231.000000000 334.427612305
230.000000000 334.427612305
229.000000000 334.427612305
228.000000000 334.427612305
227.000000000 334.427612305
226.000000000 334.427612305
225.000000000 334.427612305
224.000000000 334.427612305
223.000000000 334.427612305
222.000000000 334.427612305
221.000000000 350.559631348
220.000000000 350.559631348
219.000000000 350.559631348
218.000000000 350.559631348
217.000000000 350.559631348
216.000000000 350.559631348
215.000000000 350.559631348
214.000000000 350.559631348
213.000000000 370.416809082
212.000000000 370.416809082
211.000000000 370.416809082
210.000000000 370.416809082
209.000000000 391.866912842
208.000000000 391.866912842
207.000000000 391.866912842
206.000000000 391.866912842
205.000000000 415.214416504
204.000000000 415.214416504
203.000000000 415.214416504
202.000000000 441.307830811
201.000000000 441.307830811
200.000000000 472.656158447
199.000000000 498.082244873
198.000000000 527.318847656
197.000000000 566.840515137
196.000000000 618.095886230
195.000000000 679.440979004
194.000000000 761.013549805
193.000000000 862.949340820
192.000000000 972.371582031
191.000000000 1044.027709961
190.000000000 1044.027709961
