250.000000000 310.670623779
249.000000000 310.670623779
248.000000000 310.670623779
247.000000000 310.670623779
246.000000000 310.670623779
245.000000000 310.670623779
244.000000000 310.670623779
243.000000000 310.670623779
242.000000000 310.670623779
241.000000000 310.670623779
240.000000000 310.670623779
239.000000000 310.670623779
238.000000000 310.670623779
237.000000000 310.670623779
236.000000000 310.670623779
235.000000000 326.119415283
234.000000000 326.119415283
233.000000000 326.119415283
232.000000000 326.119415283
231.000000000 326.119415283
230.000000000 326.119415283
229.000000000 326.119415283
228.000000000 326.119415283
227.000000000 326.119415283
226.000000000 326.119415283
225.000000000 326.119415283
224.000000000 326.119415283
223.000000000 342.047119141
222.000000000 342.047119141
221.000000000 342.047119141
220.000000000 342.047119141
219.000000000 342.047119141
218.000000000 342.047119141
217.000000000 342.047119141
216.000000000 342.047119141
215.000000000 359.312988281
214.000000000 359.312988281
213.000000000 359.312988281
212.000000000 359.312988281
211.000000000 359.312988281
210.000000000 378.570007324
209.000000000 378.570007324
208.000000000 378.570007324
207.000000000 397.804870605
206.000000000 397.804870605
205.000000000 397.804870605
204.000000000 418.853210449
203.000000000 418.853210449
202.000000000 418.853210449
201.000000000 451.440704346
200.000000000 451.440704346
199.000000000 494.388183594
198.000000000 524.157592773
197.000000000 563.153259277
196.000000000 610.557983398
195.000000000 673.587890625
194.000000000 750.942199707
193.000000000 849.704284668
192.000000000 969.741271973
191.000000000 1067.687255859
190.000000000 1067.687255859
