250.000000000 310.670623779
249.000000000 310.670623779
248.000000000 310.670623779
247.000000000 310.670623779
246.000000000 310.670623779
245.000000000 310.670623779
244.000000000 310.670623779
243.000000000 310.670623779
242.000000000 310.670623779
241.000000000 310.670623779
240.000000000 310.670623779
239.000000000 310.670623779
238.000000000 310.670623779
237.000000000 325.812194824
236.000000000 325.812194824
235.000000000 325.812194824
234.000000000 325.812194824
233.000000000 325.812194824
232.000000000 325.812194824
231.000000000 325.812194824
230.000000000 325.812194824
229.000000000 325.812194824
228.000000000 325.812194824
227.000000000 325.812194824
226.000000000 325.812194824
225.000000000 325.812194824
224.000000000 342.014221191
223.000000000 342.014221191
222.000000000 342.014221191
221.000000000 342.014221191
220.000000000 342.014221191
219.000000000 342.014221191
218.000000000 342.014221191
217.000000000 342.014221191
216.000000000 342.014221191
215.000000000 359.851318359
214.000000000 359.851318359
213.000000000 359.851318359
212.000000000 359.851318359
211.000000000 359.851318359
210.000000000 382.280242920
209.000000000 382.280242920
208.000000000 382.280242920
207.000000000 400.714508057
206.000000000 400.714508057
205.000000000 400.714508057
204.000000000 423.111724854
203.000000000 423.111724854
202.000000000 449.418823242
201.000000000 449.418823242
200.000000000 488.998535156
199.000000000 522.569946289
198.000000000 559.687744141
197.000000000 610.262390137
196.000000000 672.961975098
195.000000000 754.388793945
194.000000000 854.270568848
193.000000000 965.793457031
192.000000000 1055.482299805
191.000000000 1055.482299805
190.000000000 1055.482299805
