250.000000000 318.934753418
249.000000000 318.934753418
248.000000000 318.934753418
247.000000000 318.934753418
246.000000000 318.934753418
245.000000000 318.934753418
244.000000000 318.934753418
243.000000000 318.934753418
242.000000000 318.934753418
241.000000000 318.934753418
240.000000000 318.934753418
239.000000000 318.934753418
238.000000000 318.934753418
237.000000000 318.934753418
236.000000000 318.934753418
235.000000000 318.934753418
234.000000000 318.934753418
233.000000000 318.934753418
232.000000000 334.796203613
231.000000000 334.796203613
230.000000000 334.796203613
229.000000000 334.796203613
228.000000000 334.796203613
227.000000000 334.796203613
226.000000000 334.796203613
225.000000000 334.796203613
224.000000000 334.796203613
223.000000000 334.796203613
222.000000000 334.796203613
221.000000000 351.272705078
220.000000000 351.272705078
219.000000000 351.272705078
218.000000000 351.272705078
217.000000000 351.272705078
216.000000000 351.272705078
215.000000000 351.272705078
214.000000000 351.272705078
213.000000000 371.235778809
212.000000000 371.235778809
211.000000000 371.235778809
210.000000000 371.235778809
209.000000000 392.958740234
208.000000000 392.958740234
207.000000000 392.958740234
206.000000000 392.958740234
205.000000000 416.322540283
204.000000000 416.322540283
203.000000000 416.322540283
202.000000000 440.655120850
201.000000000 440.655120850
200.000000000 470.569183350
199.000000000 470.569183350
198.000000000 519.918518066
197.000000000 554.187438965
196.000000000 598.906066895
195.000000000 657.704284668
194.000000000 726.002380371
193.000000000 809.108886719
192.000000000 888.716491699
191.000000000 938.948181152
190.000000000 938.948181152
