250.000000000 318.934753418
249.000000000 318.934753418
248.000000000 318.934753418
247.000000000 318.934753418
246.000000000 318.934753418
245.000000000 318.934753418
244.000000000 318.934753418
243.000000000 318.934753418
242.000000000 318.934753418
241.000000000 318.934753418
240.000000000 318.934753418
239.000000000 318.934753418
238.000000000 318.934753418
237.000000000 318.934753418
236.000000000 318.934753418
235.000000000 318.934753418
234.000000000 318.934753418
233.000000000 334.365692139
232.000000000 334.365692139
231.000000000 334.365692139
230.000000000 334.365692139
229.000000000 334.365692139
228.000000000 334.365692139
227.000000000 334.365692139
226.000000000 334.365692139
225.000000000 334.365692139
224.000000000 334.365692139
223.000000000 334.365692139
222.000000000 334.365692139
221.000000000 351.550170898
220.000000000 351.550170898
219.000000000 351.550170898
218.000000000 351.550170898
217.000000000 351.550170898
216.000000000 351.550170898
215.000000000 351.550170898
214.000000000 369.077148438
213.000000000 369.077148438
212.000000000 369.077148438
211.000000000 369.077148438
210.000000000 389.725189209
209.000000000 389.725189209
208.000000000 389.725189209
207.000000000 410.807342529
206.000000000 410.807342529
205.000000000 410.807342529
204.000000000 434.886322021
203.000000000 434.886322021
202.000000000 462.408081055
201.000000000 462.408081055
200.000000000 508.775268555
199.000000000 545.363586426
198.000000000 589.820190430
197.000000000 648.735656738
196.000000000 721.771911621
195.000000000 817.268127441
194.000000000 919.648986816
193.000000000 1016.636840820
192.000000000 1016.636840820
191.000000000 1075.787353516
190.000000000 1075.787353516
