250.000000000 318.934753418
249.000000000 318.934753418
248.000000000 318.934753418
247.000000000 318.934753418
246.000000000 318.934753418
245.000000000 318.934753418
244.000000000 318.934753418
243.000000000 318.934753418
242.000000000 318.934753418
241.000000000 318.934753418
240.000000000 318.934753418
239.000000000 318.934753418
238.000000000 318.934753418
237.000000000 318.934753418
236.000000000 318.934753418
235.000000000 318.934753418
234.000000000 318.934753418
233.000000000 318.934753418
232.000000000 318.934753418
231.000000000 318.934753418
230.000000000 334.548797607
229.000000000 334.548797607
228.000000000 334.548797607
227.000000000 334.548797607
226.000000000 334.548797607
225.000000000 334.548797607
224.000000000 334.548797607
223.000000000 334.548797607
222.000000000 334.548797607
221.000000000 334.548797607
220.000000000 334.548797607
219.000000000 352.089294434
218.000000000 352.089294434
217.000000000 352.089294434
216.000000000 352.089294434
215.000000000 352.089294434
214.000000000 352.089294434
213.000000000 352.089294434
212.000000000 369.463104248
211.000000000 369.463104248
210.000000000 369.463104248
209.000000000 369.463104248
208.000000000 390.083709717
207.000000000 390.083709717
206.000000000 390.083709717
205.000000000 390.083709717
204.000000000 409.143676758
203.000000000 409.143676758
202.000000000 409.143676758
201.000000000 429.896423340
200.000000000 429.896423340
199.000000000 454.034149170
198.000000000 454.034149170
197.000000000 490.366485596
196.000000000 516.983337402
195.000000000 549.081970215
194.000000000 593.069885254
193.000000000 647.760009766
192.000000000 720.961791992
191.000000000 804.262451172
190.000000000 873.005920410
