250.000000000 310.670623779
249.000000000 310.670623779
248.000000000 310.670623779
247.000000000 310.670623779
246.000000000 310.670623779
245.000000000 310.670623779
244.000000000 310.670623779
243.000000000 310.670623779
242.000000000 310.670623779
241.000000000 310.670623779
240.000000000 310.670623779
239.000000000 310.670623779
238.000000000 310.670623779
237.000000000 310.670623779
236.000000000 325.441619873
235.000000000 325.441619873
234.000000000 325.441619873
233.000000000 325.441619873
232.000000000 325.441619873
231.000000000 325.441619873
230.000000000 325.441619873
229.000000000 325.441619873
228.000000000 325.441619873
227.000000000 325.441619873
226.000000000 325.441619873
225.000000000 325.441619873
224.000000000 325.441619873
223.000000000 340.665618896
222.000000000 340.665618896
221.000000000 340.665618896
220.000000000 340.665618896
219.000000000 340.665618896
218.000000000 340.665618896
217.000000000 340.665618896
216.000000000 340.665618896
215.000000000 357.153198242
214.000000000 357.153198242
213.000000000 357.153198242
212.000000000 357.153198242
211.000000000 357.153198242
210.000000000 375.883941650
209.000000000 375.883941650
208.000000000 375.883941650
207.000000000 393.467102051
206.000000000 393.467102051
205.000000000 393.467102051
204.000000000 393.467102051
203.000000000 419.760467529
202.000000000 419.760467529
201.000000000 441.926452637
200.000000000 441.926452637
199.000000000 479.275573730
198.000000000 506.814331055
197.000000000 539.866943359
196.000000000 580.867675781
195.000000000 635.344055176
194.000000000 703.963928223
193.000000000 791.988525391
192.000000000 899.600585938
191.000000000 1001.976257324
190.000000000 1057.647094727
