250.000000000 318.934753418
249.000000000 318.934753418
248.000000000 318.934753418
247.000000000 318.934753418
246.000000000 318.934753418
245.000000000 318.934753418
244.000000000 318.934753418
243.000000000 318.934753418
242.000000000 318.934753418
241.000000000 318.934753418
240.000000000 318.934753418
239.000000000 318.934753418
238.000000000 318.934753418
237.000000000 318.934753418
236.000000000 318.934753418
235.000000000 318.934753418
234.000000000 318.934753418
233.000000000 318.934753418
232.000000000 318.934753418
231.000000000 335.351135254
230.000000000 335.351135254
229.000000000 335.351135254
228.000000000 335.351135254
227.000000000 335.351135254
226.000000000 335.351135254
225.000000000 335.351135254
224.000000000 335.351135254
223.000000000 335.351135254
222.000000000 335.351135254
221.000000000 335.351135254
220.000000000 351.704772949
219.000000000 351.704772949
218.000000000 351.704772949
217.000000000 351.704772949
216.000000000 351.704772949
215.000000000 351.704772949
214.000000000 351.704772949
213.000000000 370.132354736
212.000000000 370.132354736
211.000000000 370.132354736
210.000000000 370.132354736
209.000000000 393.195190430
208.000000000 393.195190430
207.000000000 393.195190430
206.000000000 393.195190430
205.000000000 417.242156982
204.000000000 417.242156982
203.000000000 417.242156982
202.000000000 444.886901855
201.000000000 444.886901855
200.000000000 481.175354004
199.000000000 507.834259033
198.000000000 541.597045898
197.000000000 583.255371094
196.000000000 639.498657227
195.000000000 710.463256836
194.000000000 797.991699219
193.000000000 903.741516113
192.000000000 1001.870849609
191.000000000 1062.152954102
190.000000000 1062.152954102
