250.000000000 318.934753418
249.000000000 318.934753418
248.000000000 318.934753418
247.000000000 318.934753418
246.000000000 318.934753418
245.000000000 318.934753418
244.000000000 318.934753418
243.000000000 318.934753418
242.000000000 318.934753418
241.000000000 318.934753418
240.000000000 318.934753418
239.000000000 318.934753418
238.000000000 318.934753418
237.000000000 318.934753418
236.000000000 318.934753418
235.000000000 318.934753418
234.000000000 318.934753418
233.000000000 318.934753418
232.000000000 318.934753418
231.000000000 335.540435791
230.000000000 335.540435791
229.000000000 335.540435791
228.000000000 335.540435791
227.000000000 335.540435791
226.000000000 335.540435791
225.000000000 335.540435791
224.000000000 335.540435791
223.000000000 335.540435791
222.000000000 335.540435791
221.000000000 335.540435791
220.000000000 335.540435791
219.000000000 353.234252930
218.000000000 353.234252930
217.000000000 353.234252930
216.000000000 353.234252930
215.000000000 353.234252930
214.000000000 353.234252930
213.000000000 353.234252930
212.000000000 370.613037109
211.000000000 370.613037109
210.000000000 370.613037109
209.000000000 370.613037109
208.000000000 391.455718994
207.000000000 391.455718994
206.000000000 391.455718994
205.000000000 391.455718994
204.000000000 391.455718994
203.000000000 415.127227783
202.000000000 415.127227783
201.000000000 415.127227783
200.000000000 440.552154541
199.000000000 440.552154541
198.000000000 466.893066406
197.000000000 466.893066406
196.000000000 508.676513672
195.000000000 538.844665527
194.000000000 579.988403320
193.000000000 631.040893555
192.000000000 697.628234863
191.000000000 779.412963867
190.000000000 865.238098145
