250.000000000 318.934753418
249.000000000 318.934753418
248.000000000 318.934753418
247.000000000 318.934753418
246.000000000 318.934753418
245.000000000 318.934753418
244.000000000 318.934753418
243.000000000 318.934753418
242.000000000 318.934753418
241.000000000 318.934753418
240.000000000 318.934753418
239.000000000 318.934753418
238.000000000 318.934753418
237.000000000 318.934753418
236.000000000 318.934753418
235.000000000 318.934753418
234.000000000 318.934753418
233.000000000 318.934753418
232.000000000 318.934753418
231.000000000 335.372772217
230.000000000 335.372772217
229.000000000 335.372772217
228.000000000 335.372772217
227.000000000 335.372772217
226.000000000 335.372772217
225.000000000 335.372772217
224.000000000 335.372772217
223.000000000 335.372772217
222.000000000 335.372772217
221.000000000 335.372772217
220.000000000 351.567779541
219.000000000 351.567779541
218.000000000 351.567779541
217.000000000 351.567779541
216.000000000 351.567779541
215.000000000 351.567779541
214.000000000 351.567779541
213.000000000 370.077819824
212.000000000 370.077819824
211.000000000 370.077819824
210.000000000 370.077819824
209.000000000 391.118896484
208.000000000 391.118896484
207.000000000 391.118896484
206.000000000 391.118896484
205.000000000 411.073913574
204.000000000 411.073913574
203.000000000 411.073913574
202.000000000 432.365631104
201.000000000 432.365631104
200.000000000 457.078643799
199.000000000 457.078643799
198.000000000 497.370697021
197.000000000 526.892211914
196.000000000 563.108215332
195.000000000 609.682067871
194.000000000 670.918579102
193.000000000 742.530639648
192.000000000 828.631469727
191.000000000 903.063842773
190.000000000 903.063842773
