250.000000000 318.934753418
249.000000000 318.934753418
248.000000000 318.934753418
247.000000000 318.934753418
246.000000000 318.934753418
245.000000000 318.934753418
244.000000000 318.934753418
243.000000000 318.934753418
242.000000000 318.934753418
241.000000000 318.934753418
240.000000000 318.934753418
239.000000000 318.934753418
238.000000000 318.934753418
237.000000000 318.934753418
236.000000000 318.934753418
235.000000000 318.934753418
234.000000000 318.934753418
233.000000000 318.934753418
232.000000000 334.488189697
231.000000000 334.488189697
230.000000000 334.488189697
229.000000000 334.488189697
228.000000000 334.488189697
227.000000000 334.488189697
226.000000000 334.488189697
225.000000000 334.488189697
224.000000000 334.488189697
223.000000000 334.488189697
222.000000000 334.488189697
221.000000000 334.488189697
220.000000000 352.127258301
219.000000000 352.127258301
218.000000000 352.127258301
217.000000000 352.127258301
216.000000000 352.127258301
215.000000000 352.127258301
214.000000000 352.127258301
213.000000000 371.610046387
212.000000000 371.610046387
211.000000000 371.610046387
210.000000000 371.610046387
209.000000000 392.885742188
208.000000000 392.885742188
207.000000000 392.885742188
206.000000000 392.885742188
205.000000000 416.407562256
204.000000000 416.407562256
203.000000000 416.407562256
202.000000000 440.685546875
201.000000000 440.685546875
200.000000000 468.607055664
199.000000000 468.607055664
198.000000000 517.739685059
197.000000000 553.522583008
196.000000000 597.868591309
195.000000000 657.633178711
194.000000000 727.553894043
193.000000000 809.293457031
192.000000000 892.795349121
191.000000000 941.530395508
190.000000000 941.530395508
