250.000000000 318.934753418
249.000000000 318.934753418
248.000000000 318.934753418
247.000000000 318.934753418
246.000000000 318.934753418
245.000000000 318.934753418
244.000000000 318.934753418
243.000000000 318.934753418
242.000000000 318.934753418
241.000000000 318.934753418
240.000000000 318.934753418
239.000000000 318.934753418
238.000000000 318.934753418
237.000000000 318.934753418
236.000000000 318.934753418
235.000000000 318.934753418
234.000000000 318.934753418
233.000000000 318.934753418
232.000000000 318.934753418
231.000000000 318.934753418
230.000000000 336.136230469
229.000000000 336.136230469
228.000000000 336.136230469
227.000000000 336.136230469
226.000000000 336.136230469
225.000000000 336.136230469
224.000000000 336.136230469
223.000000000 336.136230469
222.000000000 336.136230469
221.000000000 336.136230469
220.000000000 336.136230469
219.000000000 336.136230469
218.000000000 354.388488770
217.000000000 354.388488770
216.000000000 354.388488770
215.000000000 354.388488770
214.000000000 354.388488770
213.000000000 354.388488770
212.000000000 354.388488770
211.000000000 376.283905029
210.000000000 376.283905029
209.000000000 376.283905029
208.000000000 376.283905029
207.000000000 395.132263184
206.000000000 395.132263184
205.000000000 395.132263184
204.000000000 395.132263184
203.000000000 395.132263184
202.000000000 420.738128662
201.000000000 420.738128662
200.000000000 420.738128662
199.000000000 446.510009766
198.000000000 446.510009766
197.000000000 477.961730957
196.000000000 477.961730957
195.000000000 526.396423340
194.000000000 561.225219727
193.000000000 608.061950684
192.000000000 667.377136230
191.000000000 747.297790527
190.000000000 841.002319336
