250.000000000 318.934753418
249.000000000 318.934753418
248.000000000 318.934753418
247.000000000 318.934753418
246.000000000 318.934753418
245.000000000 318.934753418
244.000000000 318.934753418
243.000000000 318.934753418
242.000000000 318.934753418
241.000000000 318.934753418
240.000000000 318.934753418
239.000000000 318.934753418
238.000000000 318.934753418
237.000000000 318.934753418
236.000000000 318.934753418
235.000000000 318.934753418
234.000000000 318.934753418
233.000000000 318.934753418
232.000000000 334.336730957
231.000000000 334.336730957
230.000000000 334.336730957
229.000000000 334.336730957
228.000000000 334.336730957
227.000000000 334.336730957
226.000000000 334.336730957
225.000000000 334.336730957
224.000000000 334.336730957
223.000000000 334.336730957
222.000000000 334.336730957
221.000000000 334.336730957
220.000000000 351.877929688
219.000000000 351.877929688
218.000000000 351.877929688
217.000000000 351.877929688
216.000000000 351.877929688
215.000000000 351.877929688
214.000000000 351.877929688
213.000000000 370.897064209
212.000000000 370.897064209
211.000000000 370.897064209
210.000000000 370.897064209
209.000000000 392.089477539
208.000000000 392.089477539
207.000000000 392.089477539
206.000000000 412.134460449
205.000000000 412.134460449
204.000000000 412.134460449
203.000000000 434.950683594
202.000000000 434.950683594
201.000000000 461.472106934
200.000000000 461.472106934
199.000000000 506.836853027
198.000000000 541.102600098
197.000000000 582.739379883
196.000000000 639.722412109
195.000000000 712.120300293
194.000000000 798.347229004
193.000000000 904.917968750
192.000000000 1005.235778809
191.000000000 1061.927734375
190.000000000 1061.927734375
