250.000000000 310.670623779
249.000000000 310.670623779
248.000000000 310.670623779
247.000000000 310.670623779
246.000000000 310.670623779
245.000000000 310.670623779
244.000000000 310.670623779
243.000000000 310.670623779
242.000000000 310.670623779
241.000000000 310.670623779
240.000000000 310.670623779
239.000000000 310.670623779
238.000000000 310.670623779
237.000000000 310.670623779
236.000000000 325.247344971
235.000000000 325.247344971
234.000000000 325.247344971
233.000000000 325.247344971
232.000000000 325.247344971
231.000000000 325.247344971
230.000000000 325.247344971
229.000000000 325.247344971
228.000000000 325.247344971
227.000000000 325.247344971
226.000000000 325.247344971
225.000000000 325.247344971
224.000000000 325.247344971
223.000000000 341.424560547
222.000000000 341.424560547
221.000000000 341.424560547
220.000000000 341.424560547
219.000000000 341.424560547
218.000000000 341.424560547
217.000000000 341.424560547
216.000000000 341.424560547
215.000000000 358.420989990
214.000000000 358.420989990
213.000000000 358.420989990
212.000000000 358.420989990
211.000000000 358.420989990
210.000000000 377.910888672
209.000000000 377.910888672
208.000000000 377.910888672
207.000000000 396.150726318
206.000000000 396.150726318
205.000000000 396.150726318
204.000000000 416.980346680
203.000000000 416.980346680
202.000000000 438.290069580
201.000000000 438.290069580
200.000000000 473.671356201
199.000000000 499.226257324
198.000000000 530.366210938
197.000000000 572.755859375
196.000000000 624.524230957
195.000000000 692.768554688
194.000000000 777.013305664
193.000000000 881.417358398
192.000000000 995.104919434
191.000000000 1070.478393555
190.000000000 1070.478393555
