250.000000000 318.934753418
249.000000000 318.934753418
248.000000000 318.934753418
247.000000000 318.934753418
246.000000000 318.934753418
245.000000000 318.934753418
244.000000000 318.934753418
243.000000000 318.934753418
242.000000000 318.934753418
241.000000000 318.934753418
240.000000000 318.934753418
239.000000000 318.934753418
238.000000000 318.934753418
237.000000000 318.934753418
236.000000000 318.934753418
235.000000000 318.934753418
234.000000000 318.934753418
233.000000000 318.934753418
232.000000000 318.934753418
231.000000000 334.650299072
230.000000000 334.650299072
229.000000000 334.650299072
228.000000000 334.650299072
227.000000000 334.650299072
226.000000000 334.650299072
225.000000000 334.650299072
224.000000000 334.650299072
223.000000000 334.650299072
222.000000000 334.650299072
221.000000000 334.650299072
220.000000000 334.650299072
219.000000000 352.473571777
218.000000000 352.473571777
217.000000000 352.473571777
216.000000000 352.473571777
215.000000000 352.473571777
214.000000000 352.473571777
213.000000000 352.473571777
212.000000000 372.555572510
211.000000000 372.555572510
210.000000000 372.555572510
209.000000000 372.555572510
208.000000000 394.281646729
207.000000000 394.281646729
206.000000000 394.281646729
205.000000000 394.281646729
204.000000000 413.786315918
203.000000000 413.786315918
202.000000000 413.786315918
201.000000000 434.650299072
200.000000000 434.650299072
199.000000000 460.871917725
198.000000000 460.871917725
197.000000000 502.066955566
196.000000000 532.010925293
195.000000000 570.013305664
194.000000000 619.493652344
193.000000000 682.801391602
192.000000000 758.778198242
191.000000000 846.659545898
190.000000000 914.027282715
