250.000000000 310.670623779
249.000000000 310.670623779
248.000000000 310.670623779
247.000000000 310.670623779
246.000000000 310.670623779
245.000000000 310.670623779
244.000000000 310.670623779
243.000000000 310.670623779
242.000000000 310.670623779
241.000000000 310.670623779
240.000000000 310.670623779
239.000000000 310.670623779
238.000000000 310.670623779
237.000000000 310.670623779
236.000000000 310.670623779
235.000000000 325.807403564
234.000000000 325.807403564
233.000000000 325.807403564
232.000000000 325.807403564
231.000000000 325.807403564
230.000000000 325.807403564
229.000000000 325.807403564
228.000000000 325.807403564
227.000000000 325.807403564
226.000000000 325.807403564
225.000000000 325.807403564
224.000000000 325.807403564
223.000000000 341.215881348
222.000000000 341.215881348
221.000000000 341.215881348
220.000000000 341.215881348
219.000000000 341.215881348
218.000000000 341.215881348
217.000000000 341.215881348
216.000000000 341.215881348
215.000000000 341.215881348
214.000000000 360.108245850
213.000000000 360.108245850
212.000000000 360.108245850
211.000000000 360.108245850
210.000000000 377.585693359
209.000000000 377.585693359
208.000000000 377.585693359
207.000000000 377.585693359
206.000000000 399.513031006
205.000000000 399.513031006
204.000000000 399.513031006
203.000000000 422.851989746
202.000000000 422.851989746
201.000000000 448.589447021
200.000000000 448.589447021
199.000000000 487.962188721
198.000000000 518.156494141
197.000000000 554.668151855
196.000000000 604.077941895
195.000000000 663.954467773
194.000000000 739.754821777
193.000000000 834.680297852
192.000000000 948.818359375
191.000000000 1042.727050781
190.000000000 1042.727050781
