250.000000000 318.934753418
249.000000000 318.934753418
248.000000000 318.934753418
247.000000000 318.934753418
246.000000000 318.934753418
245.000000000 318.934753418
244.000000000 318.934753418
243.000000000 318.934753418
242.000000000 318.934753418
241.000000000 318.934753418
240.000000000 318.934753418
239.000000000 318.934753418
238.000000000 318.934753418
237.000000000 318.934753418
236.000000000 318.934753418
235.000000000 318.934753418
234.000000000 318.934753418
233.000000000 318.934753418
232.000000000 318.934753418
231.000000000 318.934753418
230.000000000 334.866271973
229.000000000 334.866271973
228.000000000 334.866271973
227.000000000 334.866271973
226.000000000 334.866271973
225.000000000 334.866271973
224.000000000 334.866271973
223.000000000 334.866271973
222.000000000 334.866271973
221.000000000 334.866271973
220.000000000 334.866271973
219.000000000 351.153472900
218.000000000 351.153472900
217.000000000 351.153472900
216.000000000 351.153472900
215.000000000 351.153472900
214.000000000 351.153472900
213.000000000 351.153472900
212.000000000 370.550323486
211.000000000 370.550323486
210.000000000 370.550323486
209.000000000 370.550323486
208.000000000 390.786834717
207.000000000 390.786834717
206.000000000 390.786834717
205.000000000 390.786834717
204.000000000 410.138214111
203.000000000 410.138214111
202.000000000 410.138214111
201.000000000 430.325286865
200.000000000 430.325286865
199.000000000 454.343841553
198.000000000 454.343841553
197.000000000 490.344787598
196.000000000 516.607849121
195.000000000 551.250366211
194.000000000 592.867004395
193.000000000 647.996887207
192.000000000 722.064270020
191.000000000 802.199645996
190.000000000 875.292297363
