250.000000000 310.670623779
249.000000000 310.670623779
248.000000000 310.670623779
247.000000000 310.670623779
246.000000000 310.670623779
245.000000000 310.670623779
244.000000000 310.670623779
243.000000000 310.670623779
242.000000000 310.670623779
241.000000000 310.670623779
240.000000000 310.670623779
239.000000000 310.670623779
238.000000000 310.670623779
237.000000000 310.670623779
236.000000000 310.670623779
235.000000000 310.670623779
234.000000000 310.670623779
233.000000000 325.889251709
232.000000000 325.889251709
231.000000000 325.889251709
230.000000000 325.889251709
229.000000000 325.889251709
228.000000000 325.889251709
227.000000000 325.889251709
226.000000000 325.889251709
225.000000000 325.889251709
224.000000000 325.889251709
223.000000000 325.889251709
222.000000000 325.889251709
221.000000000 341.316925049
220.000000000 341.316925049
219.000000000 341.316925049
218.000000000 341.316925049
217.000000000 341.316925049
216.000000000 341.316925049
215.000000000 341.316925049
214.000000000 341.316925049
213.000000000 358.482299805
212.000000000 358.482299805
211.000000000 358.482299805
210.000000000 358.482299805
209.000000000 375.942596436
208.000000000 375.942596436
207.000000000 375.942596436
206.000000000 375.942596436
205.000000000 395.810607910
204.000000000 395.810607910
203.000000000 395.810607910
202.000000000 416.533172607
201.000000000 416.533172607
200.000000000 436.859405518
199.000000000 436.859405518
198.000000000 470.213531494
197.000000000 470.213531494
196.000000000 518.595031738
195.000000000 553.805847168
194.000000000 598.548461914
193.000000000 657.097290039
192.000000000 730.994201660
191.000000000 818.934326172
190.000000000 904.454162598
