250.000000000 310.670623779
249.000000000 310.670623779
248.000000000 310.670623779
247.000000000 310.670623779
246.000000000 310.670623779
245.000000000 310.670623779
244.000000000 310.670623779
243.000000000 310.670623779
242.000000000 310.670623779
241.000000000 310.670623779
240.000000000 310.670623779
239.000000000 310.670623779
238.000000000 310.670623779
237.000000000 310.670623779
236.000000000 310.670623779
235.000000000 310.670623779
234.000000000 310.670623779
233.000000000 325.617095947
232.000000000 325.617095947
231.000000000 325.617095947
230.000000000 325.617095947
229.000000000 325.617095947
228.000000000 325.617095947
227.000000000 325.617095947
226.000000000 325.617095947
225.000000000 325.617095947
224.000000000 325.617095947
223.000000000 325.617095947
222.000000000 342.106079102
221.000000000 342.106079102
220.000000000 342.106079102
219.000000000 342.106079102
218.000000000 342.106079102
217.000000000 342.106079102
216.000000000 342.106079102
215.000000000 342.106079102
214.000000000 342.106079102
213.000000000 361.203216553
212.000000000 361.203216553
211.000000000 361.203216553
210.000000000 361.203216553
209.000000000 361.203216553
208.000000000 382.778411865
207.000000000 382.778411865
206.000000000 382.778411865
205.000000000 382.778411865
204.000000000 404.380706787
203.000000000 404.380706787
202.000000000 404.380706787
201.000000000 429.995300293
200.000000000 429.995300293
199.000000000 456.797821045
198.000000000 456.797821045
197.000000000 496.792572021
196.000000000 527.929687500
195.000000000 562.826477051
194.000000000 608.982299805
193.000000000 672.033325195
192.000000000 754.499389648
191.000000000 864.673461914
190.000000000 1001.329772949
