250.000000000 318.934753418
249.000000000 318.934753418
248.000000000 318.934753418
247.000000000 318.934753418
246.000000000 318.934753418
245.000000000 318.934753418
244.000000000 318.934753418
243.000000000 318.934753418
242.000000000 318.934753418
241.000000000 318.934753418
240.000000000 318.934753418
239.000000000 318.934753418
238.000000000 318.934753418
237.000000000 318.934753418
236.000000000 318.934753418
235.000000000 318.934753418
234.000000000 318.934753418
233.000000000 318.934753418
232.000000000 318.934753418
231.000000000 335.305664062
230.000000000 335.305664062
229.000000000 335.305664062
228.000000000 335.305664062
227.000000000 335.305664062
226.000000000 335.305664062
225.000000000 335.305664062
224.000000000 335.305664062
223.000000000 335.305664062
222.000000000 335.305664062
221.000000000 335.305664062
220.000000000 352.098022461
219.000000000 352.098022461
218.000000000 352.098022461
217.000000000 352.098022461
216.000000000 352.098022461
215.000000000 352.098022461
214.000000000 352.098022461
213.000000000 369.404846191
212.000000000 369.404846191
211.000000000 369.404846191
210.000000000 369.404846191
209.000000000 390.842010498
208.000000000 390.842010498
207.000000000 390.842010498
206.000000000 390.842010498
205.000000000 415.625854492
204.000000000 415.625854492
203.000000000 415.625854492
202.000000000 440.545989990
201.000000000 440.545989990
200.000000000 472.722290039
199.000000000 497.646881104
198.000000000 526.448303223
197.000000000 567.082946777
196.000000000 617.048522949
195.000000000 681.250305176
194.000000000 763.533935547
193.000000000 863.863586426
192.000000000 972.364868164
191.000000000 1039.691162109
190.000000000 1039.691162109
