250.000000000 310.670623779
249.000000000 310.670623779
248.000000000 310.670623779
247.000000000 310.670623779
246.000000000 310.670623779
245.000000000 310.670623779
244.000000000 310.670623779
243.000000000 310.670623779
242.000000000 310.670623779
241.000000000 310.670623779
240.000000000 310.670623779
239.000000000 310.670623779
238.000000000 310.670623779
237.000000000 310.670623779
236.000000000 310.670623779
235.000000000 326.331390381
234.000000000 326.331390381
233.000000000 326.331390381
232.000000000 326.331390381
231.000000000 326.331390381
230.000000000 326.331390381
229.000000000 326.331390381
228.000000000 326.331390381
227.000000000 326.331390381
226.000000000 326.331390381
225.000000000 326.331390381
224.000000000 326.331390381
223.000000000 342.734375000
222.000000000 342.734375000
221.000000000 342.734375000
220.000000000 342.734375000
219.000000000 342.734375000
218.000000000 342.734375000
217.000000000 342.734375000
216.000000000 342.734375000
215.000000000 360.757690430
214.000000000 360.757690430
213.000000000 360.757690430
212.000000000 360.757690430
211.000000000 360.757690430
210.000000000 382.605194092
209.000000000 382.605194092
208.000000000 382.605194092
207.000000000 401.150756836
206.000000000 401.150756836
205.000000000 401.150756836
204.000000000 426.379882812
203.000000000 426.379882812
202.000000000 450.689483643
201.000000000 450.689483643
200.000000000 491.706420898
199.000000000 524.001892090
198.000000000 564.806579590
197.000000000 612.474853516
196.000000000 676.581115723
195.000000000 759.954711914
194.000000000 857.601928711
193.000000000 966.480712891
192.000000000 1048.176879883
191.000000000 1048.176879883
190.000000000 1048.176879883
