250.000000000 310.670623779
249.000000000 310.670623779
248.000000000 310.670623779
247.000000000 310.670623779
246.000000000 310.670623779
245.000000000 310.670623779
244.000000000 310.670623779
243.000000000 310.670623779
242.000000000 310.670623779
241.000000000 310.670623779
240.000000000 310.670623779
239.000000000 310.670623779
238.000000000 310.670623779
237.000000000 310.670623779
236.000000000 310.670623779
235.000000000 326.504669189
234.000000000 326.504669189
233.000000000 326.504669189
232.000000000 326.504669189
231.000000000 326.504669189
230.000000000 326.504669189
229.000000000 326.504669189
228.000000000 326.504669189
227.000000000 326.504669189
226.000000000 326.504669189
225.000000000 326.504669189
224.000000000 326.504669189
223.000000000 342.011871338
222.000000000 342.011871338
221.000000000 342.011871338
220.000000000 342.011871338
219.000000000 342.011871338
218.000000000 342.011871338
217.000000000 342.011871338
216.000000000 342.011871338
215.000000000 342.011871338
214.000000000 360.353637695
213.000000000 360.353637695
212.000000000 360.353637695
211.000000000 360.353637695
210.000000000 377.863372803
209.000000000 377.863372803
208.000000000 377.863372803
207.000000000 395.672821045
206.000000000 395.672821045
205.000000000 395.672821045
204.000000000 414.945678711
203.000000000 414.945678711
202.000000000 435.416076660
201.000000000 435.416076660
200.000000000 463.374694824
199.000000000 486.437194824
198.000000000 514.210998535
197.000000000 547.226257324
196.000000000 591.242248535
195.000000000 645.720275879
194.000000000 716.079650879
193.000000000 807.531982422
192.000000000 926.680908203
191.000000000 1039.539306641
190.000000000 1100.000000000
