250.000000000 310.670623779
249.000000000 310.670623779
248.000000000 310.670623779
247.000000000 310.670623779
246.000000000 310.670623779
245.000000000 310.670623779
244.000000000 310.670623779
243.000000000 310.670623779
242.000000000 310.670623779
241.000000000 310.670623779
240.000000000 310.670623779
239.000000000 310.670623779
238.000000000 310.670623779
237.000000000 310.670623779
236.000000000 310.670623779
235.000000000 310.670623779
234.000000000 325.421752930
233.000000000 325.421752930
232.000000000 325.421752930
231.000000000 325.421752930
230.000000000 325.421752930
229.000000000 325.421752930
228.000000000 325.421752930
227.000000000 325.421752930
226.000000000 325.421752930
225.000000000 325.421752930
224.000000000 325.421752930
223.000000000 325.421752930
222.000000000 341.216400146
221.000000000 341.216400146
220.000000000 341.216400146
219.000000000 341.216400146
218.000000000 341.216400146
217.000000000 341.216400146
216.000000000 341.216400146
215.000000000 341.216400146
214.000000000 341.216400146
213.000000000 360.160461426
212.000000000 360.160461426
211.000000000 360.160461426
210.000000000 360.160461426
209.000000000 378.618408203
208.000000000 378.618408203
207.000000000 378.618408203
206.000000000 378.618408203
205.000000000 398.067352295
204.000000000 398.067352295
203.000000000 398.067352295
202.000000000 419.656036377
201.000000000 419.656036377
200.000000000 442.383453369
199.000000000 442.383453369
198.000000000 477.046295166
197.000000000 503.052734375
196.000000000 532.967224121
195.000000000 571.840942383
194.000000000 621.339721680
193.000000000 685.891418457
192.000000000 769.797363281
191.000000000 865.024902344
190.000000000 937.089111328
