250.000000000 310.670623779
249.000000000 310.670623779
248.000000000 310.670623779
247.000000000 310.670623779
246.000000000 310.670623779
245.000000000 310.670623779
244.000000000 310.670623779
243.000000000 310.670623779
242.000000000 310.670623779
241.000000000 310.670623779
240.000000000 310.670623779
239.000000000 310.670623779
238.000000000 310.670623779
237.000000000 310.670623779
236.000000000 310.670623779
235.000000000 310.670623779
234.000000000 310.670623779
233.000000000 310.670623779
232.000000000 326.164154053
231.000000000 326.164154053
230.000000000 326.164154053
229.000000000 326.164154053
228.000000000 326.164154053
227.000000000 326.164154053
226.000000000 326.164154053
225.000000000 326.164154053
224.000000000 326.164154053
223.000000000 326.164154053
222.000000000 326.164154053
221.000000000 326.164154053
220.000000000 341.913330078
219.000000000 341.913330078
218.000000000 341.913330078
217.000000000 341.913330078
216.000000000 341.913330078
215.000000000 341.913330078
214.000000000 341.913330078
213.000000000 341.913330078
212.000000000 359.255859375
211.000000000 359.255859375
210.000000000 359.255859375
209.000000000 359.255859375
208.000000000 376.215515137
207.000000000 376.215515137
206.000000000 376.215515137
205.000000000 376.215515137
204.000000000 395.044677734
203.000000000 395.044677734
202.000000000 395.044677734
201.000000000 415.343200684
200.000000000 415.343200684
199.000000000 415.343200684
198.000000000 445.046295166
197.000000000 445.046295166
196.000000000 477.697235107
195.000000000 501.811370850
194.000000000 530.309631348
193.000000000 566.936096191
192.000000000 617.441894531
191.000000000 679.309387207
190.000000000 756.756713867
