250.000000000 318.934753418
249.000000000 318.934753418
248.000000000 318.934753418
247.000000000 318.934753418
246.000000000 318.934753418
245.000000000 318.934753418
244.000000000 318.934753418
243.000000000 318.934753418
242.000000000 318.934753418
241.000000000 318.934753418
240.000000000 318.934753418
239.000000000 318.934753418
238.000000000 318.934753418
237.000000000 318.934753418
236.000000000 318.934753418
235.000000000 318.934753418
234.000000000 318.934753418
233.000000000 318.934753418
232.000000000 334.989715576
231.000000000 334.989715576
230.000000000 334.989715576
229.000000000 334.989715576
228.000000000 334.989715576
227.000000000 334.989715576
226.000000000 334.989715576
225.000000000 334.989715576
224.000000000 334.989715576
223.000000000 334.989715576
222.000000000 334.989715576
221.000000000 334.989715576
220.000000000 352.928375244
219.000000000 352.928375244
218.000000000 352.928375244
217.000000000 352.928375244
216.000000000 352.928375244
215.000000000 352.928375244
214.000000000 352.928375244
213.000000000 370.195068359
212.000000000 370.195068359
211.000000000 370.195068359
210.000000000 370.195068359
209.000000000 390.365844727
208.000000000 390.365844727
207.000000000 390.365844727
206.000000000 390.365844727
205.000000000 414.254150391
204.000000000 414.254150391
203.000000000 414.254150391
202.000000000 436.186492920
201.000000000 436.186492920
200.000000000 463.883483887
199.000000000 463.883483887
198.000000000 507.381866455
197.000000000 540.323303223
196.000000000 581.317077637
195.000000000 631.674804688
194.000000000 699.185668945
193.000000000 775.889282227
192.000000000 862.212890625
191.000000000 920.733337402
190.000000000 920.733337402
