250.000000000 318.934753418
249.000000000 318.934753418
248.000000000 318.934753418
247.000000000 318.934753418
246.000000000 318.934753418
245.000000000 318.934753418
244.000000000 318.934753418
243.000000000 318.934753418
242.000000000 318.934753418
241.000000000 318.934753418
240.000000000 318.934753418
239.000000000 318.934753418
238.000000000 318.934753418
237.000000000 318.934753418
236.000000000 318.934753418
235.000000000 318.934753418
234.000000000 318.934753418
233.000000000 318.934753418
232.000000000 318.934753418
231.000000000 318.934753418
230.000000000 335.140686035
229.000000000 335.140686035
228.000000000 335.140686035
227.000000000 335.140686035
226.000000000 335.140686035
225.000000000 335.140686035
224.000000000 335.140686035
223.000000000 335.140686035
222.000000000 335.140686035
221.000000000 335.140686035
220.000000000 335.140686035
219.000000000 335.140686035
218.000000000 353.520446777
217.000000000 353.520446777
216.000000000 353.520446777
215.000000000 353.520446777
214.000000000 353.520446777
213.000000000 353.520446777
212.000000000 353.520446777
211.000000000 375.050750732
210.000000000 375.050750732
209.000000000 375.050750732
208.000000000 375.050750732
207.000000000 396.961639404
206.000000000 396.961639404
205.000000000 396.961639404
204.000000000 396.961639404
203.000000000 416.799224854
202.000000000 416.799224854
201.000000000 416.799224854
200.000000000 445.128936768
199.000000000 445.128936768
198.000000000 477.279846191
197.000000000 477.279846191
196.000000000 528.023986816
195.000000000 566.780578613
194.000000000 613.396606445
193.000000000 675.696899414
192.000000000 750.941589355
191.000000000 836.838439941
190.000000000 893.393798828
