250.000000000 318.934753418
249.000000000 318.934753418
248.000000000 318.934753418
247.000000000 318.934753418
246.000000000 318.934753418
245.000000000 318.934753418
244.000000000 318.934753418
243.000000000 318.934753418
242.000000000 318.934753418
241.000000000 318.934753418
240.000000000 318.934753418
239.000000000 318.934753418
238.000000000 318.934753418
237.000000000 318.934753418
236.000000000 318.934753418
235.000000000 318.934753418
234.000000000 318.934753418
233.000000000 318.934753418
232.000000000 334.999969482
231.000000000 334.999969482
230.000000000 334.999969482
229.000000000 334.999969482
228.000000000 334.999969482
227.000000000 334.999969482
226.000000000 334.999969482
225.000000000 334.999969482
224.000000000 334.999969482
223.000000000 334.999969482
222.000000000 334.999969482
221.000000000 334.999969482
220.000000000 351.622558594
219.000000000 351.622558594
218.000000000 351.622558594
217.000000000 351.622558594
216.000000000 351.622558594
215.000000000 351.622558594
214.000000000 351.622558594
213.000000000 369.405792236
212.000000000 369.405792236
211.000000000 369.405792236
210.000000000 369.405792236
209.000000000 389.731445312
208.000000000 389.731445312
207.000000000 389.731445312
206.000000000 389.731445312
205.000000000 411.257354736
204.000000000 411.257354736
203.000000000 411.257354736
202.000000000 433.314178467
201.000000000 433.314178467
200.000000000 457.197906494
199.000000000 457.197906494
198.000000000 497.977020264
197.000000000 527.916625977
196.000000000 564.718627930
195.000000000 609.837585449
194.000000000 670.061828613
193.000000000 743.269653320
192.000000000 829.380371094
191.000000000 904.219665527
190.000000000 904.219665527
