250.000000000 310.670623779
249.000000000 310.670623779
248.000000000 310.670623779
247.000000000 310.670623779
246.000000000 310.670623779
245.000000000 310.670623779
244.000000000 310.670623779
243.000000000 310.670623779
242.000000000 310.670623779
241.000000000 310.670623779
240.000000000 310.670623779
239.000000000 310.670623779
238.000000000 310.670623779
237.000000000 310.670623779
236.000000000 310.670623779
235.000000000 310.670623779
234.000000000 310.670623779
233.000000000 325.383178711
232.000000000 325.383178711
231.000000000 325.383178711
230.000000000 325.383178711
229.000000000 325.383178711
228.000000000 325.383178711
227.000000000 325.383178711
226.000000000 325.383178711
225.000000000 325.383178711
224.000000000 325.383178711
223.000000000 325.383178711
222.000000000 325.383178711
221.000000000 325.383178711
220.000000000 342.674774170
219.000000000 342.674774170
218.000000000 342.674774170
217.000000000 342.674774170
216.000000000 342.674774170
215.000000000 342.674774170
214.000000000 342.674774170
213.000000000 342.674774170
212.000000000 361.037506104
211.000000000 361.037506104
210.000000000 361.037506104
209.000000000 361.037506104
208.000000000 378.851684570
207.000000000 378.851684570
206.000000000 378.851684570
205.000000000 378.851684570
204.000000000 399.050109863
203.000000000 399.050109863
202.000000000 399.050109863
201.000000000 419.001983643
200.000000000 419.001983643
199.000000000 439.555480957
198.000000000 439.555480957
197.000000000 467.816162109
196.000000000 467.816162109
195.000000000 510.664123535
194.000000000 539.069152832
193.000000000 578.378173828
192.000000000 631.070983887
191.000000000 706.190368652
190.000000000 803.652526855
