250.000000000 318.934753418
249.000000000 318.934753418
248.000000000 318.934753418
247.000000000 318.934753418
246.000000000 318.934753418
245.000000000 318.934753418
244.000000000 318.934753418
243.000000000 318.934753418
242.000000000 318.934753418
241.000000000 318.934753418
240.000000000 318.934753418
239.000000000 318.934753418
238.000000000 318.934753418
237.000000000 318.934753418
236.000000000 318.934753418
235.000000000 318.934753418
234.000000000 318.934753418
233.000000000 318.934753418
232.000000000 318.934753418
231.000000000 318.934753418
230.000000000 334.655334473
229.000000000 334.655334473
228.000000000 334.655334473
227.000000000 334.655334473
226.000000000 334.655334473
225.000000000 334.655334473
224.000000000 334.655334473
223.000000000 334.655334473
222.000000000 334.655334473
221.000000000 334.655334473
220.000000000 334.655334473
219.000000000 351.838226318
218.000000000 351.838226318
217.000000000 351.838226318
216.000000000 351.838226318
215.000000000 351.838226318
214.000000000 351.838226318
213.000000000 351.838226318
212.000000000 370.211212158
211.000000000 370.211212158
210.000000000 370.211212158
209.000000000 370.211212158
208.000000000 391.147277832
207.000000000 391.147277832
206.000000000 391.147277832
205.000000000 391.147277832
204.000000000 412.070312500
203.000000000 412.070312500
202.000000000 412.070312500
201.000000000 433.231140137
200.000000000 433.231140137
199.000000000 459.744689941
198.000000000 459.744689941
197.000000000 499.188751221
196.000000000 529.903442383
195.000000000 566.950866699
194.000000000 614.472167969
193.000000000 674.314331055
192.000000000 754.148925781
191.000000000 837.272399902
190.000000000 894.613952637
