250.000000000 310.670623779
249.000000000 310.670623779
248.000000000 310.670623779
247.000000000 310.670623779
246.000000000 310.670623779
245.000000000 310.670623779
244.000000000 310.670623779
243.000000000 310.670623779
242.000000000 310.670623779
241.000000000 310.670623779
240.000000000 310.670623779
239.000000000 310.670623779
238.000000000 310.670623779
237.000000000 310.670623779
236.000000000 325.389648438
235.000000000 325.389648438
234.000000000 325.389648438
233.000000000 325.389648438
232.000000000 325.389648438
231.000000000 325.389648438
230.000000000 325.389648438
229.000000000 325.389648438
228.000000000 325.389648438
227.000000000 325.389648438
226.000000000 325.389648438
225.000000000 325.389648438
224.000000000 325.389648438
223.000000000 341.430023193
222.000000000 341.430023193
221.000000000 341.430023193
220.000000000 341.430023193
219.000000000 341.430023193
218.000000000 341.430023193
217.000000000 341.430023193
216.000000000 341.430023193
215.000000000 341.430023193
214.000000000 359.773040771
213.000000000 359.773040771
212.000000000 359.773040771
211.000000000 359.773040771
210.000000000 377.748931885
209.000000000 377.748931885
208.000000000 377.748931885
207.000000000 377.748931885
206.000000000 400.413635254
205.000000000 400.413635254
204.000000000 400.413635254
203.000000000 420.274230957
202.000000000 420.274230957
201.000000000 444.482513428
200.000000000 444.482513428
199.000000000 478.793457031
198.000000000 505.469696045
197.000000000 533.620910645
196.000000000 572.854858398
195.000000000 623.012512207
194.000000000 688.668823242
193.000000000 773.441833496
192.000000000 879.469055176
191.000000000 997.726806641
190.000000000 1083.533813477
