250.000000000 310.670623779
249.000000000 310.670623779
248.000000000 310.670623779
247.000000000 310.670623779
246.000000000 310.670623779
245.000000000 310.670623779
244.000000000 310.670623779
243.000000000 310.670623779
242.000000000 310.670623779
241.000000000 310.670623779
240.000000000 310.670623779
239.000000000 310.670623779
238.000000000 310.670623779
237.000000000 310.670623779
236.000000000 310.670623779
235.000000000 325.457305908
234.000000000 325.457305908
233.000000000 325.457305908
232.000000000 325.457305908
231.000000000 325.457305908
230.000000000 325.457305908
229.000000000 325.457305908
228.000000000 325.457305908
227.000000000 325.457305908
226.000000000 325.457305908
225.000000000 325.457305908
224.000000000 325.457305908
223.000000000 325.457305908
222.000000000 342.461242676
221.000000000 342.461242676
220.000000000 342.461242676
219.000000000 342.461242676
218.000000000 342.461242676
217.000000000 342.461242676
216.000000000 342.461242676
215.000000000 342.461242676
214.000000000 342.461242676
213.000000000 360.716949463
212.000000000 360.716949463
211.000000000 360.716949463
210.000000000 360.716949463
209.000000000 379.672912598
208.000000000 379.672912598
207.000000000 379.672912598
206.000000000 379.672912598
205.000000000 399.166229248
204.000000000 399.166229248
203.000000000 399.166229248
202.000000000 422.366882324
201.000000000 422.366882324
200.000000000 449.430480957
199.000000000 449.430480957
198.000000000 485.290588379
197.000000000 513.327636719
196.000000000 547.583984375
195.000000000 591.004455566
194.000000000 647.167419434
193.000000000 716.769836426
192.000000000 810.650756836
191.000000000 910.310241699
190.000000000 979.116088867
