250.000000000 318.934753418
249.000000000 318.934753418
248.000000000 318.934753418
247.000000000 318.934753418
246.000000000 318.934753418
245.000000000 318.934753418
244.000000000 318.934753418
243.000000000 318.934753418
242.000000000 318.934753418
241.000000000 318.934753418
240.000000000 318.934753418
239.000000000 318.934753418
238.000000000 318.934753418
237.000000000 318.934753418
236.000000000 318.934753418
235.000000000 318.934753418
234.000000000 318.934753418
233.000000000 318.934753418
232.000000000 318.934753418
231.000000000 334.566101074
230.000000000 334.566101074
229.000000000 334.566101074
228.000000000 334.566101074
227.000000000 334.566101074
226.000000000 334.566101074
225.000000000 334.566101074
224.000000000 334.566101074
223.000000000 334.566101074
222.000000000 334.566101074
221.000000000 334.566101074
220.000000000 351.539062500
219.000000000 351.539062500
218.000000000 351.539062500
217.000000000 351.539062500
216.000000000 351.539062500
215.000000000 351.539062500
214.000000000 351.539062500
213.000000000 369.228912354
212.000000000 369.228912354
211.000000000 369.228912354
210.000000000 369.228912354
209.000000000 391.611328125
208.000000000 391.611328125
207.000000000 391.611328125
206.000000000 391.611328125
205.000000000 414.836700439
204.000000000 414.836700439
203.000000000 414.836700439
202.000000000 440.377258301
201.000000000 440.377258301
200.000000000 472.503509521
199.000000000 496.968505859
198.000000000 528.059387207
197.000000000 564.977416992
196.000000000 616.175415039
195.000000000 681.272033691
194.000000000 760.782836914
193.000000000 862.992797852
192.000000000 968.384216309
191.000000000 1038.627197266
190.000000000 1038.627197266
