250.000000000 310.670623779
249.000000000 310.670623779
248.000000000 310.670623779
247.000000000 310.670623779
246.000000000 310.670623779
245.000000000 310.670623779
244.000000000 310.670623779
243.000000000 310.670623779
242.000000000 310.670623779
241.000000000 310.670623779
240.000000000 310.670623779
239.000000000 310.670623779
238.000000000 310.670623779
237.000000000 310.670623779
236.000000000 310.670623779
235.000000000 310.670623779
234.000000000 310.670623779
233.000000000 325.829803467
232.000000000 325.829803467
231.000000000 325.829803467
230.000000000 325.829803467
229.000000000 325.829803467
228.000000000 325.829803467
227.000000000 325.829803467
226.000000000 325.829803467
225.000000000 325.829803467
224.000000000 325.829803467
223.000000000 325.829803467
222.000000000 325.829803467
221.000000000 341.784271240
220.000000000 341.784271240
219.000000000 341.784271240
218.000000000 341.784271240
217.000000000 341.784271240
216.000000000 341.784271240
215.000000000 341.784271240
214.000000000 341.784271240
213.000000000 341.784271240
212.000000000 362.680297852
211.000000000 362.680297852
210.000000000 362.680297852
209.000000000 362.680297852
208.000000000 380.438201904
207.000000000 380.438201904
206.000000000 380.438201904
205.000000000 380.438201904
204.000000000 400.587768555
203.000000000 400.587768555
202.000000000 400.587768555
201.000000000 422.359863281
200.000000000 422.359863281
199.000000000 446.845642090
198.000000000 446.845642090
197.000000000 481.790069580
196.000000000 507.528747559
195.000000000 539.455749512
194.000000000 578.768615723
193.000000000 630.631530762
192.000000000 700.771423340
191.000000000 780.657531738
190.000000000 869.146057129
