250.000000000 310.670623779
249.000000000 310.670623779
248.000000000 310.670623779
247.000000000 310.670623779
246.000000000 310.670623779
245.000000000 310.670623779
244.000000000 310.670623779
243.000000000 310.670623779
242.000000000 310.670623779
241.000000000 310.670623779
240.000000000 310.670623779
239.000000000 310.670623779
238.000000000 310.670623779
237.000000000 310.670623779
236.000000000 325.539337158
235.000000000 325.539337158
234.000000000 325.539337158
233.000000000 325.539337158
232.000000000 325.539337158
231.000000000 325.539337158
230.000000000 325.539337158
229.000000000 325.539337158
228.000000000 325.539337158
227.000000000 325.539337158
226.000000000 325.539337158
225.000000000 325.539337158
224.000000000 340.793884277
223.000000000 340.793884277
222.000000000 340.793884277
221.000000000 340.793884277
220.000000000 340.793884277
219.000000000 340.793884277
218.000000000 340.793884277
217.000000000 340.793884277
216.000000000 356.909606934
215.000000000 356.909606934
214.000000000 356.909606934
213.000000000 356.909606934
212.000000000 356.909606934
211.000000000 374.507232666
210.000000000 374.507232666
209.000000000 374.507232666
208.000000000 374.507232666
207.000000000 398.666259766
206.000000000 398.666259766
205.000000000 398.666259766
204.000000000 421.027770996
203.000000000 421.027770996
202.000000000 442.536712646
201.000000000 442.536712646
200.000000000 477.239898682
199.000000000 504.428222656
198.000000000 535.467407227
197.000000000 575.754821777
196.000000000 631.341979980
195.000000000 698.764770508
194.000000000 782.880920410
193.000000000 888.301635742
192.000000000 997.122375488
191.000000000 1072.747070312
190.000000000 1072.747070312
