250.000000000 318.934753418
249.000000000 318.934753418
248.000000000 318.934753418
247.000000000 318.934753418
246.000000000 318.934753418
245.000000000 318.934753418
244.000000000 318.934753418
243.000000000 318.934753418
242.000000000 318.934753418
241.000000000 318.934753418
240.000000000 318.934753418
239.000000000 318.934753418
238.000000000 318.934753418
237.000000000 318.934753418
236.000000000 318.934753418
235.000000000 318.934753418
234.000000000 318.934753418
233.000000000 318.934753418
232.000000000 318.934753418
231.000000000 336.053283691
230.000000000 336.053283691
229.000000000 336.053283691
228.000000000 336.053283691
227.000000000 336.053283691
226.000000000 336.053283691
225.000000000 336.053283691
224.000000000 336.053283691
223.000000000 336.053283691
222.000000000 336.053283691
221.000000000 336.053283691
220.000000000 353.572509766
219.000000000 353.572509766
218.000000000 353.572509766
217.000000000 353.572509766
216.000000000 353.572509766
215.000000000 353.572509766
214.000000000 353.572509766
213.000000000 371.518341064
212.000000000 371.518341064
211.000000000 371.518341064
210.000000000 371.518341064
209.000000000 392.389343262
208.000000000 392.389343262
207.000000000 392.389343262
206.000000000 412.110778809
205.000000000 412.110778809
204.000000000 412.110778809
203.000000000 433.817626953
202.000000000 433.817626953
201.000000000 456.830383301
200.000000000 456.830383301
199.000000000 501.442871094
198.000000000 529.737182617
197.000000000 568.302001953
196.000000000 619.847900391
195.000000000 682.901428223
194.000000000 759.666137695
193.000000000 851.068969727
192.000000000 932.633056641
191.000000000 932.633056641
190.000000000 995.768310547
