250.000000000 318.934753418
249.000000000 318.934753418
248.000000000 318.934753418
247.000000000 318.934753418
246.000000000 318.934753418
245.000000000 318.934753418
244.000000000 318.934753418
243.000000000 318.934753418
242.000000000 318.934753418
241.000000000 318.934753418
240.000000000 318.934753418
239.000000000 318.934753418
238.000000000 318.934753418
237.000000000 318.934753418
236.000000000 318.934753418
235.000000000 318.934753418
234.000000000 318.934753418
233.000000000 318.934753418
232.000000000 318.934753418
231.000000000 318.934753418
230.000000000 334.914184570
229.000000000 334.914184570
228.000000000 334.914184570
227.000000000 334.914184570
226.000000000 334.914184570
225.000000000 334.914184570
224.000000000 334.914184570
223.000000000 334.914184570
222.000000000 334.914184570
221.000000000 334.914184570
220.000000000 334.914184570
219.000000000 351.645538330
218.000000000 351.645538330
217.000000000 351.645538330
216.000000000 351.645538330
215.000000000 351.645538330
214.000000000 351.645538330
213.000000000 351.645538330
212.000000000 371.208129883
211.000000000 371.208129883
210.000000000 371.208129883
209.000000000 371.208129883
208.000000000 391.855010986
207.000000000 391.855010986
206.000000000 391.855010986
205.000000000 391.855010986
204.000000000 411.017944336
203.000000000 411.017944336
202.000000000 411.017944336
201.000000000 433.281036377
200.000000000 433.281036377
199.000000000 459.022186279
198.000000000 459.022186279
197.000000000 499.407012939
196.000000000 529.167358398
195.000000000 565.658935547
194.000000000 613.046264648
193.000000000 674.959167480
192.000000000 752.934509277
191.000000000 833.354919434
190.000000000 896.949157715
