250.000000000 318.934753418
249.000000000 318.934753418
248.000000000 318.934753418
247.000000000 318.934753418
246.000000000 318.934753418
245.000000000 318.934753418
244.000000000 318.934753418
243.000000000 318.934753418
242.000000000 318.934753418
241.000000000 318.934753418
240.000000000 318.934753418
239.000000000 318.934753418
238.000000000 318.934753418
237.000000000 318.934753418
236.000000000 318.934753418
235.000000000 318.934753418
234.000000000 318.934753418
233.000000000 318.934753418
232.000000000 334.420104980
231.000000000 334.420104980
230.000000000 334.420104980
229.000000000 334.420104980
228.000000000 334.420104980
227.000000000 334.420104980
226.000000000 334.420104980
225.000000000 334.420104980
224.000000000 334.420104980
223.000000000 334.420104980
222.000000000 334.420104980
221.000000000 351.644348145
220.000000000 351.644348145
219.000000000 351.644348145
218.000000000 351.644348145
217.000000000 351.644348145
216.000000000 351.644348145
215.000000000 351.644348145
214.000000000 369.319488525
213.000000000 369.319488525
212.000000000 369.319488525
211.000000000 369.319488525
210.000000000 390.730346680
209.000000000 390.730346680
208.000000000 390.730346680
207.000000000 411.139526367
206.000000000 411.139526367
205.000000000 411.139526367
204.000000000 436.255676270
203.000000000 436.255676270
202.000000000 460.938049316
201.000000000 460.938049316
200.000000000 508.521759033
199.000000000 543.693054199
198.000000000 588.132263184
197.000000000 647.380981445
196.000000000 723.450378418
195.000000000 817.979003906
194.000000000 924.207397461
193.000000000 1027.312988281
192.000000000 1079.729614258
191.000000000 1079.729614258
190.000000000 1079.729614258
