250.000000000 318.934753418
249.000000000 318.934753418
248.000000000 318.934753418
247.000000000 318.934753418
246.000000000 318.934753418
245.000000000 318.934753418
244.000000000 318.934753418
243.000000000 318.934753418
242.000000000 318.934753418
241.000000000 318.934753418
240.000000000 318.934753418
239.000000000 318.934753418
238.000000000 318.934753418
237.000000000 318.934753418
236.000000000 318.934753418
235.000000000 318.934753418
234.000000000 318.934753418
233.000000000 318.934753418
232.000000000 318.934753418
231.000000000 336.105072021
230.000000000 336.105072021
229.000000000 336.105072021
228.000000000 336.105072021
227.000000000 336.105072021
226.000000000 336.105072021
225.000000000 336.105072021
224.000000000 336.105072021
223.000000000 336.105072021
222.000000000 336.105072021
221.000000000 336.105072021
220.000000000 352.692535400
219.000000000 352.692535400
218.000000000 352.692535400
217.000000000 352.692535400
216.000000000 352.692535400
215.000000000 352.692535400
214.000000000 352.692535400
213.000000000 372.412475586
212.000000000 372.412475586
211.000000000 372.412475586
210.000000000 372.412475586
209.000000000 395.172973633
208.000000000 395.172973633
207.000000000 395.172973633
206.000000000 395.172973633
205.000000000 419.970001221
204.000000000 419.970001221
203.000000000 419.970001221
202.000000000 448.189971924
201.000000000 448.189971924
200.000000000 482.517791748
199.000000000 509.650268555
198.000000000 545.342590332
197.000000000 586.651245117
196.000000000 641.518493652
195.000000000 715.212585449
194.000000000 800.384033203
193.000000000 894.605773926
192.000000000 973.388671875
191.000000000 973.388671875
190.000000000 973.388671875
