250.000000000 310.670623779
249.000000000 310.670623779
248.000000000 310.670623779
247.000000000 310.670623779
246.000000000 310.670623779
245.000000000 310.670623779
244.000000000 310.670623779
243.000000000 310.670623779
242.000000000 310.670623779
241.000000000 310.670623779
240.000000000 310.670623779
239.000000000 310.670623779
238.000000000 310.670623779
237.000000000 310.670623779
236.000000000 310.670623779
235.000000000 310.670623779
234.000000000 310.670623779
233.000000000 326.661560059
232.000000000 326.661560059
231.000000000 326.661560059
230.000000000 326.661560059
229.000000000 326.661560059
228.000000000 326.661560059
227.000000000 326.661560059
226.000000000 326.661560059
225.000000000 326.661560059
224.000000000 326.661560059
223.000000000 326.661560059
222.000000000 326.661560059
221.000000000 343.202545166
220.000000000 343.202545166
219.000000000 343.202545166
218.000000000 343.202545166
217.000000000 343.202545166
216.000000000 343.202545166
215.000000000 343.202545166
214.000000000 343.202545166
213.000000000 359.889587402
212.000000000 359.889587402
211.000000000 359.889587402
210.000000000 359.889587402
209.000000000 378.787811279
208.000000000 378.787811279
207.000000000 378.787811279
206.000000000 378.787811279
205.000000000 398.621154785
204.000000000 398.621154785
203.000000000 398.621154785
202.000000000 417.478546143
201.000000000 417.478546143
200.000000000 437.397735596
199.000000000 437.397735596
198.000000000 467.355712891
197.000000000 467.355712891
196.000000000 513.405822754
195.000000000 547.608276367
194.000000000 587.983520508
193.000000000 644.501403809
192.000000000 717.646484375
191.000000000 814.505615234
190.000000000 944.688598633
