250.000000000 318.934753418
249.000000000 318.934753418
248.000000000 318.934753418
247.000000000 318.934753418
246.000000000 318.934753418
245.000000000 318.934753418
244.000000000 318.934753418
243.000000000 318.934753418
242.000000000 318.934753418
241.000000000 318.934753418
240.000000000 318.934753418
239.000000000 318.934753418
238.000000000 318.934753418
237.000000000 318.934753418
236.000000000 318.934753418
235.000000000 318.934753418
234.000000000 318.934753418
233.000000000 318.934753418
232.000000000 318.934753418
231.000000000 318.934753418
230.000000000 334.900329590
229.000000000 334.900329590
228.000000000 334.900329590
227.000000000 334.900329590
226.000000000 334.900329590
225.000000000 334.900329590
224.000000000 334.900329590
223.000000000 334.900329590
222.000000000 334.900329590
221.000000000 334.900329590
220.000000000 334.900329590
219.000000000 352.876678467
218.000000000 352.876678467
217.000000000 352.876678467
216.000000000 352.876678467
215.000000000 352.876678467
214.000000000 352.876678467
213.000000000 352.876678467
212.000000000 371.007690430
211.000000000 371.007690430
210.000000000 371.007690430
209.000000000 371.007690430
208.000000000 391.965789795
207.000000000 391.965789795
206.000000000 391.965789795
205.000000000 391.965789795
204.000000000 412.846740723
203.000000000 412.846740723
202.000000000 412.846740723
201.000000000 436.427185059
200.000000000 436.427185059
199.000000000 465.322052002
198.000000000 465.322052002
197.000000000 510.950866699
196.000000000 542.077758789
195.000000000 585.268737793
194.000000000 637.978027344
193.000000000 704.091552734
192.000000000 786.733154297
191.000000000 867.422485352
190.000000000 921.194885254
