250.000000000 318.934753418
249.000000000 318.934753418
248.000000000 318.934753418
247.000000000 318.934753418
246.000000000 318.934753418
245.000000000 318.934753418
244.000000000 318.934753418
243.000000000 318.934753418
242.000000000 318.934753418
241.000000000 318.934753418
240.000000000 318.934753418
239.000000000 318.934753418
238.000000000 318.934753418
237.000000000 318.934753418
236.000000000 318.934753418
235.000000000 318.934753418
234.000000000 318.934753418
233.000000000 318.934753418
232.000000000 335.105895996
231.000000000 335.105895996
230.000000000 335.105895996
229.000000000 335.105895996
228.000000000 335.105895996
227.000000000 335.105895996
226.000000000 335.105895996
225.000000000 335.105895996
224.000000000 335.105895996
223.000000000 335.105895996
222.000000000 335.105895996
221.000000000 351.264556885
220.000000000 351.264556885
219.000000000 351.264556885
218.000000000 351.264556885
217.000000000 351.264556885
216.000000000 351.264556885
215.000000000 351.264556885
214.000000000 369.123626709
213.000000000 369.123626709
212.000000000 369.123626709
211.000000000 369.123626709
210.000000000 390.143920898
209.000000000 390.143920898
208.000000000 390.143920898
207.000000000 411.049804688
206.000000000 411.049804688
205.000000000 411.049804688
204.000000000 435.735168457
203.000000000 435.735168457
202.000000000 461.784423828
201.000000000 461.784423828
200.000000000 509.211883545
199.000000000 543.870666504
198.000000000 589.506347656
197.000000000 646.080505371
196.000000000 720.058898926
195.000000000 814.912902832
194.000000000 920.632629395
193.000000000 1010.307617188
192.000000000 1062.130859375
191.000000000 1062.130859375
190.000000000 1062.130859375
