250.000000000 310.670623779
249.000000000 310.670623779
248.000000000 310.670623779
247.000000000 310.670623779
246.000000000 310.670623779
245.000000000 310.670623779
244.000000000 310.670623779
243.000000000 310.670623779
242.000000000 310.670623779
241.000000000 310.670623779
240.000000000 310.670623779
239.000000000 310.670623779
238.000000000 310.670623779
237.000000000 310.670623779
236.000000000 310.670623779
235.000000000 325.621185303
234.000000000 325.621185303
233.000000000 325.621185303
232.000000000 325.621185303
231.000000000 325.621185303
230.000000000 325.621185303
229.000000000 325.621185303
228.000000000 325.621185303
227.000000000 325.621185303
226.000000000 325.621185303
225.000000000 325.621185303
224.000000000 325.621185303
223.000000000 341.768005371
222.000000000 341.768005371
221.000000000 341.768005371
220.000000000 341.768005371
219.000000000 341.768005371
218.000000000 341.768005371
217.000000000 341.768005371
216.000000000 341.768005371
215.000000000 341.768005371
214.000000000 360.620025635
213.000000000 360.620025635
212.000000000 360.620025635
211.000000000 360.620025635
210.000000000 378.988739014
209.000000000 378.988739014
208.000000000 378.988739014
207.000000000 378.988739014
206.000000000 403.754180908
205.000000000 403.754180908
204.000000000 403.754180908
203.000000000 426.351593018
202.000000000 426.351593018
201.000000000 453.149566650
200.000000000 453.149566650
199.000000000 498.973236084
198.000000000 532.078186035
197.000000000 572.534057617
196.000000000 626.958679199
195.000000000 692.445129395
194.000000000 778.098815918
193.000000000 883.099060059
192.000000000 997.512268066
191.000000000 1067.293823242
190.000000000 1067.293823242
