250.000000000 310.670623779
249.000000000 310.670623779
248.000000000 310.670623779
247.000000000 310.670623779
246.000000000 310.670623779
245.000000000 310.670623779
244.000000000 310.670623779
243.000000000 310.670623779
242.000000000 310.670623779
241.000000000 310.670623779
240.000000000 310.670623779
239.000000000 310.670623779
238.000000000 310.670623779
237.000000000 310.670623779
236.000000000 310.670623779
235.000000000 325.424743652
234.000000000 325.424743652
233.000000000 325.424743652
232.000000000 325.424743652
231.000000000 325.424743652
230.000000000 325.424743652
229.000000000 325.424743652
228.000000000 325.424743652
227.000000000 325.424743652
226.000000000 325.424743652
225.000000000 325.424743652
224.000000000 325.424743652
223.000000000 325.424743652
222.000000000 341.295135498
221.000000000 341.295135498
220.000000000 341.295135498
219.000000000 341.295135498
218.000000000 341.295135498
217.000000000 341.295135498
216.000000000 341.295135498
215.000000000 341.295135498
214.000000000 341.295135498
213.000000000 359.810241699
212.000000000 359.810241699
211.000000000 359.810241699
210.000000000 359.810241699
209.000000000 378.057830811
208.000000000 378.057830811
207.000000000 378.057830811
206.000000000 378.057830811
205.000000000 398.230957031
204.000000000 398.230957031
203.000000000 398.230957031
202.000000000 418.909606934
201.000000000 418.909606934
200.000000000 441.504730225
199.000000000 441.504730225
198.000000000 476.632141113
197.000000000 502.594085693
196.000000000 533.439819336
195.000000000 572.520324707
194.000000000 620.838745117
193.000000000 685.345947266
192.000000000 769.839416504
191.000000000 859.002014160
190.000000000 937.751525879
