250.000000000 310.670623779
249.000000000 310.670623779
248.000000000 310.670623779
247.000000000 310.670623779
246.000000000 310.670623779
245.000000000 310.670623779
244.000000000 310.670623779
243.000000000 310.670623779
242.000000000 310.670623779
241.000000000 310.670623779
240.000000000 310.670623779
239.000000000 310.670623779
238.000000000 310.670623779
237.000000000 310.670623779
236.000000000 326.388488770
235.000000000 326.388488770
234.000000000 326.388488770
233.000000000 326.388488770
232.000000000 326.388488770
231.000000000 326.388488770
230.000000000 326.388488770
229.000000000 326.388488770
228.000000000 326.388488770
227.000000000 326.388488770
226.000000000 326.388488770
225.000000000 326.388488770
224.000000000 342.333435059
223.000000000 342.333435059
222.000000000 342.333435059
221.000000000 342.333435059
220.000000000 342.333435059
219.000000000 342.333435059
218.000000000 342.333435059
217.000000000 342.333435059
216.000000000 358.383850098
215.000000000 358.383850098
214.000000000 358.383850098
213.000000000 358.383850098
212.000000000 358.383850098
211.000000000 379.745971680
210.000000000 379.745971680
209.000000000 379.745971680
208.000000000 398.457061768
207.000000000 398.457061768
206.000000000 398.457061768
205.000000000 421.684234619
204.000000000 421.684234619
203.000000000 444.031799316
202.000000000 444.031799316
201.000000000 482.562896729
200.000000000 511.660797119
199.000000000 548.603759766
198.000000000 596.610839844
197.000000000 657.860839844
196.000000000 735.474487305
195.000000000 828.915466309
194.000000000 942.094604492
193.000000000 1030.030029297
192.000000000 1079.769653320
191.000000000 1079.769653320
190.000000000 1079.769653320
