250.000000000 318.934753418
249.000000000 318.934753418
248.000000000 318.934753418
247.000000000 318.934753418
246.000000000 318.934753418
245.000000000 318.934753418
244.000000000 318.934753418
243.000000000 318.934753418
242.000000000 318.934753418
241.000000000 318.934753418
240.000000000 318.934753418
239.000000000 318.934753418
238.000000000 318.934753418
237.000000000 318.934753418
236.000000000 318.934753418
235.000000000 318.934753418
234.000000000 318.934753418
233.000000000 318.934753418
232.000000000 334.366851807
231.000000000 334.366851807
230.000000000 334.366851807
229.000000000 334.366851807
228.000000000 334.366851807
227.000000000 334.366851807
226.000000000 334.366851807
225.000000000 334.366851807
224.000000000 334.366851807
223.000000000 334.366851807
222.000000000 334.366851807
221.000000000 351.192199707
220.000000000 351.192199707
219.000000000 351.192199707
218.000000000 351.192199707
217.000000000 351.192199707
216.000000000 351.192199707
215.000000000 351.192199707
214.000000000 368.333709717
213.000000000 368.333709717
212.000000000 368.333709717
211.000000000 368.333709717
210.000000000 389.416870117
209.000000000 389.416870117
208.000000000 389.416870117
207.000000000 409.663574219
206.000000000 409.663574219
205.000000000 409.663574219
204.000000000 432.376647949
203.000000000 432.376647949
202.000000000 456.457672119
201.000000000 456.457672119
200.000000000 498.689453125
199.000000000 532.200805664
198.000000000 574.612304688
197.000000000 624.546691895
196.000000000 692.899414062
195.000000000 779.737487793
194.000000000 878.317687988
193.000000000 976.545227051
192.000000000 1031.533569336
191.000000000 1031.533569336
190.000000000 1031.533569336
