250.000000000 318.934753418
249.000000000 318.934753418
248.000000000 318.934753418
247.000000000 318.934753418
246.000000000 318.934753418
245.000000000 318.934753418
244.000000000 318.934753418
243.000000000 318.934753418
242.000000000 318.934753418
241.000000000 318.934753418
240.000000000 318.934753418
239.000000000 318.934753418
238.000000000 318.934753418
237.000000000 318.934753418
236.000000000 318.934753418
235.000000000 318.934753418
234.000000000 318.934753418
233.000000000 318.934753418
232.000000000 334.398376465
231.000000000 334.398376465
230.000000000 334.398376465
229.000000000 334.398376465
228.000000000 334.398376465
227.000000000 334.398376465
226.000000000 334.398376465
225.000000000 334.398376465
224.000000000 334.398376465
223.000000000 334.398376465
222.000000000 334.398376465
221.000000000 334.398376465
220.000000000 351.283599854
219.000000000 351.283599854
218.000000000 351.283599854
217.000000000 351.283599854
216.000000000 351.283599854
215.000000000 351.283599854
214.000000000 351.283599854
213.000000000 351.283599854
212.000000000 372.487792969
211.000000000 372.487792969
210.000000000 372.487792969
209.000000000 372.487792969
208.000000000 393.846313477
207.000000000 393.846313477
206.000000000 393.846313477
205.000000000 393.846313477
204.000000000 412.941406250
203.000000000 412.941406250
202.000000000 412.941406250
201.000000000 436.006713867
200.000000000 436.006713867
199.000000000 461.351837158
198.000000000 461.351837158
197.000000000 503.470275879
196.000000000 532.389404297
195.000000000 569.316711426
194.000000000 617.961547852
193.000000000 680.910644531
192.000000000 759.521789551
191.000000000 848.693725586
190.000000000 911.312744141
