250.000000000 310.670623779
249.000000000 310.670623779
248.000000000 310.670623779
247.000000000 310.670623779
246.000000000 310.670623779
245.000000000 310.670623779
244.000000000 310.670623779
243.000000000 310.670623779
242.000000000 310.670623779
241.000000000 310.670623779
240.000000000 310.670623779
239.000000000 310.670623779
238.000000000 310.670623779
237.000000000 310.670623779
236.000000000 310.670623779
235.000000000 310.670623779
234.000000000 310.670623779
233.000000000 310.670623779
232.000000000 326.280334473
231.000000000 326.280334473
230.000000000 326.280334473
229.000000000 326.280334473
228.000000000 326.280334473
227.000000000 326.280334473
226.000000000 326.280334473
225.000000000 326.280334473
224.000000000 326.280334473
223.000000000 326.280334473
222.000000000 326.280334473
221.000000000 326.280334473
220.000000000 342.583587646
219.000000000 342.583587646
218.000000000 342.583587646
217.000000000 342.583587646
216.000000000 342.583587646
215.000000000 342.583587646
214.000000000 342.583587646
213.000000000 342.583587646
212.000000000 360.905090332
211.000000000 360.905090332
210.000000000 360.905090332
209.000000000 360.905090332
208.000000000 380.762786865
207.000000000 380.762786865
206.000000000 380.762786865
205.000000000 380.762786865
204.000000000 399.461303711
203.000000000 399.461303711
202.000000000 399.461303711
201.000000000 420.408264160
200.000000000 420.408264160
199.000000000 443.939758301
198.000000000 443.939758301
197.000000000 474.079528809
196.000000000 474.079528809
195.000000000 520.627441406
194.000000000 552.823425293
193.000000000 597.634887695
192.000000000 655.413696289
191.000000000 735.299621582
190.000000000 846.192321777
