250.000000000 318.934753418
249.000000000 318.934753418
248.000000000 318.934753418
247.000000000 318.934753418
246.000000000 318.934753418
245.000000000 318.934753418
244.000000000 318.934753418
243.000000000 318.934753418
242.000000000 318.934753418
241.000000000 318.934753418
240.000000000 318.934753418
239.000000000 318.934753418
238.000000000 318.934753418
237.000000000 318.934753418
236.000000000 318.934753418
235.000000000 318.934753418
234.000000000 318.934753418
233.000000000 318.934753418
232.000000000 318.934753418
231.000000000 318.934753418
230.000000000 335.040557861
229.000000000 335.040557861
228.000000000 335.040557861
227.000000000 335.040557861
226.000000000 335.040557861
225.000000000 335.040557861
224.000000000 335.040557861
223.000000000 335.040557861
222.000000000 335.040557861
221.000000000 335.040557861
220.000000000 335.040557861
219.000000000 351.902893066
218.000000000 351.902893066
217.000000000 351.902893066
216.000000000 351.902893066
215.000000000 351.902893066
214.000000000 351.902893066
213.000000000 351.902893066
212.000000000 370.698913574
211.000000000 370.698913574
210.000000000 370.698913574
209.000000000 370.698913574
208.000000000 392.564208984
207.000000000 392.564208984
206.000000000 392.564208984
205.000000000 392.564208984
204.000000000 412.624755859
203.000000000 412.624755859
202.000000000 412.624755859
201.000000000 436.772003174
200.000000000 436.772003174
199.000000000 465.571258545
198.000000000 465.571258545
197.000000000 510.887329102
196.000000000 542.950744629
195.000000000 584.733032227
194.000000000 637.639831543
193.000000000 705.386596680
192.000000000 789.379699707
191.000000000 873.120605469
190.000000000 916.402465820
