250.000000000 318.934753418
249.000000000 318.934753418
248.000000000 318.934753418
247.000000000 318.934753418
246.000000000 318.934753418
245.000000000 318.934753418
244.000000000 318.934753418
243.000000000 318.934753418
242.000000000 318.934753418
241.000000000 318.934753418
240.000000000 318.934753418
239.000000000 318.934753418
238.000000000 318.934753418
237.000000000 318.934753418
236.000000000 318.934753418
235.000000000 318.934753418
234.000000000 318.934753418
233.000000000 318.934753418
232.000000000 318.934753418
231.000000000 318.934753418
230.000000000 334.569274902
229.000000000 334.569274902
228.000000000 334.569274902
227.000000000 334.569274902
226.000000000 334.569274902
225.000000000 334.569274902
224.000000000 334.569274902
223.000000000 334.569274902
222.000000000 334.569274902
221.000000000 334.569274902
220.000000000 334.569274902
219.000000000 351.037719727
218.000000000 351.037719727
217.000000000 351.037719727
216.000000000 351.037719727
215.000000000 351.037719727
214.000000000 351.037719727
213.000000000 351.037719727
212.000000000 368.629974365
211.000000000 368.629974365
210.000000000 368.629974365
209.000000000 368.629974365
208.000000000 388.775207520
207.000000000 388.775207520
206.000000000 388.775207520
205.000000000 388.775207520
204.000000000 388.775207520
203.000000000 412.737182617
202.000000000 412.737182617
201.000000000 412.737182617
200.000000000 434.084991455
199.000000000 434.084991455
198.000000000 457.994842529
197.000000000 457.994842529
196.000000000 495.446777344
195.000000000 521.590515137
194.000000000 556.648071289
193.000000000 600.352172852
192.000000000 655.929687500
191.000000000 724.518676758
190.000000000 786.951538086
