250.000000000 318.934753418
249.000000000 318.934753418
248.000000000 318.934753418
247.000000000 318.934753418
246.000000000 318.934753418
245.000000000 318.934753418
244.000000000 318.934753418
243.000000000 318.934753418
242.000000000 318.934753418
241.000000000 318.934753418
240.000000000 318.934753418
239.000000000 318.934753418
238.000000000 318.934753418
237.000000000 318.934753418
236.000000000 318.934753418
235.000000000 318.934753418
234.000000000 318.934753418
233.000000000 318.934753418
232.000000000 318.934753418
231.000000000 318.934753418
230.000000000 334.571350098
229.000000000 334.571350098
228.000000000 334.571350098
227.000000000 334.571350098
226.000000000 334.571350098
225.000000000 334.571350098
224.000000000 334.571350098
223.000000000 334.571350098
222.000000000 334.571350098
221.000000000 334.571350098
220.000000000 334.571350098
219.000000000 351.150543213
218.000000000 351.150543213
217.000000000 351.150543213
216.000000000 351.150543213
215.000000000 351.150543213
214.000000000 351.150543213
213.000000000 351.150543213
212.000000000 368.680084229
211.000000000 368.680084229
210.000000000 368.680084229
209.000000000 368.680084229
208.000000000 389.114013672
207.000000000 389.114013672
206.000000000 389.114013672
205.000000000 389.114013672
204.000000000 389.114013672
203.000000000 412.079711914
202.000000000 412.079711914
201.000000000 412.079711914
200.000000000 434.259338379
199.000000000 434.259338379
198.000000000 457.512237549
197.000000000 457.512237549
196.000000000 495.441162109
195.000000000 522.546630859
194.000000000 556.090209961
193.000000000 600.620483398
192.000000000 656.574340820
191.000000000 726.602294922
190.000000000 786.579162598
