250.000000000 310.670623779
249.000000000 310.670623779
248.000000000 310.670623779
247.000000000 310.670623779
246.000000000 310.670623779
245.000000000 310.670623779
244.000000000 310.670623779
243.000000000 310.670623779
242.000000000 310.670623779
241.000000000 310.670623779
240.000000000 310.670623779
239.000000000 310.670623779
238.000000000 310.670623779
237.000000000 310.670623779
236.000000000 310.670623779
235.000000000 326.436889648
234.000000000 326.436889648
233.000000000 326.436889648
232.000000000 326.436889648
231.000000000 326.436889648
230.000000000 326.436889648
229.000000000 326.436889648
228.000000000 326.436889648
227.000000000 326.436889648
226.000000000 326.436889648
225.000000000 326.436889648
224.000000000 326.436889648
223.000000000 342.308227539
222.000000000 342.308227539
221.000000000 342.308227539
220.000000000 342.308227539
219.000000000 342.308227539
218.000000000 342.308227539
217.000000000 342.308227539
216.000000000 342.308227539
215.000000000 358.725677490
214.000000000 358.725677490
213.000000000 358.725677490
212.000000000 358.725677490
211.000000000 358.725677490
210.000000000 381.433410645
209.000000000 381.433410645
208.000000000 381.433410645
207.000000000 381.433410645
206.000000000 405.178833008
205.000000000 405.178833008
204.000000000 405.178833008
203.000000000 429.543823242
202.000000000 429.543823242
201.000000000 456.739654541
200.000000000 479.259826660
199.000000000 503.987396240
198.000000000 538.348937988
197.000000000 577.713806152
196.000000000 630.012390137
195.000000000 701.332946777
194.000000000 784.068359375
193.000000000 889.042114258
192.000000000 1001.150634766
191.000000000 1081.777221680
190.000000000 1081.777221680
