250.000000000 310.670623779
249.000000000 310.670623779
248.000000000 310.670623779
247.000000000 310.670623779
246.000000000 310.670623779
245.000000000 310.670623779
244.000000000 310.670623779
243.000000000 310.670623779
242.000000000 310.670623779
241.000000000 310.670623779
240.000000000 310.670623779
239.000000000 310.670623779
238.000000000 310.670623779
237.000000000 310.670623779
236.000000000 310.670623779
235.000000000 310.670623779
234.000000000 310.670623779
233.000000000 310.670623779
232.000000000 326.025451660
231.000000000 326.025451660
230.000000000 326.025451660
229.000000000 326.025451660
228.000000000 326.025451660
227.000000000 326.025451660
226.000000000 326.025451660
225.000000000 326.025451660
224.000000000 326.025451660
223.000000000 326.025451660
222.000000000 326.025451660
221.000000000 326.025451660
220.000000000 342.722534180
219.000000000 342.722534180
218.000000000 342.722534180
217.000000000 342.722534180
216.000000000 342.722534180
215.000000000 342.722534180
214.000000000 342.722534180
213.000000000 359.222534180
212.000000000 359.222534180
211.000000000 359.222534180
210.000000000 359.222534180
209.000000000 359.222534180
208.000000000 379.499694824
207.000000000 379.499694824
206.000000000 379.499694824
205.000000000 379.499694824
204.000000000 399.719879150
203.000000000 399.719879150
202.000000000 399.719879150
201.000000000 422.701629639
200.000000000 422.701629639
199.000000000 444.135833740
198.000000000 444.135833740
197.000000000 472.990966797
196.000000000 496.309661865
195.000000000 521.338806152
194.000000000 553.765869141
193.000000000 598.851074219
192.000000000 656.188842773
191.000000000 737.182128906
190.000000000 847.491882324
