250.000000000 310.670623779
249.000000000 310.670623779
248.000000000 310.670623779
247.000000000 310.670623779
246.000000000 310.670623779
245.000000000 310.670623779
244.000000000 310.670623779
243.000000000 310.670623779
242.000000000 310.670623779
241.000000000 310.670623779
240.000000000 310.670623779
239.000000000 310.670623779
238.000000000 310.670623779
237.000000000 310.670623779
236.000000000 325.586547852
235.000000000 325.586547852
234.000000000 325.586547852
233.000000000 325.586547852
232.000000000 325.586547852
231.000000000 325.586547852
230.000000000 325.586547852
229.000000000 325.586547852
228.000000000 325.586547852
227.000000000 325.586547852
226.000000000 325.586547852
225.000000000 325.586547852
224.000000000 341.231781006
223.000000000 341.231781006
222.000000000 341.231781006
221.000000000 341.231781006
220.000000000 341.231781006
219.000000000 341.231781006
218.000000000 341.231781006
217.000000000 341.231781006
216.000000000 358.036254883
215.000000000 358.036254883
214.000000000 358.036254883
213.000000000 358.036254883
212.000000000 358.036254883
211.000000000 376.315277100
210.000000000 376.315277100
209.000000000 376.315277100
208.000000000 396.467681885
207.000000000 396.467681885
206.000000000 396.467681885
205.000000000 417.426330566
204.000000000 417.426330566
203.000000000 417.426330566
202.000000000 450.318206787
201.000000000 450.318206787
200.000000000 493.737274170
199.000000000 524.244262695
198.000000000 563.715148926
197.000000000 613.044494629
196.000000000 679.573730469
195.000000000 760.113403320
194.000000000 859.461120605
193.000000000 967.394470215
192.000000000 1051.943359375
191.000000000 1051.943359375
190.000000000 1051.943359375
