250.000000000 318.934753418
249.000000000 318.934753418
248.000000000 318.934753418
247.000000000 318.934753418
246.000000000 318.934753418
245.000000000 318.934753418
244.000000000 318.934753418
243.000000000 318.934753418
242.000000000 318.934753418
241.000000000 318.934753418
240.000000000 318.934753418
239.000000000 318.934753418
238.000000000 318.934753418
237.000000000 318.934753418
236.000000000 318.934753418
235.000000000 318.934753418
234.000000000 318.934753418
233.000000000 318.934753418
232.000000000 334.751617432
231.000000000 334.751617432
230.000000000 334.751617432
229.000000000 334.751617432
228.000000000 334.751617432
227.000000000 334.751617432
226.000000000 334.751617432
225.000000000 334.751617432
224.000000000 334.751617432
223.000000000 334.751617432
222.000000000 334.751617432
221.000000000 334.751617432
220.000000000 352.100830078
219.000000000 352.100830078
218.000000000 352.100830078
217.000000000 352.100830078
216.000000000 352.100830078
215.000000000 352.100830078
214.000000000 352.100830078
213.000000000 369.554199219
212.000000000 369.554199219
211.000000000 369.554199219
210.000000000 369.554199219
209.000000000 388.425445557
208.000000000 388.425445557
207.000000000 388.425445557
206.000000000 388.425445557
205.000000000 409.770233154
204.000000000 409.770233154
203.000000000 409.770233154
202.000000000 430.163726807
201.000000000 430.163726807
200.000000000 452.887603760
199.000000000 452.887603760
198.000000000 489.541259766
197.000000000 513.714599609
196.000000000 549.246032715
195.000000000 590.762878418
194.000000000 642.633605957
193.000000000 711.371093750
192.000000000 796.737976074
191.000000000 875.383239746
190.000000000 927.794006348
