250.000000000 310.670623779
249.000000000 310.670623779
248.000000000 310.670623779
247.000000000 310.670623779
246.000000000 310.670623779
245.000000000 310.670623779
244.000000000 310.670623779
243.000000000 310.670623779
242.000000000 310.670623779
241.000000000 310.670623779
240.000000000 310.670623779
239.000000000 310.670623779
238.000000000 310.670623779
237.000000000 310.670623779
236.000000000 325.470886230
235.000000000 325.470886230
234.000000000 325.470886230
233.000000000 325.470886230
232.000000000 325.470886230
231.000000000 325.470886230
230.000000000 325.470886230
229.000000000 325.470886230
228.000000000 325.470886230
227.000000000 325.470886230
226.000000000 325.470886230
225.000000000 325.470886230
224.000000000 341.082489014
223.000000000 341.082489014
222.000000000 341.082489014
221.000000000 341.082489014
220.000000000 341.082489014
219.000000000 341.082489014
218.000000000 341.082489014
217.000000000 341.082489014
216.000000000 357.839477539
215.000000000 357.839477539
214.000000000 357.839477539
213.000000000 357.839477539
212.000000000 357.839477539
211.000000000 376.618743896
210.000000000 376.618743896
209.000000000 376.618743896
208.000000000 394.557403564
207.000000000 394.557403564
206.000000000 394.557403564
205.000000000 416.399444580
204.000000000 416.399444580
203.000000000 437.990844727
202.000000000 437.990844727
201.000000000 469.173400879
200.000000000 492.883666992
199.000000000 523.898376465
198.000000000 565.743774414
197.000000000 613.356994629
196.000000000 678.842285156
195.000000000 761.735290527
194.000000000 858.963439941
193.000000000 968.731933594
192.000000000 1052.855468750
191.000000000 1052.855468750
190.000000000 1052.855468750
