250.000000000 318.934753418
249.000000000 318.934753418
248.000000000 318.934753418
247.000000000 318.934753418
246.000000000 318.934753418
245.000000000 318.934753418
244.000000000 318.934753418
243.000000000 318.934753418
242.000000000 318.934753418
241.000000000 318.934753418
240.000000000 318.934753418
239.000000000 318.934753418
238.000000000 318.934753418
237.000000000 318.934753418
236.000000000 318.934753418
235.000000000 318.934753418
234.000000000 318.934753418
233.000000000 318.934753418
232.000000000 335.179687500
231.000000000 335.179687500
230.000000000 335.179687500
229.000000000 335.179687500
228.000000000 335.179687500
227.000000000 335.179687500
226.000000000 335.179687500
225.000000000 335.179687500
224.000000000 335.179687500
223.000000000 335.179687500
222.000000000 335.179687500
221.000000000 351.665008545
220.000000000 351.665008545
219.000000000 351.665008545
218.000000000 351.665008545
217.000000000 351.665008545
216.000000000 351.665008545
215.000000000 351.665008545
214.000000000 351.665008545
213.000000000 371.189392090
212.000000000 371.189392090
211.000000000 371.189392090
210.000000000 371.189392090
209.000000000 392.537963867
208.000000000 392.537963867
207.000000000 392.537963867
206.000000000 412.469329834
205.000000000 412.469329834
204.000000000 412.469329834
203.000000000 433.098815918
202.000000000 433.098815918
201.000000000 458.631408691
200.000000000 458.631408691
199.000000000 501.685913086
198.000000000 530.009887695
197.000000000 570.911071777
196.000000000 619.037231445
195.000000000 684.328430176
194.000000000 764.213867188
193.000000000 856.517456055
192.000000000 940.829650879
191.000000000 987.979431152
190.000000000 987.979431152
