250.000000000 318.934753418
249.000000000 318.934753418
248.000000000 318.934753418
247.000000000 318.934753418
246.000000000 318.934753418
245.000000000 318.934753418
244.000000000 318.934753418
243.000000000 318.934753418
242.000000000 318.934753418
241.000000000 318.934753418
240.000000000 318.934753418
239.000000000 318.934753418
238.000000000 318.934753418
237.000000000 318.934753418
236.000000000 318.934753418
235.000000000 318.934753418
234.000000000 318.934753418
233.000000000 318.934753418
232.000000000 335.280273438
231.000000000 335.280273438
230.000000000 335.280273438
229.000000000 335.280273438
228.000000000 335.280273438
227.000000000 335.280273438
226.000000000 335.280273438
225.000000000 335.280273438
224.000000000 335.280273438
223.000000000 335.280273438
222.000000000 335.280273438
221.000000000 352.614746094
220.000000000 352.614746094
219.000000000 352.614746094
218.000000000 352.614746094
217.000000000 352.614746094
216.000000000 352.614746094
215.000000000 352.614746094
214.000000000 352.614746094
213.000000000 374.105072021
212.000000000 374.105072021
211.000000000 374.105072021
210.000000000 374.105072021
209.000000000 398.541870117
208.000000000 398.541870117
207.000000000 398.541870117
206.000000000 420.605621338
205.000000000 420.605621338
204.000000000 420.605621338
203.000000000 451.328063965
202.000000000 451.328063965
201.000000000 489.593048096
200.000000000 519.325622559
199.000000000 557.980529785
198.000000000 608.692199707
197.000000000 672.976684570
196.000000000 755.952941895
195.000000000 854.027465820
194.000000000 967.939514160
193.000000000 1046.926513672
192.000000000 1046.926513672
191.000000000 1046.926513672
190.000000000 1100.000000000
