250.000000000 318.934753418
249.000000000 318.934753418
248.000000000 318.934753418
247.000000000 318.934753418
246.000000000 318.934753418
245.000000000 318.934753418
244.000000000 318.934753418
243.000000000 318.934753418
242.000000000 318.934753418
241.000000000 318.934753418
240.000000000 318.934753418
239.000000000 318.934753418
238.000000000 318.934753418
237.000000000 318.934753418
236.000000000 318.934753418
235.000000000 318.934753418
234.000000000 318.934753418
233.000000000 318.934753418
232.000000000 318.934753418
231.000000000 318.934753418
230.000000000 334.763763428
229.000000000 334.763763428
228.000000000 334.763763428
227.000000000 334.763763428
226.000000000 334.763763428
225.000000000 334.763763428
224.000000000 334.763763428
223.000000000 334.763763428
222.000000000 334.763763428
221.000000000 334.763763428
220.000000000 334.763763428
219.000000000 350.972198486
218.000000000 350.972198486
217.000000000 350.972198486
216.000000000 350.972198486
215.000000000 350.972198486
214.000000000 350.972198486
213.000000000 350.972198486
212.000000000 369.506713867
211.000000000 369.506713867
210.000000000 369.506713867
209.000000000 369.506713867
208.000000000 389.438842773
207.000000000 389.438842773
206.000000000 389.438842773
205.000000000 389.438842773
204.000000000 408.425720215
203.000000000 408.425720215
202.000000000 408.425720215
201.000000000 408.425720215
200.000000000 437.325439453
199.000000000 437.325439453
198.000000000 463.560882568
197.000000000 463.560882568
196.000000000 504.285217285
195.000000000 534.491760254
194.000000000 573.342163086
193.000000000 622.854919434
192.000000000 690.134582520
191.000000000 767.746215820
190.000000000 840.905883789
