250.000000000 318.934753418
249.000000000 318.934753418
248.000000000 318.934753418
247.000000000 318.934753418
246.000000000 318.934753418
245.000000000 318.934753418
244.000000000 318.934753418
243.000000000 318.934753418
242.000000000 318.934753418
241.000000000 318.934753418
240.000000000 318.934753418
239.000000000 318.934753418
238.000000000 318.934753418
237.000000000 318.934753418
236.000000000 318.934753418
235.000000000 318.934753418
234.000000000 318.934753418
233.000000000 318.934753418
232.000000000 318.934753418
231.000000000 334.443969727
230.000000000 334.443969727
229.000000000 334.443969727
228.000000000 334.443969727
227.000000000 334.443969727
226.000000000 334.443969727
225.000000000 334.443969727
224.000000000 334.443969727
223.000000000 334.443969727
222.000000000 334.443969727
221.000000000 334.443969727
220.000000000 352.216857910
219.000000000 352.216857910
218.000000000 352.216857910
217.000000000 352.216857910
216.000000000 352.216857910
215.000000000 352.216857910
214.000000000 352.216857910
213.000000000 352.216857910
212.000000000 373.077819824
211.000000000 373.077819824
210.000000000 373.077819824
209.000000000 373.077819824
208.000000000 396.768920898
207.000000000 396.768920898
206.000000000 396.768920898
205.000000000 396.768920898
204.000000000 420.544281006
203.000000000 420.544281006
202.000000000 420.544281006
201.000000000 450.496490479
200.000000000 450.496490479
199.000000000 488.291961670
198.000000000 516.359069824
197.000000000 551.549255371
196.000000000 596.507446289
195.000000000 654.022644043
194.000000000 726.834167480
193.000000000 820.674438477
192.000000000 925.260559082
191.000000000 1001.468811035
190.000000000 1001.468811035
