250.000000000 310.670623779
249.000000000 310.670623779
248.000000000 310.670623779
247.000000000 310.670623779
246.000000000 310.670623779
245.000000000 310.670623779
244.000000000 310.670623779
243.000000000 310.670623779
242.000000000 310.670623779
241.000000000 310.670623779
240.000000000 310.670623779
239.000000000 310.670623779
238.000000000 310.670623779
237.000000000 310.670623779
236.000000000 310.670623779
235.000000000 326.040222168
234.000000000 326.040222168
233.000000000 326.040222168
232.000000000 326.040222168
231.000000000 326.040222168
230.000000000 326.040222168
229.000000000 326.040222168
228.000000000 326.040222168
227.000000000 326.040222168
226.000000000 326.040222168
225.000000000 326.040222168
224.000000000 326.040222168
223.000000000 341.655303955
222.000000000 341.655303955
221.000000000 341.655303955
220.000000000 341.655303955
219.000000000 341.655303955
218.000000000 341.655303955
217.000000000 341.655303955
216.000000000 341.655303955
215.000000000 358.776885986
214.000000000 358.776885986
213.000000000 358.776885986
212.000000000 358.776885986
211.000000000 358.776885986
210.000000000 380.559356689
209.000000000 380.559356689
208.000000000 380.559356689
207.000000000 399.196807861
206.000000000 399.196807861
205.000000000 399.196807861
204.000000000 423.175964355
203.000000000 423.175964355
202.000000000 447.149169922
201.000000000 447.149169922
200.000000000 483.998260498
199.000000000 514.426757812
198.000000000 551.049560547
197.000000000 593.344726562
196.000000000 652.325134277
195.000000000 726.064086914
194.000000000 819.498657227
193.000000000 925.995544434
192.000000000 1023.049865723
191.000000000 1081.245849609
190.000000000 1081.245849609
