250.000000000 310.670623779
249.000000000 310.670623779
248.000000000 310.670623779
247.000000000 310.670623779
246.000000000 310.670623779
245.000000000 310.670623779
244.000000000 310.670623779
243.000000000 310.670623779
242.000000000 310.670623779
241.000000000 310.670623779
240.000000000 310.670623779
239.000000000 310.670623779
238.000000000 310.670623779
237.000000000 310.670623779
236.000000000 325.513000488
235.000000000 325.513000488
234.000000000 325.513000488
233.000000000 325.513000488
232.000000000 325.513000488
231.000000000 325.513000488
230.000000000 325.513000488
229.000000000 325.513000488
228.000000000 325.513000488
227.000000000 325.513000488
226.000000000 325.513000488
225.000000000 325.513000488
224.000000000 325.513000488
223.000000000 341.862640381
222.000000000 341.862640381
221.000000000 341.862640381
220.000000000 341.862640381
219.000000000 341.862640381
218.000000000 341.862640381
217.000000000 341.862640381
216.000000000 341.862640381
215.000000000 341.862640381
214.000000000 359.785980225
213.000000000 359.785980225
212.000000000 359.785980225
211.000000000 359.785980225
210.000000000 377.076568604
209.000000000 377.076568604
208.000000000 377.076568604
207.000000000 377.076568604
206.000000000 400.474212646
205.000000000 400.474212646
204.000000000 400.474212646
203.000000000 421.107818604
202.000000000 421.107818604
201.000000000 443.246154785
200.000000000 443.246154785
199.000000000 478.075134277
198.000000000 503.244750977
197.000000000 534.459716797
196.000000000 574.312438965
195.000000000 624.183776855
194.000000000 689.453002930
193.000000000 770.340270996
192.000000000 881.750488281
191.000000000 999.699829102
190.000000000 1082.360595703
