250.000000000 318.934753418
249.000000000 318.934753418
248.000000000 318.934753418
247.000000000 318.934753418
246.000000000 318.934753418
245.000000000 318.934753418
244.000000000 318.934753418
243.000000000 318.934753418
242.000000000 318.934753418
241.000000000 318.934753418
240.000000000 318.934753418
239.000000000 318.934753418
238.000000000 318.934753418
237.000000000 318.934753418
236.000000000 318.934753418
235.000000000 318.934753418
234.000000000 318.934753418
233.000000000 318.934753418
232.000000000 318.934753418
231.000000000 334.372039795
230.000000000 334.372039795
229.000000000 334.372039795
228.000000000 334.372039795
227.000000000 334.372039795
226.000000000 334.372039795
225.000000000 334.372039795
224.000000000 334.372039795
223.000000000 334.372039795
222.000000000 334.372039795
221.000000000 334.372039795
220.000000000 350.694610596
219.000000000 350.694610596
218.000000000 350.694610596
217.000000000 350.694610596
216.000000000 350.694610596
215.000000000 350.694610596
214.000000000 350.694610596
213.000000000 350.694610596
212.000000000 370.314910889
211.000000000 370.314910889
210.000000000 370.314910889
209.000000000 370.314910889
208.000000000 389.946685791
207.000000000 389.946685791
206.000000000 389.946685791
205.000000000 389.946685791
204.000000000 389.946685791
203.000000000 413.204467773
202.000000000 413.204467773
201.000000000 413.204467773
200.000000000 434.252014160
199.000000000 434.252014160
198.000000000 455.973266602
197.000000000 455.973266602
196.000000000 491.004608154
195.000000000 515.809082031
194.000000000 545.230407715
193.000000000 587.101318359
192.000000000 642.154052734
191.000000000 716.082153320
190.000000000 806.306274414
