250.000000000 310.670623779
249.000000000 310.670623779
248.000000000 310.670623779
247.000000000 310.670623779
246.000000000 310.670623779
245.000000000 310.670623779
244.000000000 310.670623779
243.000000000 310.670623779
242.000000000 310.670623779
241.000000000 310.670623779
240.000000000 310.670623779
239.000000000 310.670623779
238.000000000 310.670623779
237.000000000 310.670623779
236.000000000 326.193359375
235.000000000 326.193359375
234.000000000 326.193359375
233.000000000 326.193359375
232.000000000 326.193359375
231.000000000 326.193359375
230.000000000 326.193359375
229.000000000 326.193359375
228.000000000 326.193359375
227.000000000 326.193359375
226.000000000 326.193359375
225.000000000 326.193359375
224.000000000 326.193359375
223.000000000 342.932617188
222.000000000 342.932617188
221.000000000 342.932617188
220.000000000 342.932617188
219.000000000 342.932617188
218.000000000 342.932617188
217.000000000 342.932617188
216.000000000 342.932617188
215.000000000 361.042602539
214.000000000 361.042602539
213.000000000 361.042602539
212.000000000 361.042602539
211.000000000 378.401763916
210.000000000 378.401763916
209.000000000 378.401763916
208.000000000 396.254638672
207.000000000 396.254638672
206.000000000 396.254638672
205.000000000 420.110687256
204.000000000 420.110687256
203.000000000 440.272155762
202.000000000 440.272155762
201.000000000 476.186187744
200.000000000 501.025482178
199.000000000 538.315795898
198.000000000 579.946899414
197.000000000 633.597290039
196.000000000 705.856445312
195.000000000 794.697753906
194.000000000 901.386596680
193.000000000 1004.981811523
192.000000000 1069.333740234
191.000000000 1069.333740234
190.000000000 1069.333740234
