250.000000000 318.934753418
249.000000000 318.934753418
248.000000000 318.934753418
247.000000000 318.934753418
246.000000000 318.934753418
245.000000000 318.934753418
244.000000000 318.934753418
243.000000000 318.934753418
242.000000000 318.934753418
241.000000000 318.934753418
240.000000000 318.934753418
239.000000000 318.934753418
238.000000000 318.934753418
237.000000000 318.934753418
236.000000000 318.934753418
235.000000000 318.934753418
234.000000000 318.934753418
233.000000000 318.934753418
232.000000000 318.934753418
231.000000000 318.934753418
230.000000000 318.934753418
229.000000000 336.172973633
228.000000000 336.172973633
227.000000000 336.172973633
226.000000000 336.172973633
225.000000000 336.172973633
224.000000000 336.172973633
223.000000000 336.172973633
222.000000000 336.172973633
221.000000000 336.172973633
220.000000000 336.172973633
219.000000000 336.172973633
218.000000000 352.938964844
217.000000000 352.938964844
216.000000000 352.938964844
215.000000000 352.938964844
214.000000000 352.938964844
213.000000000 352.938964844
212.000000000 352.938964844
211.000000000 373.384124756
210.000000000 373.384124756
209.000000000 373.384124756
208.000000000 373.384124756
207.000000000 395.213684082
206.000000000 395.213684082
205.000000000 395.213684082
204.000000000 395.213684082
203.000000000 395.213684082
202.000000000 419.346923828
201.000000000 419.346923828
200.000000000 419.346923828
199.000000000 449.416015625
198.000000000 449.416015625
197.000000000 481.135864258
196.000000000 504.860107422
195.000000000 536.366333008
194.000000000 573.566650391
193.000000000 623.450073242
192.000000000 689.788818359
191.000000000 770.938354492
190.000000000 847.004638672
