250.000000000 310.670623779
249.000000000 310.670623779
248.000000000 310.670623779
247.000000000 310.670623779
246.000000000 310.670623779
245.000000000 310.670623779
244.000000000 310.670623779
243.000000000 310.670623779
242.000000000 310.670623779
241.000000000 310.670623779
240.000000000 310.670623779
239.000000000 310.670623779
238.000000000 310.670623779
237.000000000 310.670623779
236.000000000 310.670623779
235.000000000 310.670623779
234.000000000 310.670623779
233.000000000 325.797241211
232.000000000 325.797241211
231.000000000 325.797241211
230.000000000 325.797241211
229.000000000 325.797241211
228.000000000 325.797241211
227.000000000 325.797241211
226.000000000 325.797241211
225.000000000 325.797241211
224.000000000 325.797241211
223.000000000 325.797241211
222.000000000 325.797241211
221.000000000 325.797241211
220.000000000 342.439147949
219.000000000 342.439147949
218.000000000 342.439147949
217.000000000 342.439147949
216.000000000 342.439147949
215.000000000 342.439147949
214.000000000 342.439147949
213.000000000 342.439147949
212.000000000 360.321594238
211.000000000 360.321594238
210.000000000 360.321594238
209.000000000 360.321594238
208.000000000 379.195526123
207.000000000 379.195526123
206.000000000 379.195526123
205.000000000 379.195526123
204.000000000 398.508331299
203.000000000 398.508331299
202.000000000 398.508331299
201.000000000 420.472320557
200.000000000 420.472320557
199.000000000 441.322235107
198.000000000 441.322235107
197.000000000 473.442718506
196.000000000 497.231658936
195.000000000 524.277282715
194.000000000 559.736267090
193.000000000 606.697998047
192.000000000 669.550292969
191.000000000 742.562500000
190.000000000 824.452453613
