250.000000000 318.934753418
249.000000000 318.934753418
248.000000000 318.934753418
247.000000000 318.934753418
246.000000000 318.934753418
245.000000000 318.934753418
244.000000000 318.934753418
243.000000000 318.934753418
242.000000000 318.934753418
241.000000000 318.934753418
240.000000000 318.934753418
239.000000000 318.934753418
238.000000000 318.934753418
237.000000000 318.934753418
236.000000000 318.934753418
235.000000000 318.934753418
234.000000000 318.934753418
233.000000000 318.934753418
232.000000000 318.934753418
231.000000000 318.934753418
230.000000000 334.911315918
229.000000000 334.911315918
228.000000000 334.911315918
227.000000000 334.911315918
226.000000000 334.911315918
225.000000000 334.911315918
224.000000000 334.911315918
223.000000000 334.911315918
222.000000000 334.911315918
221.000000000 334.911315918
220.000000000 334.911315918
219.000000000 334.911315918
218.000000000 353.291198730
217.000000000 353.291198730
216.000000000 353.291198730
215.000000000 353.291198730
214.000000000 353.291198730
213.000000000 353.291198730
212.000000000 370.643096924
211.000000000 370.643096924
210.000000000 370.643096924
209.000000000 370.643096924
208.000000000 389.899353027
207.000000000 389.899353027
206.000000000 389.899353027
205.000000000 389.899353027
204.000000000 410.381317139
203.000000000 410.381317139
202.000000000 410.381317139
201.000000000 410.381317139
200.000000000 440.229675293
199.000000000 440.229675293
198.000000000 469.265167236
197.000000000 469.265167236
196.000000000 516.335510254
195.000000000 549.409484863
194.000000000 593.008911133
193.000000000 648.623229980
192.000000000 721.422546387
191.000000000 801.072692871
190.000000000 866.386962891
