250.000000000 310.670623779
249.000000000 310.670623779
248.000000000 310.670623779
247.000000000 310.670623779
246.000000000 310.670623779
245.000000000 310.670623779
244.000000000 310.670623779
243.000000000 310.670623779
242.000000000 310.670623779
241.000000000 310.670623779
240.000000000 310.670623779
239.000000000 310.670623779
238.000000000 310.670623779
237.000000000 310.670623779
236.000000000 310.670623779
235.000000000 310.670623779
234.000000000 310.670623779
233.000000000 325.443115234
232.000000000 325.443115234
231.000000000 325.443115234
230.000000000 325.443115234
229.000000000 325.443115234
228.000000000 325.443115234
227.000000000 325.443115234
226.000000000 325.443115234
225.000000000 325.443115234
224.000000000 325.443115234
223.000000000 325.443115234
222.000000000 325.443115234
221.000000000 341.486053467
220.000000000 341.486053467
219.000000000 341.486053467
218.000000000 341.486053467
217.000000000 341.486053467
216.000000000 341.486053467
215.000000000 341.486053467
214.000000000 341.486053467
213.000000000 358.218719482
212.000000000 358.218719482
211.000000000 358.218719482
210.000000000 358.218719482
209.000000000 377.249633789
208.000000000 377.249633789
207.000000000 377.249633789
206.000000000 377.249633789
205.000000000 395.783508301
204.000000000 395.783508301
203.000000000 395.783508301
202.000000000 415.049041748
201.000000000 415.049041748
200.000000000 436.253906250
199.000000000 436.253906250
198.000000000 462.781982422
197.000000000 462.781982422
196.000000000 503.984039307
195.000000000 533.528381348
194.000000000 572.849121094
193.000000000 622.475524902
192.000000000 686.473571777
191.000000000 773.962829590
190.000000000 896.395874023
