250.000000000 310.670623779
249.000000000 310.670623779
248.000000000 310.670623779
247.000000000 310.670623779
246.000000000 310.670623779
245.000000000 310.670623779
244.000000000 310.670623779
243.000000000 310.670623779
242.000000000 310.670623779
241.000000000 310.670623779
240.000000000 310.670623779
239.000000000 310.670623779
238.000000000 310.670623779
237.000000000 310.670623779
236.000000000 310.670623779
235.000000000 310.670623779
234.000000000 310.670623779
233.000000000 326.460418701
232.000000000 326.460418701
231.000000000 326.460418701
230.000000000 326.460418701
229.000000000 326.460418701
228.000000000 326.460418701
227.000000000 326.460418701
226.000000000 326.460418701
225.000000000 326.460418701
224.000000000 326.460418701
223.000000000 326.460418701
222.000000000 326.460418701
221.000000000 326.460418701
220.000000000 342.736480713
219.000000000 342.736480713
218.000000000 342.736480713
217.000000000 342.736480713
216.000000000 342.736480713
215.000000000 342.736480713
214.000000000 342.736480713
213.000000000 342.736480713
212.000000000 362.105712891
211.000000000 362.105712891
210.000000000 362.105712891
209.000000000 362.105712891
208.000000000 362.105712891
207.000000000 384.168792725
206.000000000 384.168792725
205.000000000 384.168792725
204.000000000 384.168792725
203.000000000 406.506561279
202.000000000 406.506561279
201.000000000 406.506561279
200.000000000 432.181427002
199.000000000 432.181427002
198.000000000 461.509613037
197.000000000 461.509613037
196.000000000 506.007354736
195.000000000 538.085876465
194.000000000 578.769897461
193.000000000 631.146179199
192.000000000 698.833007812
191.000000000 777.742187500
190.000000000 856.671081543
