250.000000000 310.670623779
249.000000000 310.670623779
248.000000000 310.670623779
247.000000000 310.670623779
246.000000000 310.670623779
245.000000000 310.670623779
244.000000000 310.670623779
243.000000000 310.670623779
242.000000000 310.670623779
241.000000000 310.670623779
240.000000000 310.670623779
239.000000000 310.670623779
238.000000000 310.670623779
237.000000000 310.670623779
236.000000000 310.670623779
235.000000000 310.670623779
234.000000000 310.670623779
233.000000000 325.321319580
232.000000000 325.321319580
231.000000000 325.321319580
230.000000000 325.321319580
229.000000000 325.321319580
228.000000000 325.321319580
227.000000000 325.321319580
226.000000000 325.321319580
225.000000000 325.321319580
224.000000000 325.321319580
223.000000000 325.321319580
222.000000000 325.321319580
221.000000000 341.610168457
220.000000000 341.610168457
219.000000000 341.610168457
218.000000000 341.610168457
217.000000000 341.610168457
216.000000000 341.610168457
215.000000000 341.610168457
214.000000000 341.610168457
213.000000000 341.610168457
212.000000000 360.707916260
211.000000000 360.707916260
210.000000000 360.707916260
209.000000000 360.707916260
208.000000000 379.316345215
207.000000000 379.316345215
206.000000000 379.316345215
205.000000000 379.316345215
204.000000000 399.350524902
203.000000000 399.350524902
202.000000000 399.350524902
201.000000000 419.104827881
200.000000000 419.104827881
199.000000000 438.929046631
198.000000000 438.929046631
197.000000000 466.082244873
196.000000000 466.082244873
195.000000000 510.316833496
194.000000000 539.157165527
193.000000000 578.219665527
192.000000000 632.856445312
191.000000000 703.854797363
190.000000000 806.001037598
