250.000000000 310.670623779
249.000000000 310.670623779
248.000000000 310.670623779
247.000000000 310.670623779
246.000000000 310.670623779
245.000000000 310.670623779
244.000000000 310.670623779
243.000000000 310.670623779
242.000000000 310.670623779
241.000000000 310.670623779
240.000000000 310.670623779
239.000000000 310.670623779
238.000000000 310.670623779
237.000000000 310.670623779
236.000000000 310.670623779
235.000000000 310.670623779
234.000000000 310.670623779
233.000000000 326.190093994
232.000000000 326.190093994
231.000000000 326.190093994
230.000000000 326.190093994
229.000000000 326.190093994
228.000000000 326.190093994
227.000000000 326.190093994
226.000000000 326.190093994
225.000000000 326.190093994
224.000000000 326.190093994
223.000000000 326.190093994
222.000000000 326.190093994
221.000000000 342.470672607
220.000000000 342.470672607
219.000000000 342.470672607
218.000000000 342.470672607
217.000000000 342.470672607
216.000000000 342.470672607
215.000000000 342.470672607
214.000000000 342.470672607
213.000000000 359.843780518
212.000000000 359.843780518
211.000000000 359.843780518
210.000000000 359.843780518
209.000000000 378.304138184
208.000000000 378.304138184
207.000000000 378.304138184
206.000000000 378.304138184
205.000000000 399.035919189
204.000000000 399.035919189
203.000000000 399.035919189
202.000000000 421.289398193
201.000000000 421.289398193
200.000000000 441.979614258
199.000000000 441.979614258
198.000000000 474.612030029
197.000000000 499.344085693
196.000000000 527.442932129
195.000000000 562.715942383
194.000000000 610.564453125
193.000000000 671.975036621
192.000000000 753.870117188
191.000000000 863.910400391
190.000000000 994.559143066
