250.000000000 310.670623779
249.000000000 310.670623779
248.000000000 310.670623779
247.000000000 310.670623779
246.000000000 310.670623779
245.000000000 310.670623779
244.000000000 310.670623779
243.000000000 310.670623779
242.000000000 310.670623779
241.000000000 310.670623779
240.000000000 310.670623779
239.000000000 310.670623779
238.000000000 310.670623779
237.000000000 310.670623779
236.000000000 310.670623779
235.000000000 310.670623779
234.000000000 310.670623779
233.000000000 325.723358154
232.000000000 325.723358154
231.000000000 325.723358154
230.000000000 325.723358154
229.000000000 325.723358154
228.000000000 325.723358154
227.000000000 325.723358154
226.000000000 325.723358154
225.000000000 325.723358154
224.000000000 325.723358154
223.000000000 325.723358154
222.000000000 325.723358154
221.000000000 325.723358154
220.000000000 342.123779297
219.000000000 342.123779297
218.000000000 342.123779297
217.000000000 342.123779297
216.000000000 342.123779297
215.000000000 342.123779297
214.000000000 342.123779297
213.000000000 342.123779297
212.000000000 359.866577148
211.000000000 359.866577148
210.000000000 359.866577148
209.000000000 359.866577148
208.000000000 359.866577148
207.000000000 381.138183594
206.000000000 381.138183594
205.000000000 381.138183594
204.000000000 381.138183594
203.000000000 401.168182373
202.000000000 401.168182373
201.000000000 401.168182373
200.000000000 423.980834961
199.000000000 423.980834961
198.000000000 444.650115967
197.000000000 444.650115967
196.000000000 477.618469238
195.000000000 500.966033936
194.000000000 529.815063477
193.000000000 567.678894043
192.000000000 618.570495605
191.000000000 679.261779785
190.000000000 755.253479004
