250.000000000 -0.879799575
249.000000000 -0.765129121
248.000000000 -0.798262388
247.000000000 -0.789141267
246.000000000 -0.872567438
245.000000000 -0.840393571
244.000000000 -0.821145839
243.000000000 -0.874859995
242.000000000 -0.995568058
241.000000000 -1.251867469
240.000000000 -1.183676097
239.000000000 -1.139006615
238.000000000 -1.350399180
237.000000000 -1.337214777
236.000000000 -1.550911835
235.000000000 -1.916763846
234.000000000 -1.762539830
233.000000000 -2.087426763
232.000000000 -2.207002536
231.000000000 -2.503631850
230.000000000 -2.722307710
229.000000000 -2.685103932
228.000000000 -2.971164451
227.000000000 -3.249776251
226.000000000 -3.071757418
225.000000000 -3.432596246
224.000000000 -3.615620851
223.000000000 -3.367393145
222.000000000 -3.972601739
221.000000000 -3.909778124
220.000000000 -4.082665276
219.000000000 -3.853927422
218.000000000 -3.986681154
217.000000000 -4.205601164
216.000000000 -4.028150072
215.000000000 -4.006217384
214.000000000 -4.267141507
213.000000000 -4.124117687
212.000000000 -3.907940860
211.000000000 -4.420260918
210.000000000 -4.105596230
209.000000000 -3.553933846
208.000000000 -3.715229670
207.000000000 -3.847057893
206.000000000 -3.617982774
205.000000000 -3.467141549
204.000000000 -3.175382160
203.000000000 -2.501826626
202.000000000 -1.685280512
201.000000000 -1.147215876
200.000000000 -0.386250665
199.000000000 -0.172442287
198.000000000 1.112828080
197.000000000 0.087586779
196.000000000 3.082220854
195.000000000 0.329308683
194.000000000 4.090053173
193.000000000 2.468333613
192.000000000 0.334637563
191.000000000 3.897914618
190.000000000 13.514635439
