250.000000000 -0.718903685
249.000000000 -0.677747230
248.000000000 -0.684849689
247.000000000 -0.708092846
246.000000000 -0.536111709
245.000000000 -0.938666806
244.000000000 -0.727434614
243.000000000 -0.847903408
242.000000000 -1.060122170
241.000000000 -1.079985473
240.000000000 -1.179222950
239.000000000 -1.415756411
238.000000000 -1.256198049
237.000000000 -1.562085590
236.000000000 -1.781888145
235.000000000 -1.856469973
234.000000000 -1.875981383
233.000000000 -2.282689219
232.000000000 -2.050249203
231.000000000 -2.665067154
230.000000000 -2.611363541
229.000000000 -2.920741229
228.000000000 -3.168550968
227.000000000 -3.020011821
226.000000000 -3.349273757
225.000000000 -3.344959303
224.000000000 -3.611686741
223.000000000 -3.614078472
222.000000000 -3.782233385
221.000000000 -3.895555056
220.000000000 -3.813502415
219.000000000 -4.177770668
218.000000000 -3.973179587
217.000000000 -3.880856236
216.000000000 -4.170500422
215.000000000 -4.206587357
214.000000000 -3.729958526
213.000000000 -3.815636825
212.000000000 -3.582592299
211.000000000 -3.561898589
210.000000000 -4.045288088
209.000000000 -3.975043534
208.000000000 -3.343515130
207.000000000 -3.629460403
206.000000000 -3.300748633
205.000000000 -2.638950293
204.000000000 -2.842348089
203.000000000 -2.453793423
202.000000000 -1.110495631
201.000000000 -0.442110873
200.000000000 -0.755509338
199.000000000 0.628817191
198.000000000 -0.572876302
197.000000000 -1.659569346
196.000000000 3.138469517
195.000000000 -1.583541629
194.000000000 -0.277878754
193.000000000 6.748748684
192.000000000 8.264494736
191.000000000 11.868476891
190.000000000 -3.186609923
