250.000000000 -0.790334778
249.000000000 -0.563472811
248.000000000 -0.770813494
247.000000000 -0.744998022
246.000000000 -0.842882644
245.000000000 -0.782935813
244.000000000 -0.929485029
243.000000000 -0.982745877
242.000000000 -1.251831732
241.000000000 -1.301653123
240.000000000 -1.363732008
239.000000000 -1.719489787
238.000000000 -1.610683810
237.000000000 -2.187314127
236.000000000 -2.563397352
235.000000000 -2.600797334
234.000000000 -3.085685583
233.000000000 -3.390238507
232.000000000 -3.803915534
231.000000000 -4.046982467
230.000000000 -4.645162626
229.000000000 -4.636533537
228.000000000 -5.107984884
227.000000000 -5.254785932
226.000000000 -5.343164013
225.000000000 -5.610033618
224.000000000 -5.932548042
223.000000000 -6.012356058
222.000000000 -5.788040198
221.000000000 -5.877911690
220.000000000 -5.806800158
219.000000000 -5.455074378
218.000000000 -5.928575489
217.000000000 -5.630724126
216.000000000 -5.240436640
215.000000000 -5.619405810
214.000000000 -5.572799333
213.000000000 -5.311054534
212.000000000 -5.502589160
211.000000000 -5.455283422
210.000000000 -5.254686447
209.000000000 -5.086365924
208.000000000 -4.615991471
207.000000000 -3.804728525
206.000000000 -2.556916020
205.000000000 -2.343040538
204.000000000 -1.564687939
203.000000000 0.548672675
202.000000000 1.354236048
201.000000000 2.867838011
200.000000000 4.394697080
199.000000000 6.301015859
198.000000000 7.414761456
197.000000000 8.398843104
196.000000000 8.797732224
195.000000000 9.962066136
194.000000000 9.156562995
193.000000000 10.471142993
192.000000000 8.561241755
191.000000000 6.927503738
190.000000000 1.185057972
