250.000000000 -0.836866512
249.000000000 -1.035408465
248.000000000 -0.835639093
247.000000000 -0.857813711
246.000000000 -1.089808612
245.000000000 -1.171562796
244.000000000 -1.014687078
243.000000000 -1.232765455
242.000000000 -1.099600463
241.000000000 -1.245453904
240.000000000 -1.164936384
239.000000000 -1.871012301
238.000000000 -1.885973852
237.000000000 -2.192265697
236.000000000 -2.237744892
235.000000000 -2.387016960
234.000000000 -3.024063174
233.000000000 -3.296854276
232.000000000 -3.641950995
231.000000000 -3.919915736
230.000000000 -4.224854710
229.000000000 -4.283203623
228.000000000 -4.703257022
227.000000000 -4.805938479
226.000000000 -5.007261770
225.000000000 -5.312562032
224.000000000 -5.101354039
223.000000000 -5.533617305
222.000000000 -5.668918484
221.000000000 -5.738535585
220.000000000 -5.693635926
219.000000000 -5.504157864
218.000000000 -5.493813115
217.000000000 -5.241860424
216.000000000 -5.416997982
215.000000000 -5.349847335
214.000000000 -5.587937252
213.000000000 -4.833633663
212.000000000 -5.057404687
211.000000000 -5.223530118
210.000000000 -5.441667547
209.000000000 -5.201490763
208.000000000 -4.985296517
207.000000000 -4.333027628
206.000000000 -4.002044686
205.000000000 -3.269971767
204.000000000 -2.232819086
203.000000000 -0.934074762
202.000000000 0.165953849
201.000000000 0.989257673
200.000000000 3.084136844
199.000000000 4.966638971
198.000000000 6.058737566
197.000000000 7.843107392
196.000000000 7.465118660
195.000000000 5.439300586
194.000000000 8.049898051
193.000000000 7.738088981
192.000000000 11.714057715
191.000000000 7.243026342
190.000000000 -0.388884157
