250.000000000 -0.782687994
249.000000000 -0.911414617
248.000000000 -0.707728567
247.000000000 -0.537787883
246.000000000 -0.883670990
245.000000000 -0.482480002
244.000000000 -0.955842353
243.000000000 -0.888227195
242.000000000 -0.994014726
241.000000000 -0.985354031
240.000000000 -1.109484179
239.000000000 -1.103207602
238.000000000 -1.053294258
237.000000000 -1.214393919
236.000000000 -1.690462074
235.000000000 -1.543889463
234.000000000 -1.849792263
233.000000000 -1.981970775
232.000000000 -1.913161807
231.000000000 -2.147786258
230.000000000 -2.637421471
229.000000000 -2.927952219
228.000000000 -2.996853737
227.000000000 -3.207337960
226.000000000 -3.541422119
225.000000000 -2.972591078
224.000000000 -3.726382705
223.000000000 -3.435298822
222.000000000 -3.716092781
221.000000000 -3.882969114
220.000000000 -3.902910277
219.000000000 -3.816200118
218.000000000 -3.723501636
217.000000000 -4.051518376
216.000000000 -4.176452684
215.000000000 -3.801177499
214.000000000 -4.274169248
213.000000000 -3.929581851
212.000000000 -3.761179637
211.000000000 -3.471443816
210.000000000 -4.359673282
209.000000000 -3.759706603
208.000000000 -3.851514800
207.000000000 -3.659764208
206.000000000 -3.220950393
205.000000000 -3.384575064
204.000000000 -2.403098245
203.000000000 -2.475186664
202.000000000 -1.688767370
201.000000000 -1.765160078
200.000000000 -0.532779403
199.000000000 -0.357957065
198.000000000 -0.297939456
197.000000000 2.434370880
196.000000000 1.174198072
195.000000000 4.288635147
194.000000000 1.405446806
193.000000000 4.864647560
192.000000000 1.315811300
191.000000000 8.000230174
190.000000000 6.077165566
