250.000000000 -0.656846947
249.000000000 -0.707682883
248.000000000 -0.610157965
247.000000000 -0.838579198
246.000000000 -0.845963021
245.000000000 -0.654417715
244.000000000 -0.740816892
243.000000000 -0.702873333
242.000000000 -0.884484261
241.000000000 -0.882125421
240.000000000 -0.912794873
239.000000000 -1.064300673
238.000000000 -1.161189941
237.000000000 -1.261091123
236.000000000 -1.607797241
235.000000000 -1.283539099
234.000000000 -1.541606914
233.000000000 -2.085145691
232.000000000 -1.977437510
231.000000000 -2.445463196
230.000000000 -2.487331289
229.000000000 -2.577081776
228.000000000 -2.945302395
227.000000000 -2.833156697
226.000000000 -3.118527395
225.000000000 -3.345002212
224.000000000 -3.110873713
223.000000000 -3.849430002
222.000000000 -3.778230650
221.000000000 -4.084756202
220.000000000 -3.605714164
219.000000000 -3.824448266
218.000000000 -4.196994471
217.000000000 -3.584507692
216.000000000 -4.421437279
215.000000000 -4.180727430
214.000000000 -4.004149804
213.000000000 -4.055034897
212.000000000 -4.002512662
211.000000000 -4.265212241
210.000000000 -4.095599198
209.000000000 -4.377632108
208.000000000 -3.926326333
207.000000000 -3.886051749
206.000000000 -3.521323959
205.000000000 -3.371881140
204.000000000 -2.994335227
203.000000000 -2.725061378
202.000000000 -2.658371601
201.000000000 -1.048685240
200.000000000 -1.159318018
199.000000000 0.529909169
198.000000000 -0.132438043
197.000000000 1.561236612
196.000000000 1.354177448
195.000000000 3.366179801
194.000000000 3.289216152
193.000000000 3.721191199
192.000000000 2.755451085
191.000000000 7.069978694
190.000000000 -0.819448586
