250.000000000 -0.613362006
249.000000000 -0.886914979
248.000000000 -0.708536157
247.000000000 -0.782228842
246.000000000 -0.897342961
245.000000000 -1.009620665
244.000000000 -0.802472824
243.000000000 -1.034575524
242.000000000 -1.185636621
241.000000000 -1.053342177
240.000000000 -1.275393451
239.000000000 -1.207633839
238.000000000 -1.773853720
237.000000000 -1.751554329
236.000000000 -1.883633287
235.000000000 -1.891248604
234.000000000 -2.081963178
233.000000000 -2.389727378
232.000000000 -2.429085161
231.000000000 -2.639933913
230.000000000 -3.129108954
229.000000000 -3.014338313
228.000000000 -3.476491659
227.000000000 -3.786799793
226.000000000 -3.560967636
225.000000000 -4.068546201
224.000000000 -4.025749100
223.000000000 -4.211370574
222.000000000 -4.204039292
221.000000000 -4.276404868
220.000000000 -4.274400780
219.000000000 -4.525243415
218.000000000 -4.400124204
217.000000000 -4.613998293
216.000000000 -4.671282716
215.000000000 -4.553760031
214.000000000 -4.448450682
213.000000000 -4.516668677
212.000000000 -4.787733290
211.000000000 -4.699534702
210.000000000 -4.073811048
209.000000000 -4.854707468
208.000000000 -3.922707369
207.000000000 -3.699652399
206.000000000 -3.953064135
205.000000000 -3.140824471
204.000000000 -2.735416473
203.000000000 -2.430211964
202.000000000 -2.082689599
201.000000000 -0.643495451
200.000000000 -0.975574339
199.000000000 1.244162019
198.000000000 0.837694647
197.000000000 1.442110241
196.000000000 1.397515854
195.000000000 4.275898377
194.000000000 2.800892826
193.000000000 11.081768338
192.000000000 13.971821485
191.000000000 23.081845065
190.000000000 4.853691929
