250.000000000 -0.900870233
249.000000000 -0.664129359
248.000000000 -0.859099176
247.000000000 -0.830439830
246.000000000 -0.691011852
245.000000000 -1.037267141
244.000000000 -1.012989608
243.000000000 -1.160264317
242.000000000 -1.278320157
241.000000000 -1.283312938
240.000000000 -1.641106114
239.000000000 -1.412324915
238.000000000 -1.548145467
237.000000000 -1.695659202
236.000000000 -2.321209549
235.000000000 -2.332466609
234.000000000 -2.379982512
233.000000000 -2.742554352
232.000000000 -3.080732837
231.000000000 -3.384788554
230.000000000 -3.150046405
229.000000000 -3.538604604
228.000000000 -3.865834698
227.000000000 -4.090296753
226.000000000 -4.263190629
225.000000000 -4.138312280
224.000000000 -4.578076536
223.000000000 -4.648441341
222.000000000 -4.422998029
221.000000000 -4.466532454
220.000000000 -4.936085765
219.000000000 -4.669898727
218.000000000 -4.477202324
217.000000000 -4.582721349
216.000000000 -4.578789406
215.000000000 -4.541423221
214.000000000 -4.355222244
213.000000000 -4.643373839
212.000000000 -4.807246369
211.000000000 -4.875153526
210.000000000 -4.779257111
209.000000000 -4.828040737
208.000000000 -5.021739860
207.000000000 -3.785537196
206.000000000 -3.544993285
205.000000000 -3.100235261
204.000000000 -2.499104706
203.000000000 -2.065464920
202.000000000 -1.157481995
201.000000000 -0.552688745
200.000000000 0.104450486
199.000000000 1.064101655
198.000000000 2.316599218
197.000000000 3.003855942
196.000000000 1.455660665
195.000000000 5.231117556
194.000000000 8.078730875
193.000000000 0.155255161
192.000000000 14.366459166
191.000000000 4.458966216
190.000000000 14.749611521
