250.000000000 -0.762182414
249.000000000 -0.765685416
248.000000000 -0.742575577
247.000000000 -0.561263489
246.000000000 -0.850758387
245.000000000 -0.885316222
244.000000000 -0.859765242
243.000000000 -1.092748306
242.000000000 -1.075565027
241.000000000 -1.270336590
240.000000000 -1.089784301
239.000000000 -1.233611556
238.000000000 -1.263719554
237.000000000 -1.594522995
236.000000000 -1.780223294
235.000000000 -1.899080320
234.000000000 -2.173619535
233.000000000 -2.146924649
232.000000000 -2.610025599
231.000000000 -2.636910519
230.000000000 -3.256410095
229.000000000 -2.923091640
228.000000000 -3.238830447
227.000000000 -3.064860332
226.000000000 -3.429993112
225.000000000 -3.749693607
224.000000000 -3.686245437
223.000000000 -3.789655552
222.000000000 -3.784544456
221.000000000 -3.880244396
220.000000000 -3.901841864
219.000000000 -4.060835930
218.000000000 -4.185465144
217.000000000 -3.944037482
216.000000000 -4.176418572
215.000000000 -4.199076848
214.000000000 -3.984118217
213.000000000 -3.923341135
212.000000000 -4.138412750
211.000000000 -4.202002567
210.000000000 -4.250465879
209.000000000 -3.761139113
208.000000000 -3.554319325
207.000000000 -3.233228282
206.000000000 -3.540881811
205.000000000 -3.001509124
204.000000000 -2.811536870
203.000000000 -2.165769808
202.000000000 -1.493541796
201.000000000 -1.062531548
200.000000000 -0.631192779
199.000000000 0.657460082
198.000000000 0.615610138
197.000000000 3.060966383
196.000000000 3.770530293
195.000000000 0.280800197
194.000000000 2.975296616
193.000000000 0.520926143
192.000000000 -10.036174268
191.000000000 8.975870228
190.000000000 9.968720327
