250.000000000 -0.670315515
249.000000000 -0.955599596
248.000000000 -0.842860310
247.000000000 -1.020664548
246.000000000 -0.903271274
245.000000000 -0.939397154
244.000000000 -1.165248430
243.000000000 -0.970783693
242.000000000 -1.455225600
241.000000000 -1.108645766
240.000000000 -1.546362619
239.000000000 -1.531990540
238.000000000 -1.903165185
237.000000000 -2.002766282
236.000000000 -2.419084720
235.000000000 -2.836160469
234.000000000 -3.120169920
233.000000000 -3.593015507
232.000000000 -3.766562859
231.000000000 -4.074473559
230.000000000 -4.133971239
229.000000000 -4.542933478
228.000000000 -4.856614461
227.000000000 -5.117619780
226.000000000 -5.068774598
225.000000000 -5.483351782
224.000000000 -5.644516917
223.000000000 -5.604330334
222.000000000 -5.974406126
221.000000000 -5.638340377
220.000000000 -5.715342909
219.000000000 -5.391030099
218.000000000 -5.456928668
217.000000000 -5.660221896
216.000000000 -5.384776941
215.000000000 -5.523252733
214.000000000 -4.985758049
213.000000000 -5.375132167
212.000000000 -5.603548479
211.000000000 -5.449476800
210.000000000 -5.240544118
209.000000000 -5.017768621
208.000000000 -5.239710013
207.000000000 -4.359993770
206.000000000 -3.439107048
205.000000000 -2.724908279
204.000000000 -1.507160401
203.000000000 -0.511752723
202.000000000 0.445578420
201.000000000 1.957243109
200.000000000 3.990672948
199.000000000 5.356929002
198.000000000 7.137696067
197.000000000 7.012843526
196.000000000 9.136281165
195.000000000 7.796076009
194.000000000 6.737896652
193.000000000 8.734730251
192.000000000 3.874136667
191.000000000 7.644316926
190.000000000 13.779073872
