250.000000000 -0.669505240
249.000000000 -0.615131333
248.000000000 -0.552083135
247.000000000 -0.856547523
246.000000000 -0.952127397
245.000000000 -1.122200468
244.000000000 -1.112822449
243.000000000 -1.137471958
242.000000000 -0.936293217
241.000000000 -1.267687774
240.000000000 -1.337925976
239.000000000 -1.302156279
238.000000000 -1.672552837
237.000000000 -2.183370598
236.000000000 -2.486904195
235.000000000 -2.899622075
234.000000000 -3.123010984
233.000000000 -3.573753189
232.000000000 -3.589748661
231.000000000 -4.452414625
230.000000000 -4.435440375
229.000000000 -4.955312336
228.000000000 -4.945297936
227.000000000 -5.144460165
226.000000000 -5.482171838
225.000000000 -5.707282441
224.000000000 -5.612655436
223.000000000 -5.830342818
222.000000000 -5.653291686
221.000000000 -5.794735964
220.000000000 -5.809808288
219.000000000 -5.716182995
218.000000000 -5.686441193
217.000000000 -5.609063212
216.000000000 -5.551998288
215.000000000 -5.335714463
214.000000000 -5.567803804
213.000000000 -5.679790085
212.000000000 -5.467667135
211.000000000 -5.495966439
210.000000000 -4.954911684
209.000000000 -4.943395951
208.000000000 -4.511982532
207.000000000 -4.036566195
206.000000000 -2.884519778
205.000000000 -2.494900758
204.000000000 -1.344314670
203.000000000 -0.357722054
202.000000000 0.962338918
201.000000000 2.947852238
200.000000000 4.586456043
199.000000000 6.919200910
198.000000000 7.643446988
197.000000000 8.902082346
196.000000000 10.295687221
195.000000000 10.713974615
194.000000000 9.344492001
193.000000000 9.797789429
192.000000000 8.233400872
191.000000000 7.283819847
190.000000000 8.966063804
