250.000000000 -0.666626152
249.000000000 -0.535320642
248.000000000 -0.761419024
247.000000000 -0.822307886
246.000000000 -0.562355824
245.000000000 -1.076383151
244.000000000 -0.780586727
243.000000000 -0.773807811
242.000000000 -1.052054973
241.000000000 -0.898843932
240.000000000 -0.914615617
239.000000000 -1.009975510
238.000000000 -1.106138440
237.000000000 -1.412029797
236.000000000 -1.423787668
235.000000000 -1.605040825
234.000000000 -1.948705908
233.000000000 -2.091556238
232.000000000 -2.286225843
231.000000000 -2.459544056
230.000000000 -2.802580182
229.000000000 -2.666777913
228.000000000 -2.931929885
227.000000000 -2.972707189
226.000000000 -3.131330996
225.000000000 -3.546847042
224.000000000 -3.611091387
223.000000000 -3.746484722
222.000000000 -4.041417995
221.000000000 -3.882297457
220.000000000 -4.043629263
219.000000000 -3.897650796
218.000000000 -4.096309336
217.000000000 -4.296429772
216.000000000 -4.157469029
215.000000000 -3.969839849
214.000000000 -3.805768700
213.000000000 -3.722727583
212.000000000 -4.292116860
211.000000000 -4.097736857
210.000000000 -3.936850399
209.000000000 -4.066152177
208.000000000 -3.694476433
207.000000000 -4.479930073
206.000000000 -4.105323989
205.000000000 -3.470219123
204.000000000 -3.170124215
203.000000000 -2.723752246
202.000000000 -2.249321968
201.000000000 -1.675092875
200.000000000 -1.332910306
199.000000000 0.032315942
198.000000000 0.449976393
197.000000000 1.614048291
196.000000000 1.757833814
195.000000000 1.381382055
194.000000000 3.761136229
193.000000000 2.183149181
192.000000000 3.865939411
191.000000000 -0.041131994
190.000000000 6.194820671
