250.000000000 -0.785955181
249.000000000 -0.875815603
248.000000000 -0.740996378
247.000000000 -0.946872783
246.000000000 -0.701166215
245.000000000 -0.826176137
244.000000000 -0.786184365
243.000000000 -1.148449583
242.000000000 -0.974417147
241.000000000 -1.334009389
240.000000000 -1.136556366
239.000000000 -1.111160969
238.000000000 -1.182477377
237.000000000 -1.251020364
236.000000000 -1.615802383
235.000000000 -1.706136342
234.000000000 -1.771188970
233.000000000 -2.039481842
232.000000000 -2.381355862
231.000000000 -2.652483609
230.000000000 -2.583789403
229.000000000 -2.640328224
228.000000000 -3.079070575
227.000000000 -3.070471905
226.000000000 -3.514878610
225.000000000 -3.538381036
224.000000000 -3.767334141
223.000000000 -3.721678771
222.000000000 -3.591982481
221.000000000 -4.085933947
220.000000000 -4.087357693
219.000000000 -4.343278839
218.000000000 -3.781295680
217.000000000 -4.039972560
216.000000000 -4.229441445
215.000000000 -4.277851769
214.000000000 -4.436847182
213.000000000 -4.555947231
212.000000000 -4.560559457
211.000000000 -4.179512641
210.000000000 -4.243184629
209.000000000 -4.133566240
208.000000000 -4.129954873
207.000000000 -3.695878661
206.000000000 -3.493414592
205.000000000 -3.694377329
204.000000000 -2.697482382
203.000000000 -2.370851098
202.000000000 -1.810847101
201.000000000 -1.841887563
200.000000000 -1.310160347
199.000000000 -0.726574835
198.000000000 0.067194658
197.000000000 0.766747801
196.000000000 1.297222818
195.000000000 1.369610309
194.000000000 4.110443136
193.000000000 2.862453966
192.000000000 4.125641845
191.000000000 -0.997234317
190.000000000 2.196227832
