250.000000000 -0.839669460
249.000000000 -0.774997128
248.000000000 -0.676570984
247.000000000 -0.572469606
246.000000000 -0.842260211
245.000000000 -0.943232636
244.000000000 -0.831345181
243.000000000 -1.075455650
242.000000000 -1.201246125
241.000000000 -1.285587679
240.000000000 -1.432742130
239.000000000 -1.851056324
238.000000000 -1.648570796
237.000000000 -2.027093868
236.000000000 -2.465783807
235.000000000 -2.699660746
234.000000000 -3.182590409
233.000000000 -3.423993300
232.000000000 -3.544156705
231.000000000 -4.091722905
230.000000000 -4.551181800
229.000000000 -4.536579875
228.000000000 -5.214682959
227.000000000 -5.337843951
226.000000000 -5.364949707
225.000000000 -5.709701196
224.000000000 -5.780704197
223.000000000 -5.896030560
222.000000000 -6.047024393
221.000000000 -6.133584102
220.000000000 -5.736124176
219.000000000 -5.743976902
218.000000000 -5.543189045
217.000000000 -5.769950751
216.000000000 -5.307000575
215.000000000 -5.715794350
214.000000000 -5.245360389
213.000000000 -5.489265977
212.000000000 -5.504027827
211.000000000 -5.821842165
210.000000000 -5.555015484
209.000000000 -5.245050494
208.000000000 -4.689101670
207.000000000 -4.003534429
206.000000000 -3.060121099
205.000000000 -2.391274025
204.000000000 -1.208962180
203.000000000 -0.331656890
202.000000000 1.609587323
201.000000000 2.534679989
200.000000000 4.338030179
199.000000000 6.581783892
198.000000000 8.494477583
197.000000000 8.565721506
196.000000000 10.206458080
195.000000000 9.306227507
194.000000000 9.600331663
193.000000000 8.927490204
192.000000000 10.103306915
191.000000000 12.172529206
190.000000000 9.387626795
