250.000000000 -0.997942848
249.000000000 -0.921044856
248.000000000 -0.830714248
247.000000000 -0.656004382
246.000000000 -0.848248108
245.000000000 -0.650997299
244.000000000 -0.931124673
243.000000000 -1.179315093
242.000000000 -0.727306354
241.000000000 -0.915201785
240.000000000 -1.323686436
239.000000000 -1.017291352
238.000000000 -1.315271248
237.000000000 -1.443795613
236.000000000 -1.409144256
235.000000000 -1.843964295
234.000000000 -2.005444320
233.000000000 -2.208818858
232.000000000 -2.011812426
231.000000000 -2.557411704
230.000000000 -2.513382718
229.000000000 -3.073646739
228.000000000 -2.899905173
227.000000000 -3.140248177
226.000000000 -3.247366626
225.000000000 -3.477537121
224.000000000 -3.673113465
223.000000000 -4.019433607
222.000000000 -3.823610518
221.000000000 -4.059601918
220.000000000 -3.891118958
219.000000000 -3.849308293
218.000000000 -4.117004614
217.000000000 -4.013267124
216.000000000 -4.064313673
215.000000000 -3.722421055
214.000000000 -4.012214751
213.000000000 -3.745684330
212.000000000 -4.237657945
211.000000000 -4.314848990
210.000000000 -3.684678825
209.000000000 -3.791100010
208.000000000 -3.488712277
207.000000000 -4.017657677
206.000000000 -3.811524932
205.000000000 -3.242621314
204.000000000 -2.716068988
203.000000000 -2.593253893
202.000000000 -2.733765011
201.000000000 -1.727703499
200.000000000 -0.844383673
199.000000000 -0.467927200
198.000000000 0.639058566
197.000000000 1.683264461
196.000000000 2.125724651
195.000000000 1.416135301
194.000000000 6.322884864
193.000000000 3.609382887
192.000000000 7.494763022
191.000000000 7.673955827
190.000000000 9.772952980
