250.000000000 -0.811695552
249.000000000 -0.967874540
248.000000000 -0.582883479
247.000000000 -0.770673699
246.000000000 -1.126583569
245.000000000 -0.957925986
244.000000000 -1.018578635
243.000000000 -1.052415753
242.000000000 -1.459781968
241.000000000 -1.246896365
240.000000000 -1.479315254
239.000000000 -1.689715926
238.000000000 -1.720382724
237.000000000 -2.268305523
236.000000000 -2.260611573
235.000000000 -2.829525461
234.000000000 -2.838488785
233.000000000 -3.259853608
232.000000000 -3.556273474
231.000000000 -3.880042680
230.000000000 -4.099900476
229.000000000 -4.336789425
228.000000000 -4.812296059
227.000000000 -5.182052197
226.000000000 -4.999630158
225.000000000 -5.499482642
224.000000000 -5.412734479
223.000000000 -5.581127241
222.000000000 -5.448682994
221.000000000 -5.637744928
220.000000000 -5.509384366
219.000000000 -5.571888321
218.000000000 -5.498065419
217.000000000 -5.444420231
216.000000000 -5.291339485
215.000000000 -5.148881539
214.000000000 -4.990909204
213.000000000 -5.353351322
212.000000000 -5.675167261
211.000000000 -5.611129004
210.000000000 -5.792357616
209.000000000 -5.368990595
208.000000000 -5.302105516
207.000000000 -4.108008314
206.000000000 -3.244695561
205.000000000 -2.918296367
204.000000000 -2.239738441
203.000000000 -0.568252437
202.000000000 0.507991786
201.000000000 1.543631469
200.000000000 3.549512737
199.000000000 4.559041664
198.000000000 5.636896574
197.000000000 6.577419605
196.000000000 7.733249236
195.000000000 7.211769043
194.000000000 9.534126985
193.000000000 5.145506059
192.000000000 3.211715555
191.000000000 9.130817588
190.000000000 -9.388424846
