250.000000000 -0.812178179
249.000000000 -1.117457425
248.000000000 -0.872911466
247.000000000 -1.042789179
246.000000000 -0.958027770
245.000000000 -0.846407619
244.000000000 -1.242129211
243.000000000 -1.015285518
242.000000000 -1.264846537
241.000000000 -1.429812596
240.000000000 -1.521199492
239.000000000 -1.794565271
238.000000000 -1.909762271
237.000000000 -2.133311358
236.000000000 -2.243722800
235.000000000 -2.697337302
234.000000000 -2.867871065
233.000000000 -3.455976320
232.000000000 -3.845895578
231.000000000 -4.129637759
230.000000000 -4.309735589
229.000000000 -4.620022877
228.000000000 -4.883182099
227.000000000 -5.205995588
226.000000000 -5.030438876
225.000000000 -5.581937433
224.000000000 -5.807531783
223.000000000 -5.838703891
222.000000000 -5.803657501
221.000000000 -5.656867582
220.000000000 -5.510782390
219.000000000 -5.594443184
218.000000000 -5.110591032
217.000000000 -5.206330051
216.000000000 -5.186979727
215.000000000 -5.797696956
214.000000000 -5.476019067
213.000000000 -5.265887613
212.000000000 -5.540907793
211.000000000 -5.444336983
210.000000000 -4.924171146
209.000000000 -5.455819736
208.000000000 -4.657796970
207.000000000 -4.171278182
206.000000000 -3.467624133
205.000000000 -2.656254690
204.000000000 -1.845475080
203.000000000 -1.015668514
202.000000000 0.367859389
201.000000000 1.869167514
200.000000000 2.824636812
199.000000000 5.078774938
198.000000000 6.516098487
197.000000000 7.040333705
196.000000000 8.600223686
195.000000000 8.627408355
194.000000000 7.889826047
193.000000000 3.128901425
192.000000000 8.403959714
191.000000000 0.768237156
190.000000000 13.836657851
