250.000000000 -0.531020808
249.000000000 -0.684229015
248.000000000 -0.611574561
247.000000000 -0.839775347
246.000000000 -0.780358816
245.000000000 -0.798110813
244.000000000 -0.799860214
243.000000000 -1.006602281
242.000000000 -1.112814662
241.000000000 -1.290043515
240.000000000 -1.477355630
239.000000000 -1.833218447
238.000000000 -1.668072368
237.000000000 -1.777729309
236.000000000 -2.151560089
235.000000000 -2.650241281
234.000000000 -3.079826165
233.000000000 -3.477391596
232.000000000 -3.377774233
231.000000000 -4.005005450
230.000000000 -4.552783430
229.000000000 -4.835440688
228.000000000 -5.057082536
227.000000000 -5.335230414
226.000000000 -5.503344097
225.000000000 -5.554042971
224.000000000 -5.789460758
223.000000000 -5.820800565
222.000000000 -5.954772915
221.000000000 -6.055281925
220.000000000 -5.663113315
219.000000000 -5.794999451
218.000000000 -5.541908438
217.000000000 -5.382345130
216.000000000 -5.452251798
215.000000000 -5.557871859
214.000000000 -5.162534806
213.000000000 -5.295902951
212.000000000 -5.779923297
211.000000000 -5.266544020
210.000000000 -5.119363151
209.000000000 -4.882576685
208.000000000 -4.547608190
207.000000000 -4.071189977
206.000000000 -2.915326551
205.000000000 -2.099497815
204.000000000 -0.777537432
203.000000000 0.444999954
202.000000000 1.007571085
201.000000000 2.686663687
200.000000000 4.743074782
199.000000000 6.036270808
198.000000000 8.621038172
197.000000000 9.871284358
196.000000000 10.564786042
195.000000000 10.991970353
194.000000000 10.103856055
193.000000000 9.559161939
192.000000000 8.020728499
191.000000000 7.026591141
190.000000000 2.081620316
