250.000000000 -0.711250632
249.000000000 -0.609423841
248.000000000 -0.706316373
247.000000000 -0.511387609
246.000000000 -0.999059089
245.000000000 -0.793666719
244.000000000 -0.553162704
243.000000000 -0.989642421
242.000000000 -0.893752606
241.000000000 -0.871946269
240.000000000 -1.076012469
239.000000000 -0.929483482
238.000000000 -1.262630061
237.000000000 -1.257818863
236.000000000 -1.425752251
235.000000000 -1.663552720
234.000000000 -2.158152445
233.000000000 -2.186275815
232.000000000 -2.029144709
231.000000000 -2.315900543
230.000000000 -2.485792586
229.000000000 -2.675572960
228.000000000 -2.983485118
227.000000000 -3.073535603
226.000000000 -2.925695594
225.000000000 -3.234112272
224.000000000 -3.524701235
223.000000000 -3.218706893
222.000000000 -3.737757277
221.000000000 -3.651245221
220.000000000 -3.714796268
219.000000000 -3.678233505
218.000000000 -3.757480175
217.000000000 -3.652039756
216.000000000 -3.638234440
215.000000000 -3.971450466
214.000000000 -3.725320633
213.000000000 -3.767446210
212.000000000 -3.899947112
211.000000000 -3.956091514
210.000000000 -3.738404760
209.000000000 -3.681330609
208.000000000 -3.410416986
207.000000000 -3.277506544
206.000000000 -3.100881026
205.000000000 -2.858709090
204.000000000 -2.016209877
203.000000000 -1.498099383
202.000000000 -1.594803575
201.000000000 -1.677820392
200.000000000 -0.090304163
199.000000000 0.327111941
198.000000000 1.984062844
197.000000000 1.175754568
196.000000000 0.095224716
195.000000000 -0.349514508
194.000000000 5.171067603
193.000000000 0.027410190
192.000000000 -2.745903365
191.000000000 1.409951256
190.000000000 24.558797055
