250.000000000 -0.865952727
249.000000000 -0.724875495
248.000000000 -0.693899738
247.000000000 -0.760193804
246.000000000 -1.092370250
245.000000000 -1.012980657
244.000000000 -0.830913190
243.000000000 -1.080808287
242.000000000 -1.039054786
241.000000000 -1.164591871
240.000000000 -1.274179458
239.000000000 -1.430157681
238.000000000 -1.366262038
237.000000000 -1.478676131
236.000000000 -1.867416878
235.000000000 -2.055182218
234.000000000 -2.002212711
233.000000000 -2.206525861
232.000000000 -2.540140253
231.000000000 -2.623891181
230.000000000 -2.911862581
229.000000000 -2.964260250
228.000000000 -3.087527549
227.000000000 -3.256585134
226.000000000 -3.583210163
225.000000000 -3.401524543
224.000000000 -3.837591466
223.000000000 -3.832613839
222.000000000 -4.018233652
221.000000000 -4.050176783
220.000000000 -4.180056085
219.000000000 -3.882220145
218.000000000 -4.061166711
217.000000000 -4.455344440
216.000000000 -4.357916790
215.000000000 -3.958078920
214.000000000 -4.199926954
213.000000000 -4.526090430
212.000000000 -4.160773528
211.000000000 -4.176824287
210.000000000 -3.836553493
209.000000000 -4.096222987
208.000000000 -4.032012262
207.000000000 -3.913792751
206.000000000 -3.490825668
205.000000000 -3.159828468
204.000000000 -2.854898513
203.000000000 -2.251103878
202.000000000 -2.152895982
201.000000000 -1.157857733
200.000000000 0.429720869
199.000000000 0.548211917
198.000000000 1.552550154
197.000000000 1.605401038
196.000000000 2.675877657
195.000000000 6.987151493
194.000000000 10.794174965
193.000000000 7.351980271
192.000000000 7.855675624
191.000000000 7.437855828
190.000000000 -18.245044254
