250.000000000 -0.793077240
249.000000000 -0.751456462
248.000000000 -0.933620532
247.000000000 -0.792912505
246.000000000 -0.969070326
245.000000000 -0.984973081
244.000000000 -1.251581644
243.000000000 -1.092946043
242.000000000 -1.240533639
241.000000000 -1.466360285
240.000000000 -1.484576763
239.000000000 -1.641074296
238.000000000 -1.868143818
237.000000000 -2.020087426
236.000000000 -2.417914953
235.000000000 -2.601182494
234.000000000 -3.065323521
233.000000000 -3.426398108
232.000000000 -3.646650566
231.000000000 -3.815706701
230.000000000 -4.239244569
229.000000000 -4.551654094
228.000000000 -4.731998224
227.000000000 -4.975367175
226.000000000 -5.150162851
225.000000000 -5.442186777
224.000000000 -5.571332012
223.000000000 -5.797553395
222.000000000 -5.613197491
221.000000000 -5.788526140
220.000000000 -5.566643793
219.000000000 -5.654628812
218.000000000 -5.542731298
217.000000000 -5.518370639
216.000000000 -5.415837099
215.000000000 -5.342609520
214.000000000 -5.357833882
213.000000000 -5.338616600
212.000000000 -5.501045102
211.000000000 -5.336455517
210.000000000 -5.375559338
209.000000000 -4.863885169
208.000000000 -4.846953569
207.000000000 -4.293470852
206.000000000 -3.303080451
205.000000000 -2.330460045
204.000000000 -2.380926351
203.000000000 -0.212950426
202.000000000 0.660569346
201.000000000 2.061429873
200.000000000 3.967846820
199.000000000 5.807262861
198.000000000 7.176276264
197.000000000 6.897528027
196.000000000 8.583930540
195.000000000 9.905570572
194.000000000 9.725156310
193.000000000 10.146795277
192.000000000 2.742505253
191.000000000 4.093860429
190.000000000 3.206470307
