250.000000000 -0.666472431
249.000000000 -0.641761447
248.000000000 -0.672887282
247.000000000 -0.557749399
246.000000000 -0.764888124
245.000000000 -0.886643129
244.000000000 -1.041349816
243.000000000 -0.932269529
242.000000000 -0.961916576
241.000000000 -1.084389447
240.000000000 -0.843674042
239.000000000 -1.113254521
238.000000000 -1.307652216
237.000000000 -1.317413067
236.000000000 -1.680358252
235.000000000 -1.805412464
234.000000000 -2.020607722
233.000000000 -1.912399893
232.000000000 -2.202448568
231.000000000 -2.591677098
230.000000000 -2.512277000
229.000000000 -2.911325532
228.000000000 -3.068783098
227.000000000 -3.234425300
226.000000000 -3.065458950
225.000000000 -3.685745070
224.000000000 -3.337007530
223.000000000 -4.028811125
222.000000000 -3.530759999
221.000000000 -3.623790203
220.000000000 -3.672014727
219.000000000 -3.800668668
218.000000000 -4.022936062
217.000000000 -3.859203364
216.000000000 -3.999798216
215.000000000 -4.226514111
214.000000000 -3.895928875
213.000000000 -3.895186549
212.000000000 -3.920235577
211.000000000 -3.770778103
210.000000000 -4.109287133
209.000000000 -4.151765646
208.000000000 -4.071615112
207.000000000 -3.314995574
206.000000000 -3.372075310
205.000000000 -3.531370989
204.000000000 -2.894760298
203.000000000 -2.418529756
202.000000000 -1.868130985
201.000000000 -1.312735460
200.000000000 -0.756657790
199.000000000 0.352373624
198.000000000 0.450645910
197.000000000 2.240870881
196.000000000 0.923871491
195.000000000 2.545995507
194.000000000 2.306608288
193.000000000 4.256072253
192.000000000 7.288308270
191.000000000 -8.842792703
190.000000000 10.892333830
