250.000000000 -0.721451854
249.000000000 -0.896537122
248.000000000 -0.769436908
247.000000000 -0.669604871
246.000000000 -0.865895931
245.000000000 -0.641544709
244.000000000 -0.715228232
243.000000000 -0.922999599
242.000000000 -1.020610905
241.000000000 -1.043115314
240.000000000 -1.142780609
239.000000000 -1.333585882
238.000000000 -1.304572370
237.000000000 -1.476539369
236.000000000 -1.463439316
235.000000000 -1.738453609
234.000000000 -1.842129071
233.000000000 -1.971742545
232.000000000 -2.223715510
231.000000000 -2.483570853
230.000000000 -2.665734098
229.000000000 -3.067807989
228.000000000 -3.035503095
227.000000000 -3.072182295
226.000000000 -3.281643422
225.000000000 -3.468965073
224.000000000 -3.379849052
223.000000000 -3.836639437
222.000000000 -3.963842331
221.000000000 -4.090820315
220.000000000 -4.048204224
219.000000000 -4.059310591
218.000000000 -4.148996431
217.000000000 -4.049845706
216.000000000 -4.148800317
215.000000000 -4.216294703
214.000000000 -4.024559296
213.000000000 -4.204751511
212.000000000 -4.268850295
211.000000000 -4.024385805
210.000000000 -4.059351705
209.000000000 -4.035978394
208.000000000 -3.816179658
207.000000000 -3.684763348
206.000000000 -3.563820483
205.000000000 -3.183586453
204.000000000 -3.372150362
203.000000000 -2.320568472
202.000000000 -1.859381938
201.000000000 -1.599358321
200.000000000 -1.032713254
199.000000000 0.102459259
198.000000000 1.232658253
197.000000000 2.313764007
196.000000000 0.934813471
195.000000000 3.496594729
194.000000000 2.876666289
193.000000000 6.441952760
192.000000000 2.730224416
191.000000000 -1.583180240
190.000000000 -0.266372132
