250.000000000 -0.820450765
249.000000000 -0.797727950
248.000000000 -0.925588383
247.000000000 -1.107767654
246.000000000 -0.982331113
245.000000000 -1.060443015
244.000000000 -1.060662776
243.000000000 -1.134948883
242.000000000 -1.239837967
241.000000000 -1.436861019
240.000000000 -1.449160655
239.000000000 -1.606826758
238.000000000 -2.009268261
237.000000000 -2.183952695
236.000000000 -2.489927843
235.000000000 -2.568693892
234.000000000 -3.004964413
233.000000000 -3.427552444
232.000000000 -3.733381516
231.000000000 -3.933170443
230.000000000 -4.336742141
229.000000000 -4.685567262
228.000000000 -4.741109245
227.000000000 -5.110165173
226.000000000 -5.158009520
225.000000000 -5.382137637
224.000000000 -5.711166288
223.000000000 -5.786955930
222.000000000 -5.762225606
221.000000000 -5.530266023
220.000000000 -5.573339036
219.000000000 -5.526670091
218.000000000 -5.452341641
217.000000000 -5.558563853
216.000000000 -5.284077692
215.000000000 -5.391185714
214.000000000 -5.519731966
213.000000000 -5.302726304
212.000000000 -5.477877934
211.000000000 -5.398647929
210.000000000 -4.838634844
209.000000000 -5.163276512
208.000000000 -4.508350221
207.000000000 -4.305393702
206.000000000 -3.074743834
205.000000000 -2.421708229
204.000000000 -1.782918844
203.000000000 -1.249954264
202.000000000 0.156707746
201.000000000 1.836597888
200.000000000 3.589201566
199.000000000 4.922223873
198.000000000 6.992857137
197.000000000 8.102360273
196.000000000 7.849081263
195.000000000 8.153096595
194.000000000 8.009471092
193.000000000 6.238479387
192.000000000 6.066519873
191.000000000 12.272090566
190.000000000 -4.172526075
