250.000000000 -0.959168718
249.000000000 -0.844411934
248.000000000 -0.760744211
247.000000000 -0.643655568
246.000000000 -0.933912240
245.000000000 -1.061827213
244.000000000 -1.066433939
243.000000000 -1.268498526
242.000000000 -1.015200877
241.000000000 -1.395642855
240.000000000 -1.466839647
239.000000000 -1.528693554
238.000000000 -1.998360828
237.000000000 -2.161040581
236.000000000 -2.561293166
235.000000000 -2.745349329
234.000000000 -2.888092063
233.000000000 -3.399647796
232.000000000 -3.454718138
231.000000000 -4.099722691
230.000000000 -4.550796480
229.000000000 -4.583584905
228.000000000 -4.925065022
227.000000000 -5.139112590
226.000000000 -5.403044772
225.000000000 -5.654011833
224.000000000 -5.775605816
223.000000000 -6.127268115
222.000000000 -5.847178124
221.000000000 -5.824112551
220.000000000 -5.694836686
219.000000000 -5.911131812
218.000000000 -5.597858569
217.000000000 -6.004973564
216.000000000 -5.580121970
215.000000000 -5.482528717
214.000000000 -5.678755783
213.000000000 -5.439004921
212.000000000 -5.615040166
211.000000000 -5.352709817
210.000000000 -5.158988871
209.000000000 -5.290151833
208.000000000 -4.542252341
207.000000000 -3.548211073
206.000000000 -3.429241305
205.000000000 -2.427426066
204.000000000 -1.641632290
203.000000000 0.015088210
202.000000000 1.088571341
201.000000000 2.190110724
200.000000000 4.534882084
199.000000000 6.264054538
198.000000000 7.057062121
197.000000000 8.498919059
196.000000000 8.879953011
195.000000000 9.693032597
194.000000000 10.524549448
193.000000000 8.436520490
192.000000000 7.732575495
191.000000000 10.404314176
190.000000000 13.103514414
