250.000000000 -0.763757930
249.000000000 -0.854399109
248.000000000 -0.741250521
247.000000000 -0.625752718
246.000000000 -0.706806492
245.000000000 -0.758299473
244.000000000 -0.649757322
243.000000000 -0.914280449
242.000000000 -0.726720211
241.000000000 -0.842762837
240.000000000 -1.211498897
239.000000000 -1.101918633
238.000000000 -1.279912185
237.000000000 -1.378641621
236.000000000 -1.606394933
235.000000000 -1.631358006
234.000000000 -2.025569164
233.000000000 -2.184719425
232.000000000 -2.335351043
231.000000000 -2.502912466
230.000000000 -2.365019715
229.000000000 -2.883366149
228.000000000 -2.565503775
227.000000000 -3.403713745
226.000000000 -3.341238987
225.000000000 -3.555484970
224.000000000 -3.924752127
223.000000000 -3.821705071
222.000000000 -3.717206923
221.000000000 -3.946360368
220.000000000 -4.186476865
219.000000000 -4.239875097
218.000000000 -4.187749068
217.000000000 -3.910373796
216.000000000 -4.011523240
215.000000000 -4.689862489
214.000000000 -3.971335497
213.000000000 -4.568767901
212.000000000 -4.611351325
211.000000000 -4.330274169
210.000000000 -4.410262631
209.000000000 -4.533812488
208.000000000 -3.948355690
207.000000000 -4.076596774
206.000000000 -4.073876783
205.000000000 -3.428236907
204.000000000 -3.593001266
203.000000000 -3.148520248
202.000000000 -2.350864326
201.000000000 -1.646937755
200.000000000 -1.030767870
199.000000000 -0.234098663
198.000000000 1.462633498
197.000000000 1.524844589
196.000000000 1.587555668
195.000000000 1.791653056
194.000000000 3.414566691
193.000000000 2.798052576
192.000000000 5.877420992
191.000000000 9.694806743
190.000000000 4.740969070
