250.000000000 -0.884880015
249.000000000 -0.543842714
248.000000000 -0.849012124
247.000000000 -0.861689928
246.000000000 -0.837744753
245.000000000 -0.925080114
244.000000000 -0.958833609
243.000000000 -0.888909044
242.000000000 -0.961588330
241.000000000 -1.052502914
240.000000000 -1.035748106
239.000000000 -1.248737825
238.000000000 -1.235855395
237.000000000 -1.619736549
236.000000000 -1.515298577
235.000000000 -1.794176519
234.000000000 -2.078554077
233.000000000 -1.905264812
232.000000000 -2.133003532
231.000000000 -2.010412043
230.000000000 -2.868299388
229.000000000 -3.002500672
228.000000000 -3.091537982
227.000000000 -2.992747258
226.000000000 -3.052308646
225.000000000 -3.444831497
224.000000000 -3.967972249
223.000000000 -3.668505012
222.000000000 -3.853458507
221.000000000 -3.415328033
220.000000000 -3.921219776
219.000000000 -4.012150785
218.000000000 -3.716110041
217.000000000 -4.195590622
216.000000000 -4.018228587
215.000000000 -3.879233325
214.000000000 -3.847575307
213.000000000 -3.927493782
212.000000000 -4.323735664
211.000000000 -4.004828232
210.000000000 -4.044097111
209.000000000 -3.895634780
208.000000000 -3.562468391
207.000000000 -3.665862283
206.000000000 -3.408930162
205.000000000 -2.225223302
204.000000000 -3.022705411
203.000000000 -2.525051103
202.000000000 -2.248475658
201.000000000 -1.782321028
200.000000000 -0.262356033
199.000000000 -0.076497480
198.000000000 -1.012427835
197.000000000 1.762024963
196.000000000 2.132625410
195.000000000 3.781133622
194.000000000 2.803472750
193.000000000 4.101984182
192.000000000 17.390787316
191.000000000 -10.244455997
190.000000000 12.943597814
