250.000000000 -0.395253855
249.000000000 -0.694003053
248.000000000 -0.865779995
247.000000000 -0.677121520
246.000000000 -0.861567916
245.000000000 -0.648136136
244.000000000 -0.803292119
243.000000000 -0.714186756
242.000000000 -0.737904558
241.000000000 -1.001137394
240.000000000 -1.287043158
239.000000000 -1.056992232
238.000000000 -1.242316275
237.000000000 -1.113961937
236.000000000 -1.377707278
235.000000000 -1.675832606
234.000000000 -1.971702608
233.000000000 -2.063082962
232.000000000 -2.137317180
231.000000000 -2.259792009
230.000000000 -2.221858301
229.000000000 -2.467374388
228.000000000 -2.717208418
227.000000000 -3.097602468
226.000000000 -3.402692941
225.000000000 -3.468948312
224.000000000 -3.433801749
223.000000000 -3.395632642
222.000000000 -3.611100014
221.000000000 -3.694510236
220.000000000 -4.153429702
219.000000000 -4.059125495
218.000000000 -4.098573365
217.000000000 -4.129704343
216.000000000 -3.712558939
215.000000000 -4.143303767
214.000000000 -4.057063065
213.000000000 -4.059499732
212.000000000 -3.968392740
211.000000000 -4.077827319
210.000000000 -4.229440170
209.000000000 -3.984565198
208.000000000 -4.357412987
207.000000000 -3.919018695
206.000000000 -3.696120405
205.000000000 -3.239586671
204.000000000 -3.696509211
203.000000000 -2.626994458
202.000000000 -2.494472353
201.000000000 -2.050919277
200.000000000 -1.177332826
199.000000000 -0.547702168
198.000000000 0.522504455
197.000000000 1.474076270
196.000000000 1.773226436
195.000000000 1.924141615
194.000000000 2.465354648
193.000000000 4.380732368
192.000000000 1.564524182
191.000000000 1.846820773
190.000000000 -2.641840208
