250.000000000 -0.742785156
249.000000000 -0.795960536
248.000000000 -0.855330245
247.000000000 -0.940614913
246.000000000 -0.776338344
245.000000000 -0.719851827
244.000000000 -0.827648762
243.000000000 -0.703775218
242.000000000 -0.842550941
241.000000000 -0.767901988
240.000000000 -1.152111920
239.000000000 -1.313097104
238.000000000 -1.236367828
237.000000000 -1.253898574
236.000000000 -1.701120540
235.000000000 -1.702533513
234.000000000 -2.212004429
233.000000000 -1.951484458
232.000000000 -2.143605308
231.000000000 -2.162256444
230.000000000 -2.739710509
229.000000000 -2.635639090
228.000000000 -2.862631082
227.000000000 -3.033655176
226.000000000 -3.191791842
225.000000000 -3.255627074
224.000000000 -3.329758482
223.000000000 -3.773427588
222.000000000 -3.668340565
221.000000000 -3.659964242
220.000000000 -4.066291119
219.000000000 -4.066009821
218.000000000 -3.961551254
217.000000000 -3.996917846
216.000000000 -3.816161774
215.000000000 -4.110515963
214.000000000 -3.784456800
213.000000000 -4.109818100
212.000000000 -4.025443250
211.000000000 -3.734439585
210.000000000 -4.051470606
209.000000000 -3.669049519
208.000000000 -3.588365064
207.000000000 -3.540900305
206.000000000 -3.123528135
205.000000000 -3.607402692
204.000000000 -2.884420801
203.000000000 -2.579478724
202.000000000 -1.686904320
201.000000000 -1.984708833
200.000000000 -0.975822683
199.000000000 0.170509288
198.000000000 0.947575775
197.000000000 1.738161549
196.000000000 3.333756725
195.000000000 1.042634621
194.000000000 5.693996918
193.000000000 -1.622555148
192.000000000 0.621853111
191.000000000 12.917380168
190.000000000 3.004865556
