250.000000000 -0.478236229
249.000000000 -1.010667442
248.000000000 -0.683401108
247.000000000 -0.701263417
246.000000000 -0.646195337
245.000000000 -0.593445605
244.000000000 -0.828985398
243.000000000 -1.032447375
242.000000000 -1.175135866
241.000000000 -1.237864215
240.000000000 -1.050538991
239.000000000 -1.144374025
238.000000000 -1.379693359
237.000000000 -1.193660080
236.000000000 -1.575160170
235.000000000 -1.694072359
234.000000000 -2.115125228
233.000000000 -1.939483127
232.000000000 -2.360247446
231.000000000 -2.197246308
230.000000000 -2.509513993
229.000000000 -2.415440835
228.000000000 -2.833979891
227.000000000 -3.151743604
226.000000000 -2.973565808
225.000000000 -3.349321155
224.000000000 -3.740910728
223.000000000 -3.560721008
222.000000000 -3.794472693
221.000000000 -3.595645496
220.000000000 -3.806649980
219.000000000 -3.992077001
218.000000000 -3.912384102
217.000000000 -4.080932383
216.000000000 -4.018236908
215.000000000 -3.665226509
214.000000000 -4.458196301
213.000000000 -4.359460619
212.000000000 -3.836506685
211.000000000 -3.720865786
210.000000000 -3.726903697
209.000000000 -3.979893271
208.000000000 -3.883978066
207.000000000 -3.627399229
206.000000000 -3.488526622
205.000000000 -3.219583344
204.000000000 -3.118858014
203.000000000 -2.668381030
202.000000000 -1.073788813
201.000000000 -1.082765400
200.000000000 -0.967126311
199.000000000 -0.783016594
198.000000000 1.153064501
197.000000000 2.789758603
196.000000000 1.247420499
195.000000000 2.755273188
194.000000000 5.362994213
193.000000000 10.718078392
192.000000000 7.718952492
191.000000000 13.191190021
190.000000000 14.378946507
