250.000000000 -0.545848398
249.000000000 -0.687042744
248.000000000 -0.902142392
247.000000000 -0.771981035
246.000000000 -0.870802397
245.000000000 -0.971706891
244.000000000 -0.986201888
243.000000000 -1.384748042
242.000000000 -1.009421461
241.000000000 -1.201810437
240.000000000 -1.363186760
239.000000000 -1.515793740
238.000000000 -2.012942702
237.000000000 -2.015785821
236.000000000 -2.298085273
235.000000000 -2.484297103
234.000000000 -2.893774144
233.000000000 -3.422567780
232.000000000 -3.672032849
231.000000000 -4.052403173
230.000000000 -4.358874876
229.000000000 -4.635683042
228.000000000 -4.857564203
227.000000000 -5.206238046
226.000000000 -5.201385503
225.000000000 -5.816398216
224.000000000 -5.383281623
223.000000000 -5.965398510
222.000000000 -6.163106450
221.000000000 -5.680316936
220.000000000 -5.900214500
219.000000000 -5.272150376
218.000000000 -6.038923673
217.000000000 -5.302891666
216.000000000 -5.939535948
215.000000000 -5.587574150
214.000000000 -5.538191893
213.000000000 -5.491466283
212.000000000 -5.614487786
211.000000000 -4.599518601
210.000000000 -5.392288304
209.000000000 -4.761914904
208.000000000 -4.621298365
207.000000000 -4.172576547
206.000000000 -3.152951933
205.000000000 -2.404283810
204.000000000 -2.002342745
203.000000000 0.102162885
202.000000000 0.864478925
201.000000000 2.540564699
200.000000000 4.205016561
199.000000000 4.776078553
198.000000000 7.991020387
197.000000000 8.384569964
196.000000000 9.145571091
195.000000000 9.866987523
194.000000000 8.619230668
193.000000000 11.410026848
192.000000000 7.663934135
191.000000000 7.363498221
190.000000000 -5.029137584
