250.000000000 -0.431386140
249.000000000 -0.801063521
248.000000000 -0.674120227
247.000000000 -0.749994157
246.000000000 -1.025706934
245.000000000 -0.643357544
244.000000000 -0.993299970
243.000000000 -0.734697936
242.000000000 -1.090353564
241.000000000 -1.047050589
240.000000000 -1.110098141
239.000000000 -1.302852549
238.000000000 -1.106186126
237.000000000 -1.276525105
236.000000000 -1.601715974
235.000000000 -1.483033642
234.000000000 -1.975358271
233.000000000 -2.388294055
232.000000000 -2.215377264
231.000000000 -2.683118782
230.000000000 -2.629327534
229.000000000 -2.746936211
228.000000000 -2.804918761
227.000000000 -3.455629739
226.000000000 -3.114894560
225.000000000 -3.518881693
224.000000000 -3.644313274
223.000000000 -3.862767033
222.000000000 -3.927251531
221.000000000 -3.779583858
220.000000000 -3.877314598
219.000000000 -4.089121371
218.000000000 -4.136026582
217.000000000 -4.233471234
216.000000000 -3.861792180
215.000000000 -4.284631447
214.000000000 -4.474309791
213.000000000 -3.987673881
212.000000000 -3.981550458
211.000000000 -4.060581615
210.000000000 -4.348392874
209.000000000 -4.155671041
208.000000000 -4.138367662
207.000000000 -3.797914829
206.000000000 -3.737173939
205.000000000 -3.349843495
204.000000000 -3.162650378
203.000000000 -2.879599154
202.000000000 -2.182302593
201.000000000 -1.329170204
200.000000000 -0.869775215
199.000000000 -0.161830428
198.000000000 -0.030655007
197.000000000 0.667436432
196.000000000 2.485543812
195.000000000 3.758648706
194.000000000 3.945572069
193.000000000 2.542144339
192.000000000 6.027620803
191.000000000 -1.655097400
190.000000000 -7.879016754
