250.000000000 -0.770959691
249.000000000 -0.751643251
248.000000000 -0.971891583
247.000000000 -0.881479326
246.000000000 -0.854718973
245.000000000 -0.887383019
244.000000000 -0.841636612
243.000000000 -1.134856964
242.000000000 -1.122520927
241.000000000 -1.229894704
240.000000000 -1.006142306
239.000000000 -1.317714789
238.000000000 -1.485436452
237.000000000 -1.910486168
236.000000000 -2.041826308
235.000000000 -2.295517263
234.000000000 -2.265546760
233.000000000 -2.283669843
232.000000000 -2.616954717
231.000000000 -2.630904761
230.000000000 -3.334673727
229.000000000 -3.078716634
228.000000000 -3.446655908
227.000000000 -3.601361346
226.000000000 -3.852584456
225.000000000 -4.038585355
224.000000000 -4.272016553
223.000000000 -4.207844195
222.000000000 -4.141941975
221.000000000 -4.388966549
220.000000000 -4.484459617
219.000000000 -4.280468405
218.000000000 -4.344228411
217.000000000 -4.374467539
216.000000000 -4.436935028
215.000000000 -4.348125854
214.000000000 -4.901122279
213.000000000 -4.584612013
212.000000000 -4.440715339
211.000000000 -4.474510075
210.000000000 -4.426476560
209.000000000 -4.377567678
208.000000000 -4.137087114
207.000000000 -4.025528029
206.000000000 -3.848376296
205.000000000 -3.140757315
204.000000000 -2.766875775
203.000000000 -2.476888718
202.000000000 -2.170888367
201.000000000 -0.871548496
200.000000000 0.711766604
199.000000000 1.351291914
198.000000000 1.644873494
197.000000000 0.280567449
196.000000000 1.874315005
195.000000000 3.111710363
194.000000000 3.359183487
193.000000000 0.915060066
192.000000000 11.803894811
191.000000000 6.270037113
190.000000000 8.101080722
