250.000000000 -0.777149447
249.000000000 -0.917532216
248.000000000 -0.636851589
247.000000000 -0.810821296
246.000000000 -0.868464729
245.000000000 -0.967180045
244.000000000 -1.116969432
243.000000000 -0.768693715
242.000000000 -0.939538658
241.000000000 -1.293016321
240.000000000 -1.099833805
239.000000000 -1.315144078
238.000000000 -1.456670872
237.000000000 -1.300781916
236.000000000 -1.572983112
235.000000000 -1.722934818
234.000000000 -2.103720735
233.000000000 -1.907533223
232.000000000 -2.184329131
231.000000000 -2.500160153
230.000000000 -2.615810509
229.000000000 -2.784946265
228.000000000 -2.929748348
227.000000000 -2.862091654
226.000000000 -3.411129263
225.000000000 -3.521547284
224.000000000 -3.083824662
223.000000000 -3.598409298
222.000000000 -3.609666872
221.000000000 -3.900141175
220.000000000 -3.611707796
219.000000000 -3.700889520
218.000000000 -3.815344270
217.000000000 -3.696563316
216.000000000 -3.940830836
215.000000000 -4.208117032
214.000000000 -3.802032742
213.000000000 -3.726565368
212.000000000 -3.528614311
211.000000000 -3.853777249
210.000000000 -3.798952354
209.000000000 -3.433450509
208.000000000 -3.487573385
207.000000000 -3.508269617
206.000000000 -3.076767343
205.000000000 -3.060109524
204.000000000 -2.783306745
203.000000000 -3.348697602
202.000000000 -2.374784363
201.000000000 -2.067397866
200.000000000 -1.484994591
199.000000000 -0.603796565
198.000000000 1.133629098
197.000000000 1.986774464
196.000000000 1.993527241
195.000000000 3.221662868
194.000000000 7.264766951
193.000000000 -0.163477851
192.000000000 8.989831641
191.000000000 9.604929374
190.000000000 22.663381876
