250.000000000 -0.731369672
249.000000000 -0.569917924
248.000000000 -0.605523333
247.000000000 -0.608414070
246.000000000 -0.786890850
245.000000000 -0.892673912
244.000000000 -0.847832874
243.000000000 -0.670400381
242.000000000 -0.697183395
241.000000000 -0.991967314
240.000000000 -0.874943257
239.000000000 -1.055888175
238.000000000 -1.279863866
237.000000000 -1.211024879
236.000000000 -1.605006726
235.000000000 -1.350592451
234.000000000 -1.657285965
233.000000000 -1.801651139
232.000000000 -2.196310920
231.000000000 -2.165594912
230.000000000 -2.597624635
229.000000000 -2.695171379
228.000000000 -2.735871364
227.000000000 -3.066765344
226.000000000 -3.080855370
225.000000000 -3.154368443
224.000000000 -3.224654356
223.000000000 -3.539669112
222.000000000 -3.839320077
221.000000000 -3.916699733
220.000000000 -3.957241513
219.000000000 -4.006701720
218.000000000 -4.111814815
217.000000000 -3.791786795
216.000000000 -3.717263835
215.000000000 -4.102733742
214.000000000 -3.967215416
213.000000000 -4.104139904
212.000000000 -4.123695812
211.000000000 -4.334254958
210.000000000 -4.238493276
209.000000000 -3.888269406
208.000000000 -4.059668265
207.000000000 -3.477407673
206.000000000 -3.897471223
205.000000000 -2.808031605
204.000000000 -3.054560158
203.000000000 -2.881999999
202.000000000 -2.505461774
201.000000000 -1.650825566
200.000000000 -0.446401633
199.000000000 -0.491063154
198.000000000 0.456264592
197.000000000 1.280821774
196.000000000 1.614220076
195.000000000 2.507515397
194.000000000 2.220714528
193.000000000 1.661721830
192.000000000 3.339697990
191.000000000 2.453430815
190.000000000 1.458630114
