250.000000000 -0.583927187
249.000000000 -0.956558875
248.000000000 -0.702895565
247.000000000 -1.037092391
246.000000000 -0.902904206
245.000000000 -0.940822420
244.000000000 -1.046125693
243.000000000 -1.108646743
242.000000000 -1.251473446
241.000000000 -1.281392145
240.000000000 -1.543443297
239.000000000 -1.880001065
238.000000000 -1.728695438
237.000000000 -2.348587242
236.000000000 -2.386209162
235.000000000 -2.650384871
234.000000000 -2.887204645
233.000000000 -3.228875327
232.000000000 -3.366216196
231.000000000 -4.000568888
230.000000000 -4.265499437
229.000000000 -4.819543748
228.000000000 -4.633442079
227.000000000 -5.220938585
226.000000000 -5.246408298
225.000000000 -5.628021595
224.000000000 -5.540349608
223.000000000 -6.007002318
222.000000000 -5.551166126
221.000000000 -5.512062363
220.000000000 -5.537918206
219.000000000 -5.633851891
218.000000000 -5.299033183
217.000000000 -5.314185205
216.000000000 -5.348623684
215.000000000 -5.667837114
214.000000000 -5.593952328
213.000000000 -5.536123737
212.000000000 -5.773367685
211.000000000 -5.461749675
210.000000000 -5.635448924
209.000000000 -5.526224557
208.000000000 -5.344617036
207.000000000 -3.728237098
206.000000000 -3.454476821
205.000000000 -3.005805933
204.000000000 -1.703105936
203.000000000 -0.626230708
202.000000000 0.455425280
201.000000000 1.897884161
200.000000000 4.066202898
199.000000000 5.868479704
198.000000000 7.122739171
197.000000000 7.520978374
196.000000000 8.259643322
195.000000000 9.537674747
194.000000000 8.256556691
193.000000000 8.768274211
192.000000000 8.282451516
191.000000000 10.117883453
190.000000000 9.298010889
