250.000000000 -0.606301543
249.000000000 -0.853938752
248.000000000 -0.658923436
247.000000000 -0.735238284
246.000000000 -0.767739045
245.000000000 -0.869339393
244.000000000 -0.462779203
243.000000000 -0.895620016
242.000000000 -1.186959858
241.000000000 -1.168240572
240.000000000 -1.112996773
239.000000000 -1.064925960
238.000000000 -1.214685484
237.000000000 -1.620656237
236.000000000 -1.563512140
235.000000000 -1.928427438
234.000000000 -1.849420120
233.000000000 -2.140644984
232.000000000 -2.208060570
231.000000000 -2.382533330
230.000000000 -2.576627065
229.000000000 -2.684645435
228.000000000 -2.879853168
227.000000000 -3.120315669
226.000000000 -2.836019646
225.000000000 -3.487834179
224.000000000 -3.350397544
223.000000000 -3.722408430
222.000000000 -3.633408104
221.000000000 -4.030929955
220.000000000 -3.946299770
219.000000000 -4.019638841
218.000000000 -3.685906546
217.000000000 -3.935115389
216.000000000 -3.785415532
215.000000000 -3.859465465
214.000000000 -4.135772798
213.000000000 -4.172763458
212.000000000 -3.869128818
211.000000000 -4.295594637
210.000000000 -3.640862033
209.000000000 -3.478680844
208.000000000 -3.740144394
207.000000000 -4.174725656
206.000000000 -3.418337252
205.000000000 -3.285322055
204.000000000 -3.142164631
203.000000000 -2.609463048
202.000000000 -1.666421381
201.000000000 -1.088142857
200.000000000 -1.112207926
199.000000000 0.389687627
198.000000000 -0.201179827
197.000000000 1.159950947
196.000000000 1.422921758
195.000000000 2.524408529
194.000000000 2.387734292
193.000000000 4.668029729
192.000000000 -4.300148201
191.000000000 12.352530418
190.000000000 -0.075341318
