250.000000000 -0.629332697
249.000000000 -0.543644682
248.000000000 -0.815308951
247.000000000 -0.757543839
246.000000000 -0.839860863
245.000000000 -0.879517922
244.000000000 -0.833220471
243.000000000 -1.073924543
242.000000000 -1.121993002
241.000000000 -0.652692248
240.000000000 -1.093747157
239.000000000 -0.967173062
238.000000000 -1.533014967
237.000000000 -1.340731581
236.000000000 -1.620563757
235.000000000 -1.900077231
234.000000000 -1.904641099
233.000000000 -2.156078556
232.000000000 -2.535810426
231.000000000 -2.381934504
230.000000000 -2.509130492
229.000000000 -2.699006962
228.000000000 -2.757072924
227.000000000 -3.272533790
226.000000000 -3.125652386
225.000000000 -3.538574421
224.000000000 -3.592390799
223.000000000 -4.012523003
222.000000000 -3.972519960
221.000000000 -4.130037621
220.000000000 -3.861839093
219.000000000 -4.384714266
218.000000000 -3.912084063
217.000000000 -3.910376525
216.000000000 -4.090072084
215.000000000 -3.950978059
214.000000000 -4.276105640
213.000000000 -4.062814793
212.000000000 -3.576558817
211.000000000 -3.982606593
210.000000000 -3.820072199
209.000000000 -4.147204593
208.000000000 -4.034006674
207.000000000 -4.341038926
206.000000000 -3.105641596
205.000000000 -3.583317228
204.000000000 -2.851533436
203.000000000 -2.837860223
202.000000000 -2.147664420
201.000000000 -1.282586869
200.000000000 -0.703715478
199.000000000 -0.371570733
198.000000000 0.422068747
197.000000000 2.630513867
196.000000000 2.675306691
195.000000000 3.453956279
194.000000000 1.357587228
193.000000000 3.271143886
192.000000000 -1.206010640
191.000000000 -0.695567968
190.000000000 16.012068116
