250.000000000 -0.840219951
249.000000000 -0.808842738
248.000000000 -1.088795143
247.000000000 -0.799916985
246.000000000 -1.317404944
245.000000000 -0.906946508
244.000000000 -0.992758093
243.000000000 -1.104012485
242.000000000 -1.313826226
241.000000000 -1.553106851
240.000000000 -1.449411025
239.000000000 -1.634262891
238.000000000 -1.802389436
237.000000000 -2.193791951
236.000000000 -2.599749567
235.000000000 -2.761447078
234.000000000 -3.265313914
233.000000000 -3.622138886
232.000000000 -3.952536881
231.000000000 -4.022878258
230.000000000 -4.494789461
229.000000000 -4.281732782
228.000000000 -4.880692125
227.000000000 -5.125616156
226.000000000 -5.128893158
225.000000000 -5.567679848
224.000000000 -5.958715591
223.000000000 -5.637562651
222.000000000 -5.864678000
221.000000000 -5.716294397
220.000000000 -5.822576870
219.000000000 -5.698221457
218.000000000 -5.256041528
217.000000000 -5.533855918
216.000000000 -5.388617522
215.000000000 -5.501373514
214.000000000 -5.517944379
213.000000000 -5.087699073
212.000000000 -5.302436123
211.000000000 -5.859517777
210.000000000 -5.647234698
209.000000000 -4.886866765
208.000000000 -4.483089688
207.000000000 -4.232718386
206.000000000 -3.306582148
205.000000000 -2.720368758
204.000000000 -1.510545638
203.000000000 -1.056586039
202.000000000 0.631985402
201.000000000 1.685243795
200.000000000 3.637761258
199.000000000 6.122608730
198.000000000 6.183148217
197.000000000 8.561438496
196.000000000 9.601335603
195.000000000 7.623694485
194.000000000 8.037898364
193.000000000 7.932794110
192.000000000 6.529395359
191.000000000 4.312583809
190.000000000 4.840797390
