250.000000000 -0.614407421
249.000000000 -0.582236675
248.000000000 -0.464887173
247.000000000 -0.683839157
246.000000000 -0.676135450
245.000000000 -0.683513721
244.000000000 -0.586008908
243.000000000 -0.908428532
242.000000000 -0.932528254
241.000000000 -0.855738759
240.000000000 -1.175050045
239.000000000 -0.971822973
238.000000000 -1.160090876
237.000000000 -1.219043701
236.000000000 -1.464862385
235.000000000 -1.859245717
234.000000000 -1.761288890
233.000000000 -2.201507118
232.000000000 -2.196100451
231.000000000 -2.177627239
230.000000000 -2.598530335
229.000000000 -2.749630233
228.000000000 -2.643688508
227.000000000 -2.694162089
226.000000000 -3.260413440
225.000000000 -3.223587364
224.000000000 -3.378941453
223.000000000 -3.653112526
222.000000000 -3.610225422
221.000000000 -4.122247210
220.000000000 -3.994536073
219.000000000 -4.239171697
218.000000000 -3.798703590
217.000000000 -4.246591706
216.000000000 -4.069272097
215.000000000 -4.175468335
214.000000000 -4.208228412
213.000000000 -4.220129763
212.000000000 -4.222492216
211.000000000 -4.346038383
210.000000000 -4.153990958
209.000000000 -4.242809671
208.000000000 -3.938278265
207.000000000 -3.516070286
206.000000000 -4.213297504
205.000000000 -3.345454887
204.000000000 -2.649072001
203.000000000 -2.887074684
202.000000000 -2.912570868
201.000000000 -1.546802956
200.000000000 -1.408383961
199.000000000 -0.793328769
198.000000000 0.816483065
197.000000000 1.797859289
196.000000000 1.470434321
195.000000000 3.145390304
194.000000000 2.237461794
193.000000000 2.754458583
192.000000000 3.184306129
191.000000000 5.425254645
190.000000000 1.561317465
