250.000000000 -0.716575570
249.000000000 -0.801009609
248.000000000 -1.083030629
247.000000000 -0.940442515
246.000000000 -0.926209251
245.000000000 -0.771516707
244.000000000 -1.033536102
243.000000000 -1.018642566
242.000000000 -1.062838352
241.000000000 -1.114956220
240.000000000 -1.092076908
239.000000000 -1.446232842
238.000000000 -1.448357889
237.000000000 -1.858834790
236.000000000 -1.816014075
235.000000000 -2.168709699
234.000000000 -2.234203750
233.000000000 -2.414303708
232.000000000 -2.995769807
231.000000000 -2.955004849
230.000000000 -3.247799611
229.000000000 -3.317712186
228.000000000 -3.792977190
227.000000000 -3.722089941
226.000000000 -3.996335522
225.000000000 -3.902718812
224.000000000 -4.264233265
223.000000000 -4.060753260
222.000000000 -4.382527615
221.000000000 -4.266109163
220.000000000 -4.624031853
219.000000000 -4.754942101
218.000000000 -4.518908777
217.000000000 -4.162400697
216.000000000 -4.416791374
215.000000000 -4.413965184
214.000000000 -4.638556252
213.000000000 -4.793675373
212.000000000 -4.737959204
211.000000000 -4.408780563
210.000000000 -4.413806585
209.000000000 -4.630961617
208.000000000 -4.364334447
207.000000000 -4.113951284
206.000000000 -4.327522616
205.000000000 -3.415475958
204.000000000 -3.303109625
203.000000000 -2.710691608
202.000000000 -1.689606304
201.000000000 -1.156706443
200.000000000 -0.184421628
199.000000000 1.240173794
198.000000000 1.363462435
197.000000000 2.727042428
196.000000000 3.045304312
195.000000000 1.396737134
194.000000000 1.735935692
193.000000000 5.210760001
192.000000000 6.772738422
191.000000000 -6.960142583
190.000000000 -8.276865932
