250.000000000 -0.693872908
249.000000000 -0.564325829
248.000000000 -0.989515912
247.000000000 -0.814587707
246.000000000 -0.745333152
245.000000000 -0.914993860
244.000000000 -0.993831611
243.000000000 -0.804932505
242.000000000 -0.837334606
241.000000000 -1.002531601
240.000000000 -1.177150869
239.000000000 -0.982192205
238.000000000 -1.445655309
237.000000000 -1.169738542
236.000000000 -1.568016887
235.000000000 -1.648709221
234.000000000 -2.161439273
233.000000000 -2.109788027
232.000000000 -2.084423776
231.000000000 -2.223082876
230.000000000 -2.395674163
229.000000000 -2.608879014
228.000000000 -2.914574575
227.000000000 -2.756531324
226.000000000 -3.322290858
225.000000000 -3.544054560
224.000000000 -3.495750255
223.000000000 -3.571009329
222.000000000 -3.663502226
221.000000000 -3.859172447
220.000000000 -3.878387067
219.000000000 -3.831995063
218.000000000 -4.110988319
217.000000000 -4.195384480
216.000000000 -4.106037451
215.000000000 -4.051082740
214.000000000 -4.558458150
213.000000000 -4.109971457
212.000000000 -4.139711918
211.000000000 -3.740883521
210.000000000 -3.985328982
209.000000000 -4.271354141
208.000000000 -4.019217641
207.000000000 -4.539852434
206.000000000 -3.396886423
205.000000000 -3.460206647
204.000000000 -2.319421508
203.000000000 -2.407781111
202.000000000 -2.528991598
201.000000000 -1.525162557
200.000000000 -0.623392447
199.000000000 -0.597480971
198.000000000 0.710693507
197.000000000 1.412079285
196.000000000 1.716601647
195.000000000 2.901073157
194.000000000 5.103397080
193.000000000 2.377435287
192.000000000 3.448380854
191.000000000 -3.276756995
190.000000000 0.689249884
