250.000000000 -0.693802975
249.000000000 -0.738734172
248.000000000 -0.445703816
247.000000000 -0.600100964
246.000000000 -0.669081272
245.000000000 -0.627232597
244.000000000 -0.950009209
243.000000000 -0.695087543
242.000000000 -0.887161429
241.000000000 -0.949334602
240.000000000 -1.065672612
239.000000000 -1.317758785
238.000000000 -1.105416867
237.000000000 -1.354006653
236.000000000 -1.604891683
235.000000000 -1.674461325
234.000000000 -1.722839412
233.000000000 -2.015215088
232.000000000 -2.065884687
231.000000000 -2.378123254
230.000000000 -2.627368446
229.000000000 -2.709841455
228.000000000 -2.779575171
227.000000000 -3.047878521
226.000000000 -3.027002157
225.000000000 -3.326541100
224.000000000 -3.447999682
223.000000000 -3.422055859
222.000000000 -3.574775927
221.000000000 -3.510716720
220.000000000 -3.609188892
219.000000000 -3.883326084
218.000000000 -3.724436194
217.000000000 -3.563290712
216.000000000 -3.589282985
215.000000000 -3.888326358
214.000000000 -3.922669075
213.000000000 -3.517466021
212.000000000 -3.610528955
211.000000000 -3.685391052
210.000000000 -3.619361857
209.000000000 -3.597562638
208.000000000 -2.900743071
207.000000000 -2.973367233
206.000000000 -2.255775978
205.000000000 -2.655144848
204.000000000 -2.735457342
203.000000000 -2.807554472
202.000000000 -1.648630024
201.000000000 -0.587816035
200.000000000 -0.756059669
199.000000000 -0.531886124
198.000000000 -1.198857914
197.000000000 0.012210946
196.000000000 5.163155718
195.000000000 6.080621381
194.000000000 2.693596475
193.000000000 2.736139274
192.000000000 -3.184991831
191.000000000 29.250739752
190.000000000 -3.922276065
