250.000000000 -0.630308201
249.000000000 -0.826393977
248.000000000 -0.675581998
247.000000000 -0.715458237
246.000000000 -0.857244245
245.000000000 -0.734285211
244.000000000 -1.017645972
243.000000000 -0.983860689
242.000000000 -1.003139139
241.000000000 -0.970919224
240.000000000 -1.014583762
239.000000000 -1.155241457
238.000000000 -1.336939341
237.000000000 -1.470953977
236.000000000 -1.642640239
235.000000000 -1.904831837
234.000000000 -1.948763037
233.000000000 -1.744628408
232.000000000 -2.268776740
231.000000000 -2.681623467
230.000000000 -2.630098832
229.000000000 -2.732561061
228.000000000 -2.920779858
227.000000000 -2.875376314
226.000000000 -3.234632590
225.000000000 -3.315658897
224.000000000 -3.587311043
223.000000000 -3.465304525
222.000000000 -3.698616301
221.000000000 -3.877300193
220.000000000 -3.704715392
219.000000000 -3.797768830
218.000000000 -4.029370816
217.000000000 -4.105624574
216.000000000 -3.918651545
215.000000000 -3.907895514
214.000000000 -3.711188762
213.000000000 -3.910439353
212.000000000 -4.026917160
211.000000000 -4.124312485
210.000000000 -4.021001909
209.000000000 -4.087235407
208.000000000 -4.125408466
207.000000000 -4.206004299
206.000000000 -3.652141982
205.000000000 -3.278555326
204.000000000 -3.230205122
203.000000000 -2.230459031
202.000000000 -2.018165670
201.000000000 -1.246962959
200.000000000 -1.203477927
199.000000000 0.540896343
198.000000000 -0.207933849
197.000000000 1.313651156
196.000000000 0.373730273
195.000000000 2.604472391
194.000000000 1.196926641
193.000000000 6.283541346
192.000000000 4.553491388
191.000000000 2.762258146
190.000000000 15.980158386
