250.000000000 -0.761307259
249.000000000 -0.809036380
248.000000000 -0.665139096
247.000000000 -0.658177941
246.000000000 -0.761072252
245.000000000 -0.975182274
244.000000000 -0.740336917
243.000000000 -0.844469033
242.000000000 -0.942065297
241.000000000 -1.164367273
240.000000000 -0.978898865
239.000000000 -0.970926653
238.000000000 -1.357040084
237.000000000 -1.615185319
236.000000000 -1.615206677
235.000000000 -2.045048602
234.000000000 -1.655734131
233.000000000 -2.126930701
232.000000000 -2.486403887
231.000000000 -2.613818260
230.000000000 -2.317662394
229.000000000 -2.584166785
228.000000000 -2.845893435
227.000000000 -3.073074359
226.000000000 -3.087678814
225.000000000 -3.493355058
224.000000000 -3.458170567
223.000000000 -3.528518400
222.000000000 -3.737314479
221.000000000 -4.039784650
220.000000000 -3.833685978
219.000000000 -3.748771205
218.000000000 -4.172466950
217.000000000 -4.038202325
216.000000000 -3.931039624
215.000000000 -4.208223888
214.000000000 -3.633502975
213.000000000 -3.737655538
212.000000000 -3.583674975
211.000000000 -3.521718549
210.000000000 -3.766011459
209.000000000 -3.852979891
208.000000000 -3.699152414
207.000000000 -3.214447073
206.000000000 -2.588706692
205.000000000 -3.287284345
204.000000000 -2.308960499
203.000000000 -1.903073047
202.000000000 -1.713789831
201.000000000 -0.868442090
200.000000000 -0.617925915
199.000000000 -0.265420730
198.000000000 0.937422833
197.000000000 -0.491485524
196.000000000 1.758134674
195.000000000 0.425025945
194.000000000 4.141789480
193.000000000 4.162630821
192.000000000 24.849288527
191.000000000 4.689328754
190.000000000 2.847435686
