250.000000000 -0.772571991
249.000000000 -0.606989701
248.000000000 -0.802550244
247.000000000 -0.579354318
246.000000000 -0.591866195
245.000000000 -0.741424253
244.000000000 -1.027252171
243.000000000 -0.868084752
242.000000000 -0.930356209
241.000000000 -1.194011679
240.000000000 -1.040945566
239.000000000 -1.138051651
238.000000000 -1.335207353
237.000000000 -1.658632904
236.000000000 -1.328572169
235.000000000 -1.585468997
234.000000000 -1.835823398
233.000000000 -2.091173032
232.000000000 -2.328414709
231.000000000 -2.356315437
230.000000000 -2.547731159
229.000000000 -2.598337990
228.000000000 -2.997757071
227.000000000 -3.001172022
226.000000000 -3.309278037
225.000000000 -3.199523401
224.000000000 -3.934039386
223.000000000 -3.799951002
222.000000000 -3.594986692
221.000000000 -3.892466680
220.000000000 -3.756779819
219.000000000 -4.119588214
218.000000000 -3.656154130
217.000000000 -4.156748711
216.000000000 -3.854134787
215.000000000 -3.830999219
214.000000000 -3.927181108
213.000000000 -4.230917104
212.000000000 -4.200480725
211.000000000 -3.763391856
210.000000000 -3.754326529
209.000000000 -3.757166324
208.000000000 -4.268306078
207.000000000 -3.333602548
206.000000000 -3.274255366
205.000000000 -2.947910192
204.000000000 -2.965171372
203.000000000 -2.556699275
202.000000000 -1.871470146
201.000000000 -1.228974776
200.000000000 -0.329037286
199.000000000 0.181725668
198.000000000 0.750372197
197.000000000 -0.279760177
196.000000000 3.812802025
195.000000000 5.148591433
194.000000000 0.347919387
193.000000000 2.775253234
192.000000000 14.298048113
191.000000000 3.935037613
190.000000000 51.508163523
