250.000000000 -0.555254575
249.000000000 -0.645575901
248.000000000 -0.627580504
247.000000000 -0.760947300
246.000000000 -0.599388574
245.000000000 -0.525931182
244.000000000 -0.666392729
243.000000000 -0.681385878
242.000000000 -0.736396668
241.000000000 -0.646861758
240.000000000 -0.917983969
239.000000000 -1.278413785
238.000000000 -0.976401943
237.000000000 -1.077571153
236.000000000 -1.453097467
235.000000000 -1.436367565
234.000000000 -1.697060543
233.000000000 -1.870578163
232.000000000 -1.869990977
231.000000000 -2.328925782
230.000000000 -2.431822040
229.000000000 -3.080471035
228.000000000 -2.713319052
227.000000000 -2.854737992
226.000000000 -2.901997617
225.000000000 -3.493339947
224.000000000 -3.578297876
223.000000000 -3.864990981
222.000000000 -3.401763818
221.000000000 -3.533770626
220.000000000 -3.825363665
219.000000000 -3.835413810
218.000000000 -3.815018003
217.000000000 -4.134683338
216.000000000 -4.212015585
215.000000000 -4.301263777
214.000000000 -3.929648280
213.000000000 -4.133537360
212.000000000 -4.392408650
211.000000000 -4.304789358
210.000000000 -4.616632183
209.000000000 -4.311191334
208.000000000 -3.987644676
207.000000000 -4.053140096
206.000000000 -3.397998764
205.000000000 -3.669260070
204.000000000 -3.293090258
203.000000000 -2.501903190
202.000000000 -1.622005115
201.000000000 -1.597406606
200.000000000 -0.963960111
199.000000000 -0.133109231
198.000000000 0.837827950
197.000000000 0.538629994
196.000000000 1.964295206
195.000000000 2.402746103
194.000000000 1.180837014
193.000000000 3.170824083
192.000000000 3.761838183
191.000000000 1.301190427
190.000000000 2.431477279
