250.000000000 -0.694785053
249.000000000 -1.012717430
248.000000000 -0.918603355
247.000000000 -0.873570872
246.000000000 -0.983306764
245.000000000 -0.896436193
244.000000000 -0.941029174
243.000000000 -1.129514451
242.000000000 -0.997969740
241.000000000 -1.001568750
240.000000000 -1.281254428
239.000000000 -1.134463251
238.000000000 -1.645121153
237.000000000 -1.523227650
236.000000000 -1.768567976
235.000000000 -1.922384094
234.000000000 -2.165093314
233.000000000 -2.303670123
232.000000000 -2.377039075
231.000000000 -2.797472036
230.000000000 -2.900956038
229.000000000 -2.737667473
228.000000000 -2.945787883
227.000000000 -3.381352602
226.000000000 -3.321145876
225.000000000 -3.727898462
224.000000000 -3.906608470
223.000000000 -3.872520677
222.000000000 -3.843785227
221.000000000 -3.706201057
220.000000000 -4.120434857
219.000000000 -4.492246689
218.000000000 -4.492306454
217.000000000 -4.081428226
216.000000000 -3.924133868
215.000000000 -4.148366451
214.000000000 -4.166842200
213.000000000 -3.779636707
212.000000000 -4.081882092
211.000000000 -4.378242894
210.000000000 -4.004021370
209.000000000 -4.650163958
208.000000000 -3.913377675
207.000000000 -3.625240920
206.000000000 -3.223282384
205.000000000 -3.228065024
204.000000000 -2.470779968
203.000000000 -2.305440090
202.000000000 -1.930020367
201.000000000 -0.935497415
200.000000000 0.021204251
199.000000000 0.363616926
198.000000000 1.887231853
197.000000000 2.855642617
196.000000000 2.977397929
195.000000000 7.110091792
194.000000000 9.928210203
193.000000000 5.781492317
192.000000000 10.755683062
191.000000000 -21.175366527
190.000000000 -0.178357211
