250.000000000 -0.598325560
249.000000000 -0.830830106
248.000000000 -1.118834377
247.000000000 -0.798790452
246.000000000 -0.887078580
245.000000000 -0.920875522
244.000000000 -0.788069737
243.000000000 -0.982169301
242.000000000 -1.167490011
241.000000000 -1.412009939
240.000000000 -1.400953437
239.000000000 -1.908104122
238.000000000 -1.957386795
237.000000000 -2.068295834
236.000000000 -2.182590727
235.000000000 -2.813288279
234.000000000 -3.077768562
233.000000000 -3.541188659
232.000000000 -3.586974591
231.000000000 -3.897603578
230.000000000 -4.070109655
229.000000000 -4.795786941
228.000000000 -4.733298813
227.000000000 -4.935219271
226.000000000 -5.242691948
225.000000000 -5.797262336
224.000000000 -5.859407791
223.000000000 -5.948242697
222.000000000 -5.773649136
221.000000000 -5.603737451
220.000000000 -5.740741022
219.000000000 -5.689226821
218.000000000 -5.513482631
217.000000000 -5.111049726
216.000000000 -5.653826417
215.000000000 -5.385205009
214.000000000 -5.654143356
213.000000000 -5.497216607
212.000000000 -5.327108591
211.000000000 -5.461377206
210.000000000 -4.986023123
209.000000000 -5.498951821
208.000000000 -5.060380393
207.000000000 -4.122852347
206.000000000 -3.276221191
205.000000000 -2.370176179
204.000000000 -1.190390918
203.000000000 -0.611250635
202.000000000 0.406467195
201.000000000 2.411012302
200.000000000 4.327639891
199.000000000 6.210724099
198.000000000 6.979840681
197.000000000 8.325619291
196.000000000 9.487004851
195.000000000 8.567871122
194.000000000 8.342860449
193.000000000 8.579760201
192.000000000 5.625211914
191.000000000 8.327616978
190.000000000 12.075867329
