250.000000000 -0.838039946
249.000000000 -0.828432739
248.000000000 -0.561105415
247.000000000 -0.880788942
246.000000000 -0.589346627
245.000000000 -0.854859138
244.000000000 -0.882913176
243.000000000 -0.920407989
242.000000000 -0.722997424
241.000000000 -0.997920021
240.000000000 -0.992294049
239.000000000 -1.319037699
238.000000000 -1.342649578
237.000000000 -1.165603167
236.000000000 -1.633681141
235.000000000 -1.459163112
234.000000000 -1.523211274
233.000000000 -2.071583373
232.000000000 -2.003441264
231.000000000 -2.404763544
230.000000000 -2.515647776
229.000000000 -2.653822255
228.000000000 -2.723311951
227.000000000 -2.944627489
226.000000000 -3.021163610
225.000000000 -3.210101355
224.000000000 -3.376624172
223.000000000 -3.386361050
222.000000000 -3.605300495
221.000000000 -3.972220063
220.000000000 -3.596646185
219.000000000 -3.659926375
218.000000000 -3.675782307
217.000000000 -3.872991077
216.000000000 -3.616952039
215.000000000 -3.558372791
214.000000000 -3.858524466
213.000000000 -3.943371023
212.000000000 -3.748986687
211.000000000 -3.614829368
210.000000000 -3.355781572
209.000000000 -3.878051373
208.000000000 -2.900258381
207.000000000 -3.430762648
206.000000000 -3.140085593
205.000000000 -2.757900820
204.000000000 -2.085621405
203.000000000 -2.579509425
202.000000000 -0.894854455
201.000000000 -1.209087112
200.000000000 -1.811431858
199.000000000 0.929395166
198.000000000 2.192271213
197.000000000 1.021301477
196.000000000 0.809925463
195.000000000 0.079676564
194.000000000 7.920742498
193.000000000 14.880882278
192.000000000 -6.359708898
191.000000000 -1.649298283
190.000000000 -14.723380425
