260.000000000 451.136840820
259.000000000 451.136840820
258.000000000 451.136840820
257.000000000 451.136840820
256.000000000 451.136840820
255.000000000 451.136840820
254.000000000 451.136840820
253.000000000 451.136840820
252.000000000 451.136840820
251.000000000 451.136840820
250.000000000 451.136840820
249.000000000 451.136840820
248.000000000 451.136840820
247.000000000 451.136840820
246.000000000 451.136840820
245.000000000 451.136840820
244.000000000 451.136840820
243.000000000 451.136840820
242.000000000 451.136840820
241.000000000 451.136840820
240.000000000 451.136840820
239.000000000 451.136840820
238.000000000 451.136840820
237.000000000 451.136840820
236.000000000 472.826232910
235.000000000 472.826232910
234.000000000 472.826232910
233.000000000 472.826232910
232.000000000 472.826232910
231.000000000 472.826232910
230.000000000 472.826232910
229.000000000 472.826232910
228.000000000 472.826232910
227.000000000 472.826232910
226.000000000 472.826232910
225.000000000 472.826232910
224.000000000 472.826232910
223.000000000 472.826232910
222.000000000 472.826232910
221.000000000 472.826232910
220.000000000 495.469512939
219.000000000 495.469512939
218.000000000 495.469512939
217.000000000 495.469512939
216.000000000 495.469512939
215.000000000 495.469512939
214.000000000 495.469512939
213.000000000 495.469512939
212.000000000 495.469512939
211.000000000 495.469512939
210.000000000 495.469512939
209.000000000 495.469512939
208.000000000 495.469512939
207.000000000 520.400512695
206.000000000 520.400512695
205.000000000 520.400512695
204.000000000 520.400512695
203.000000000 520.400512695
202.000000000 520.400512695
201.000000000 520.400512695
200.000000000 520.400512695
199.000000000 520.400512695
198.000000000 520.400512695
197.000000000 520.400512695
196.000000000 520.400512695
195.000000000 520.400512695
194.000000000 520.400512695
193.000000000 520.400512695
192.000000000 520.400512695
191.000000000 520.400512695
190.000000000 520.400512695
