260.000000000 488.680480957
259.000000000 488.680480957
258.000000000 488.680480957
257.000000000 488.680480957
256.000000000 488.680480957
255.000000000 488.680480957
254.000000000 488.680480957
253.000000000 488.680480957
252.000000000 488.680480957
251.000000000 488.680480957
250.000000000 488.680480957
249.000000000 488.680480957
248.000000000 488.680480957
247.000000000 488.680480957
246.000000000 488.680480957
245.000000000 488.680480957
244.000000000 488.680480957
243.000000000 488.680480957
242.000000000 488.680480957
241.000000000 488.680480957
240.000000000 488.680480957
239.000000000 513.281005859
238.000000000 513.281005859
237.000000000 513.281005859
236.000000000 513.281005859
235.000000000 513.281005859
234.000000000 513.281005859
233.000000000 513.281005859
232.000000000 513.281005859
231.000000000 513.281005859
230.000000000 513.281005859
229.000000000 513.281005859
228.000000000 513.281005859
227.000000000 513.281005859
226.000000000 513.281005859
225.000000000 513.281005859
224.000000000 539.284729004
223.000000000 539.284729004
222.000000000 539.284729004
221.000000000 539.284729004
220.000000000 539.284729004
219.000000000 539.284729004
218.000000000 539.284729004
217.000000000 539.284729004
216.000000000 539.284729004
215.000000000 539.284729004
214.000000000 539.284729004
213.000000000 539.284729004
212.000000000 539.284729004
211.000000000 566.095703125
210.000000000 566.095703125
209.000000000 566.095703125
208.000000000 566.095703125
207.000000000 566.095703125
206.000000000 566.095703125
205.000000000 566.095703125
204.000000000 566.095703125
203.000000000 566.095703125
202.000000000 593.554504395
201.000000000 593.554504395
200.000000000 593.554504395
199.000000000 593.554504395
198.000000000 593.554504395
197.000000000 593.554504395
196.000000000 593.554504395
195.000000000 593.554504395
194.000000000 593.554504395
193.000000000 593.554504395
192.000000000 573.177246094
191.000000000 573.177246094
190.000000000 573.177246094
