260.000000000 488.680480957
259.000000000 488.680480957
258.000000000 488.680480957
257.000000000 488.680480957
256.000000000 488.680480957
255.000000000 488.680480957
254.000000000 488.680480957
253.000000000 488.680480957
252.000000000 488.680480957
251.000000000 488.680480957
250.000000000 488.680480957
249.000000000 488.680480957
248.000000000 488.680480957
247.000000000 488.680480957
246.000000000 488.680480957
245.000000000 488.680480957
244.000000000 488.680480957
243.000000000 488.680480957
242.000000000 488.680480957
241.000000000 488.680480957
240.000000000 488.680480957
239.000000000 513.212646484
238.000000000 513.212646484
237.000000000 513.212646484
236.000000000 513.212646484
235.000000000 513.212646484
234.000000000 513.212646484
233.000000000 513.212646484
232.000000000 513.212646484
231.000000000 513.212646484
230.000000000 513.212646484
229.000000000 513.212646484
228.000000000 513.212646484
227.000000000 513.212646484
226.000000000 513.212646484
225.000000000 513.212646484
224.000000000 538.893493652
223.000000000 538.893493652
222.000000000 538.893493652
221.000000000 538.893493652
220.000000000 538.893493652
219.000000000 538.893493652
218.000000000 538.893493652
217.000000000 538.893493652
216.000000000 538.893493652
215.000000000 538.893493652
214.000000000 538.893493652
213.000000000 538.893493652
212.000000000 538.893493652
211.000000000 566.475341797
210.000000000 566.475341797
209.000000000 566.475341797
208.000000000 566.475341797
207.000000000 566.475341797
206.000000000 566.475341797
205.000000000 566.475341797
204.000000000 566.475341797
203.000000000 593.900573730
202.000000000 593.900573730
201.000000000 593.900573730
200.000000000 593.900573730
199.000000000 593.900573730
198.000000000 593.900573730
197.000000000 593.900573730
196.000000000 593.900573730
195.000000000 593.900573730
194.000000000 593.900573730
193.000000000 593.900573730
192.000000000 573.010986328
191.000000000 573.010986328
190.000000000 573.010986328
