260.000000000 451.136840820
259.000000000 451.136840820
258.000000000 451.136840820
257.000000000 451.136840820
256.000000000 451.136840820
255.000000000 451.136840820
254.000000000 451.136840820
253.000000000 451.136840820
252.000000000 451.136840820
251.000000000 451.136840820
250.000000000 451.136840820
249.000000000 451.136840820
248.000000000 451.136840820
247.000000000 451.136840820
246.000000000 451.136840820
245.000000000 451.136840820
244.000000000 451.136840820
243.000000000 451.136840820
242.000000000 451.136840820
241.000000000 451.136840820
240.000000000 451.136840820
239.000000000 451.136840820
238.000000000 451.136840820
237.000000000 451.136840820
236.000000000 473.427429199
235.000000000 473.427429199
234.000000000 473.427429199
233.000000000 473.427429199
232.000000000 473.427429199
231.000000000 473.427429199
230.000000000 473.427429199
229.000000000 473.427429199
228.000000000 473.427429199
227.000000000 473.427429199
226.000000000 473.427429199
225.000000000 473.427429199
224.000000000 473.427429199
223.000000000 473.427429199
222.000000000 473.427429199
221.000000000 473.427429199
220.000000000 496.263702393
219.000000000 496.263702393
218.000000000 496.263702393
217.000000000 496.263702393
216.000000000 496.263702393
215.000000000 496.263702393
214.000000000 496.263702393
213.000000000 496.263702393
212.000000000 496.263702393
211.000000000 496.263702393
210.000000000 496.263702393
209.000000000 496.263702393
208.000000000 496.263702393
207.000000000 520.530456543
206.000000000 520.530456543
205.000000000 520.530456543
204.000000000 520.530456543
203.000000000 520.530456543
202.000000000 520.530456543
201.000000000 520.530456543
200.000000000 520.530456543
199.000000000 520.530456543
198.000000000 520.530456543
197.000000000 520.530456543
196.000000000 520.530456543
195.000000000 520.530456543
194.000000000 520.530456543
193.000000000 520.530456543
192.000000000 520.530456543
191.000000000 520.530456543
190.000000000 520.530456543
