260.000000000 488.680480957
259.000000000 488.680480957
258.000000000 488.680480957
257.000000000 488.680480957
256.000000000 488.680480957
255.000000000 488.680480957
254.000000000 488.680480957
253.000000000 488.680480957
252.000000000 488.680480957
251.000000000 488.680480957
250.000000000 488.680480957
249.000000000 488.680480957
248.000000000 488.680480957
247.000000000 488.680480957
246.000000000 488.680480957
245.000000000 488.680480957
244.000000000 488.680480957
243.000000000 488.680480957
242.000000000 488.680480957
241.000000000 488.680480957
240.000000000 514.677734375
239.000000000 514.677734375
238.000000000 514.677734375
237.000000000 514.677734375
236.000000000 514.677734375
235.000000000 514.677734375
234.000000000 514.677734375
233.000000000 514.677734375
232.000000000 514.677734375
231.000000000 514.677734375
230.000000000 514.677734375
229.000000000 514.677734375
228.000000000 514.677734375
227.000000000 514.677734375
226.000000000 514.677734375
225.000000000 514.677734375
224.000000000 539.828796387
223.000000000 539.828796387
222.000000000 539.828796387
221.000000000 539.828796387
220.000000000 539.828796387
219.000000000 539.828796387
218.000000000 539.828796387
217.000000000 539.828796387
216.000000000 539.828796387
215.000000000 539.828796387
214.000000000 539.828796387
213.000000000 539.828796387
212.000000000 539.828796387
211.000000000 539.828796387
210.000000000 572.256042480
209.000000000 572.256042480
208.000000000 572.256042480
207.000000000 572.256042480
206.000000000 572.256042480
205.000000000 572.256042480
204.000000000 572.256042480
203.000000000 572.256042480
202.000000000 572.256042480
201.000000000 572.256042480
200.000000000 572.256042480
199.000000000 572.256042480
198.000000000 572.256042480
197.000000000 572.256042480
196.000000000 572.256042480
195.000000000 572.256042480
194.000000000 572.256042480
193.000000000 572.256042480
192.000000000 572.256042480
191.000000000 572.256042480
190.000000000 572.256042480
