260.000000000 451.136840820
259.000000000 451.136840820
258.000000000 451.136840820
257.000000000 451.136840820
256.000000000 451.136840820
255.000000000 451.136840820
254.000000000 451.136840820
253.000000000 451.136840820
252.000000000 451.136840820
251.000000000 451.136840820
250.000000000 451.136840820
249.000000000 451.136840820
248.000000000 451.136840820
247.000000000 451.136840820
246.000000000 451.136840820
245.000000000 451.136840820
244.000000000 451.136840820
243.000000000 451.136840820
242.000000000 451.136840820
241.000000000 451.136840820
240.000000000 451.136840820
239.000000000 451.136840820
238.000000000 451.136840820
237.000000000 451.136840820
236.000000000 473.222961426
235.000000000 473.222961426
234.000000000 473.222961426
233.000000000 473.222961426
232.000000000 473.222961426
231.000000000 473.222961426
230.000000000 473.222961426
229.000000000 473.222961426
228.000000000 473.222961426
227.000000000 473.222961426
226.000000000 473.222961426
225.000000000 473.222961426
224.000000000 473.222961426
223.000000000 473.222961426
222.000000000 473.222961426
221.000000000 495.426849365
220.000000000 495.426849365
219.000000000 495.426849365
218.000000000 495.426849365
217.000000000 495.426849365
216.000000000 495.426849365
215.000000000 495.426849365
214.000000000 495.426849365
213.000000000 495.426849365
212.000000000 495.426849365
211.000000000 495.426849365
210.000000000 495.426849365
209.000000000 495.426849365
208.000000000 495.426849365
207.000000000 520.364562988
206.000000000 520.364562988
205.000000000 520.364562988
204.000000000 520.364562988
203.000000000 520.364562988
202.000000000 520.364562988
201.000000000 520.364562988
200.000000000 520.364562988
199.000000000 520.364562988
198.000000000 520.364562988
197.000000000 520.364562988
196.000000000 520.364562988
195.000000000 520.364562988
194.000000000 520.364562988
193.000000000 520.364562988
192.000000000 520.364562988
191.000000000 520.364562988
190.000000000 520.364562988
