260.000000000 -0.828809624
259.000000000 -0.487209766
258.000000000 -1.231857619
257.000000000 0.245703186
256.000000000 -0.185012859
255.000000000 -0.392702108
254.000000000 -0.324374339
253.000000000 -0.897008510
252.000000000 -2.293358776
251.000000000 -1.245170814
250.000000000 -1.588178194
249.000000000 -0.927515189
248.000000000 -0.705456438
247.000000000 -1.297146428
246.000000000 -0.695896505
245.000000000 -1.844415500
244.000000000 -0.384547328
243.000000000 -2.110485484
242.000000000 -1.292885728
241.000000000 -1.688232044
240.000000000 -1.475341412
239.000000000 -1.768643361
238.000000000 -1.071477520
237.000000000 -2.027935654
236.000000000 -0.558737731
235.000000000 -1.497767867
234.000000000 -2.031173437
233.000000000 -2.979044728
232.000000000 -2.081547667
231.000000000 -0.905386426
230.000000000 -1.876161463
229.000000000 -1.554960522
228.000000000 -1.389038716
227.000000000 -0.939013313
226.000000000 -2.558314043
225.000000000 -2.251600755
224.000000000 -1.103467681
223.000000000 -3.746233048
222.000000000 -2.094078663
221.000000000 -4.707878250
220.000000000 -3.374206901
219.000000000 -2.959936389
218.000000000 -2.034562219
217.000000000 -2.637017626
216.000000000 -0.756878066
215.000000000 -4.479531225
214.000000000 -4.482089506
213.000000000 -3.345377475
212.000000000 -2.295343050
211.000000000 -4.290119660
210.000000000 -4.794408679
209.000000000 -2.841244373
208.000000000 -3.789443717
207.000000000 -2.642660966
206.000000000 -2.064496918
205.000000000 -2.930909712
204.000000000 -1.566922327
203.000000000 -2.830206390
202.000000000 -1.448325780
201.000000000 -2.143824053
200.000000000 -3.715694763
199.000000000 -5.300450472
198.000000000 -1.603545776
197.000000000 -4.559733137
196.000000000 -5.013409636
195.000000000 -3.131422655
194.000000000 -3.288462265
193.000000000 -0.333209467
192.000000000 -1.285154636
191.000000000 -6.145920992
190.000000000 -5.679162101
