260.000000000 -0.105339493
259.000000000 -0.261316814
258.000000000 -1.520801395
257.000000000 0.895770319
256.000000000 -2.247140444
255.000000000 -0.188816002
254.000000000 -0.804058120
253.000000000 -0.076191391
252.000000000 -1.228679725
251.000000000 -1.645906222
250.000000000 -1.683319986
249.000000000 -1.987289432
248.000000000 1.206937829
247.000000000 -2.083475679
246.000000000 -1.898286674
245.000000000 -1.401238901
244.000000000 0.184110707
243.000000000 -1.866936327
242.000000000 -1.787716252
241.000000000 -2.444618818
240.000000000 -1.857007685
239.000000000 -0.375783865
238.000000000 -1.429530186
237.000000000 -2.220516802
236.000000000 -2.246551006
235.000000000 -1.170130231
234.000000000 -2.049196392
233.000000000 -1.565226883
232.000000000 -2.627977877
231.000000000 -1.849465490
230.000000000 -2.455183965
229.000000000 -2.342395957
228.000000000 0.146078499
227.000000000 -2.187191096
226.000000000 -2.386870311
225.000000000 -1.856340709
224.000000000 -3.593573169
223.000000000 -0.746714255
222.000000000 -1.832604559
221.000000000 -2.687102638
220.000000000 -3.699925875
219.000000000 -4.479794987
218.000000000 -3.192757033
217.000000000 -4.459889207
216.000000000 -3.625112101
215.000000000 -2.503491628
214.000000000 -2.717155693
213.000000000 -3.607463929
212.000000000 -5.340544415
211.000000000 -3.150471497
210.000000000 -3.660068370
209.000000000 -4.051137405
208.000000000 -3.223185036
207.000000000 -5.591929643
206.000000000 -5.820353789
205.000000000 -2.302756325
204.000000000 -4.466642018
203.000000000 -3.588930621
202.000000000 -2.225284082
201.000000000 -3.106179707
200.000000000 -4.941606161
199.000000000 -2.963391353
198.000000000 -3.419890731
197.000000000 -4.583430524
196.000000000 -3.531447612
195.000000000 -2.672789463
194.000000000 -4.078695082
193.000000000 -1.256345083
192.000000000 -2.488434847
191.000000000 -4.701378683
190.000000000 -4.327747771
