260.000000000 0.654574010
259.000000000 -0.620653637
258.000000000 0.489732750
257.000000000 -0.980967114
256.000000000 -1.726373440
255.000000000 -2.414971602
254.000000000 -1.444727557
253.000000000 -0.223805806
252.000000000 -1.794077563
251.000000000 -2.096710547
250.000000000 -1.357871875
249.000000000 -0.941096750
248.000000000 -1.655634393
247.000000000 0.214918626
246.000000000 -1.167011727
245.000000000 -2.056249225
244.000000000 -1.708765563
243.000000000 -2.666974155
242.000000000 -1.857301989
241.000000000 -0.590509027
240.000000000 -2.580342003
239.000000000 -0.270219527
238.000000000 -1.110415454
237.000000000 -2.035504297
236.000000000 -1.591880446
235.000000000 -2.922745602
234.000000000 -0.470137372
233.000000000 -2.985756510
232.000000000 -0.285644230
231.000000000 -2.344955885
230.000000000 -2.603522001
229.000000000 -0.804319151
228.000000000 -1.758533933
227.000000000 -3.951191150
226.000000000 -1.360342515
225.000000000 -4.078636348
224.000000000 -5.661419979
223.000000000 -4.133810750
222.000000000 -2.223346665
221.000000000 -5.043942261
220.000000000 -2.726955654
219.000000000 -2.911244639
218.000000000 -4.656700145
217.000000000 -3.746994846
216.000000000 -3.821114573
215.000000000 -3.537348275
214.000000000 -1.134063426
213.000000000 -1.744371568
212.000000000 -1.211766631
211.000000000 -1.315324886
210.000000000 -2.953456332
209.000000000 -1.938606164
208.000000000 -5.053815118
207.000000000 -3.144852873
206.000000000 -1.843017736
205.000000000 -3.247561056
204.000000000 -5.317782220
203.000000000 -3.055260255
202.000000000 -0.730765437
201.000000000 -3.515805971
200.000000000 -2.896578754
199.000000000 -2.518848583
198.000000000 -1.158011376
197.000000000 -4.895687141
196.000000000 -3.309818183
195.000000000 -5.196689666
194.000000000 -2.942289745
193.000000000 -4.307841560
192.000000000 -1.386480563
191.000000000 -3.104426984
190.000000000 -0.735387313
