260.000000000 -1.994435850
259.000000000 0.228621824
258.000000000 -0.893392967
257.000000000 -0.977459913
256.000000000 -0.622593107
255.000000000 0.189697194
254.000000000 0.634817146
253.000000000 -0.970691758
252.000000000 -1.031792922
251.000000000 0.643840091
250.000000000 -0.773213727
249.000000000 -2.394209835
248.000000000 -0.965640635
247.000000000 0.045640322
246.000000000 0.740816318
245.000000000 -0.797887133
244.000000000 0.187898327
243.000000000 -1.778787254
242.000000000 -2.022323040
241.000000000 -1.142157093
240.000000000 -0.933184208
239.000000000 -0.407485709
238.000000000 0.327311311
237.000000000 -1.559195657
236.000000000 -1.419446559
235.000000000 -2.352668249
234.000000000 -0.893760485
233.000000000 -1.195226368
232.000000000 -1.608891490
231.000000000 -1.933283016
230.000000000 -2.446281339
229.000000000 -1.278549107
228.000000000 -0.922533225
227.000000000 -2.551815606
226.000000000 -1.440663175
225.000000000 -1.293224600
224.000000000 -2.131665163
223.000000000 -2.635685078
222.000000000 -3.105708381
221.000000000 -2.257199456
220.000000000 -3.236208888
219.000000000 -3.562492990
218.000000000 -3.873186287
217.000000000 -4.163155743
216.000000000 -3.560839298
215.000000000 -3.181632635
214.000000000 -4.627170353
213.000000000 -2.273236716
212.000000000 -2.081097996
211.000000000 -3.630211306
210.000000000 -1.869003214
209.000000000 -5.213229013
208.000000000 -5.174631911
207.000000000 -3.862916179
206.000000000 -8.003140448
205.000000000 -6.090278354
204.000000000 -3.657786904
203.000000000 -4.392747104
202.000000000 -6.823864379
201.000000000 -5.344486775
200.000000000 -4.595841921
199.000000000 -3.692390668
198.000000000 -3.827516361
197.000000000 -2.960924403
196.000000000 -3.988856151
195.000000000 -6.315293636
194.000000000 -6.038786881
193.000000000 -3.309601050
192.000000000 -0.963785225
191.000000000 -4.188899614
190.000000000 -1.188906119
