260.000000000 488.680480957
259.000000000 488.680480957
258.000000000 488.680480957
257.000000000 488.680480957
256.000000000 488.680480957
255.000000000 488.680480957
254.000000000 488.680480957
253.000000000 488.680480957
252.000000000 513.515686035
251.000000000 513.515686035
250.000000000 513.515686035
249.000000000 513.515686035
248.000000000 513.515686035
247.000000000 513.515686035
246.000000000 513.515686035
245.000000000 513.515686035
244.000000000 513.515686035
243.000000000 513.515686035
242.000000000 513.515686035
241.000000000 513.515686035
240.000000000 513.515686035
239.000000000 540.322143555
238.000000000 540.322143555
237.000000000 540.322143555
236.000000000 540.322143555
235.000000000 540.322143555
234.000000000 540.322143555
233.000000000 540.322143555
232.000000000 540.322143555
231.000000000 567.569641113
230.000000000 567.569641113
229.000000000 567.569641113
228.000000000 567.569641113
227.000000000 567.569641113
226.000000000 601.562805176
225.000000000 601.562805176
224.000000000 601.562805176
223.000000000 601.562805176
222.000000000 601.562805176
221.000000000 631.798034668
220.000000000 631.798034668
219.000000000 631.798034668
218.000000000 631.798034668
217.000000000 631.798034668
216.000000000 631.798034668
215.000000000 631.798034668
214.000000000 631.798034668
213.000000000 631.798034668
212.000000000 665.117126465
211.000000000 665.117126465
210.000000000 665.117126465
209.000000000 665.117126465
208.000000000 665.117126465
207.000000000 703.033996582
206.000000000 703.033996582
205.000000000 703.033996582
204.000000000 703.033996582
203.000000000 703.033996582
202.000000000 703.033996582
201.000000000 703.033996582
200.000000000 703.033996582
199.000000000 703.033996582
198.000000000 703.033996582
197.000000000 703.033996582
196.000000000 703.033996582
195.000000000 703.033996582
194.000000000 703.033996582
193.000000000 703.033996582
192.000000000 703.033996582
191.000000000 703.033996582
190.000000000 703.033996582
