260.000000000 451.136840820
259.000000000 451.136840820
258.000000000 451.136840820
257.000000000 451.136840820
256.000000000 451.136840820
255.000000000 451.136840820
254.000000000 451.136840820
253.000000000 451.136840820
252.000000000 451.136840820
251.000000000 451.136840820
250.000000000 451.136840820
249.000000000 473.949279785
248.000000000 473.949279785
247.000000000 473.949279785
246.000000000 473.949279785
245.000000000 473.949279785
244.000000000 473.949279785
243.000000000 473.949279785
242.000000000 473.949279785
241.000000000 473.949279785
240.000000000 473.949279785
239.000000000 473.949279785
238.000000000 473.949279785
237.000000000 473.949279785
236.000000000 498.434661865
235.000000000 498.434661865
234.000000000 498.434661865
233.000000000 498.434661865
232.000000000 498.434661865
231.000000000 498.434661865
230.000000000 498.434661865
229.000000000 524.935791016
228.000000000 524.935791016
227.000000000 524.935791016
226.000000000 524.935791016
225.000000000 550.648864746
224.000000000 550.648864746
223.000000000 550.648864746
222.000000000 550.648864746
221.000000000 550.648864746
220.000000000 576.404357910
219.000000000 576.404357910
218.000000000 576.404357910
217.000000000 576.404357910
216.000000000 576.404357910
215.000000000 576.404357910
214.000000000 576.404357910
213.000000000 576.404357910
212.000000000 576.404357910
211.000000000 605.296325684
210.000000000 605.296325684
209.000000000 605.296325684
208.000000000 605.296325684
207.000000000 605.296325684
206.000000000 605.296325684
205.000000000 634.720458984
204.000000000 634.720458984
203.000000000 634.720458984
202.000000000 634.720458984
201.000000000 634.720458984
200.000000000 634.720458984
199.000000000 634.720458984
198.000000000 634.720458984
197.000000000 634.720458984
196.000000000 634.720458984
195.000000000 634.720458984
194.000000000 634.720458984
193.000000000 634.720458984
192.000000000 634.720458984
191.000000000 634.720458984
190.000000000 634.720458984
