260.000000000 451.136840820
259.000000000 451.136840820
258.000000000 451.136840820
257.000000000 451.136840820
256.000000000 451.136840820
255.000000000 451.136840820
254.000000000 451.136840820
253.000000000 451.136840820
252.000000000 451.136840820
251.000000000 451.136840820
250.000000000 472.774414062
249.000000000 472.774414062
248.000000000 472.774414062
247.000000000 472.774414062
246.000000000 472.774414062
245.000000000 472.774414062
244.000000000 472.774414062
243.000000000 472.774414062
242.000000000 472.774414062
241.000000000 472.774414062
240.000000000 472.774414062
239.000000000 472.774414062
238.000000000 472.774414062
237.000000000 495.093841553
236.000000000 495.093841553
235.000000000 495.093841553
234.000000000 495.093841553
233.000000000 495.093841553
232.000000000 495.093841553
231.000000000 495.093841553
230.000000000 519.821228027
229.000000000 519.821228027
228.000000000 519.821228027
227.000000000 519.821228027
226.000000000 545.264709473
225.000000000 545.264709473
224.000000000 545.264709473
223.000000000 545.264709473
222.000000000 545.264709473
221.000000000 573.814208984
220.000000000 573.814208984
219.000000000 573.814208984
218.000000000 573.814208984
217.000000000 573.814208984
216.000000000 573.814208984
215.000000000 573.814208984
214.000000000 573.814208984
213.000000000 573.814208984
212.000000000 601.629638672
211.000000000 601.629638672
210.000000000 601.629638672
209.000000000 601.629638672
208.000000000 601.629638672
207.000000000 601.629638672
206.000000000 630.001892090
205.000000000 630.001892090
204.000000000 630.001892090
203.000000000 630.001892090
202.000000000 630.001892090
201.000000000 630.001892090
200.000000000 630.001892090
199.000000000 630.001892090
198.000000000 630.001892090
197.000000000 630.001892090
196.000000000 630.001892090
195.000000000 630.001892090
194.000000000 630.001892090
193.000000000 630.001892090
192.000000000 630.001892090
191.000000000 630.001892090
190.000000000 630.001892090
