260.000000000 488.680480957
259.000000000 488.680480957
258.000000000 488.680480957
257.000000000 488.680480957
256.000000000 488.680480957
255.000000000 488.680480957
254.000000000 488.680480957
253.000000000 488.680480957
252.000000000 488.680480957
251.000000000 512.977355957
250.000000000 512.977355957
249.000000000 512.977355957
248.000000000 512.977355957
247.000000000 512.977355957
246.000000000 512.977355957
245.000000000 512.977355957
244.000000000 512.977355957
243.000000000 512.977355957
242.000000000 512.977355957
241.000000000 512.977355957
240.000000000 537.935058594
239.000000000 537.935058594
238.000000000 537.935058594
237.000000000 537.935058594
236.000000000 537.935058594
235.000000000 537.935058594
234.000000000 537.935058594
233.000000000 537.935058594
232.000000000 537.935058594
231.000000000 569.170776367
230.000000000 569.170776367
229.000000000 569.170776367
228.000000000 569.170776367
227.000000000 569.170776367
226.000000000 598.631835938
225.000000000 598.631835938
224.000000000 598.631835938
223.000000000 598.631835938
222.000000000 598.631835938
221.000000000 632.991760254
220.000000000 632.991760254
219.000000000 632.991760254
218.000000000 632.991760254
217.000000000 632.991760254
216.000000000 632.991760254
215.000000000 632.991760254
214.000000000 632.991760254
213.000000000 632.991760254
212.000000000 667.464538574
211.000000000 667.464538574
210.000000000 667.464538574
209.000000000 667.464538574
208.000000000 667.464538574
207.000000000 704.303894043
206.000000000 704.303894043
205.000000000 704.303894043
204.000000000 704.303894043
203.000000000 704.303894043
202.000000000 704.303894043
201.000000000 704.303894043
200.000000000 704.303894043
199.000000000 704.303894043
198.000000000 704.303894043
197.000000000 704.303894043
196.000000000 704.303894043
195.000000000 704.303894043
194.000000000 704.303894043
193.000000000 704.303894043
192.000000000 704.303894043
191.000000000 704.303894043
190.000000000 704.303894043
