260.000000000 488.680480957
259.000000000 488.680480957
258.000000000 488.680480957
257.000000000 488.680480957
256.000000000 488.680480957
255.000000000 488.680480957
254.000000000 488.680480957
253.000000000 512.428344727
252.000000000 512.428344727
251.000000000 512.428344727
250.000000000 512.428344727
249.000000000 512.428344727
248.000000000 512.428344727
247.000000000 512.428344727
246.000000000 512.428344727
245.000000000 512.428344727
244.000000000 512.428344727
243.000000000 512.428344727
242.000000000 512.428344727
241.000000000 512.428344727
240.000000000 537.688171387
239.000000000 537.688171387
238.000000000 537.688171387
237.000000000 537.688171387
236.000000000 537.688171387
235.000000000 537.688171387
234.000000000 537.688171387
233.000000000 537.688171387
232.000000000 565.245422363
231.000000000 565.245422363
230.000000000 565.245422363
229.000000000 565.245422363
228.000000000 565.245422363
227.000000000 594.129089355
226.000000000 594.129089355
225.000000000 594.129089355
224.000000000 594.129089355
223.000000000 624.501708984
222.000000000 624.501708984
221.000000000 624.501708984
220.000000000 624.501708984
219.000000000 624.501708984
218.000000000 624.501708984
217.000000000 624.501708984
216.000000000 624.501708984
215.000000000 624.501708984
214.000000000 658.656433105
213.000000000 658.656433105
212.000000000 658.656433105
211.000000000 658.656433105
210.000000000 658.656433105
209.000000000 658.656433105
208.000000000 694.869934082
207.000000000 694.869934082
206.000000000 694.869934082
205.000000000 694.869934082
204.000000000 694.869934082
203.000000000 694.869934082
202.000000000 694.869934082
201.000000000 694.869934082
200.000000000 694.869934082
199.000000000 694.869934082
198.000000000 694.869934082
197.000000000 694.869934082
196.000000000 694.869934082
195.000000000 694.869934082
194.000000000 694.869934082
193.000000000 694.869934082
192.000000000 694.869934082
191.000000000 694.869934082
190.000000000 694.869934082
