260.000000000 451.136840820
259.000000000 451.136840820
258.000000000 451.136840820
257.000000000 451.136840820
256.000000000 451.136840820
255.000000000 451.136840820
254.000000000 451.136840820
253.000000000 451.136840820
252.000000000 451.136840820
251.000000000 451.136840820
250.000000000 451.136840820
249.000000000 472.336456299
248.000000000 472.336456299
247.000000000 472.336456299
246.000000000 472.336456299
245.000000000 472.336456299
244.000000000 472.336456299
243.000000000 472.336456299
242.000000000 472.336456299
241.000000000 472.336456299
240.000000000 472.336456299
239.000000000 472.336456299
238.000000000 472.336456299
237.000000000 496.366424561
236.000000000 496.366424561
235.000000000 496.366424561
234.000000000 496.366424561
233.000000000 496.366424561
232.000000000 496.366424561
231.000000000 496.366424561
230.000000000 519.903076172
229.000000000 519.903076172
228.000000000 519.903076172
227.000000000 519.903076172
226.000000000 545.178588867
225.000000000 545.178588867
224.000000000 545.178588867
223.000000000 545.178588867
222.000000000 571.485046387
221.000000000 571.485046387
220.000000000 571.485046387
219.000000000 571.485046387
218.000000000 571.485046387
217.000000000 571.485046387
216.000000000 571.485046387
215.000000000 571.485046387
214.000000000 571.485046387
213.000000000 599.146179199
212.000000000 599.146179199
211.000000000 599.146179199
210.000000000 599.146179199
209.000000000 599.146179199
208.000000000 599.146179199
207.000000000 599.146179199
206.000000000 629.764587402
205.000000000 629.764587402
204.000000000 629.764587402
203.000000000 629.764587402
202.000000000 629.764587402
201.000000000 629.764587402
200.000000000 629.764587402
199.000000000 629.764587402
198.000000000 629.764587402
197.000000000 629.764587402
196.000000000 629.764587402
195.000000000 629.764587402
194.000000000 629.764587402
193.000000000 629.764587402
192.000000000 629.764587402
191.000000000 629.764587402
190.000000000 629.764587402
