260.000000000 488.680480957
259.000000000 488.680480957
258.000000000 488.680480957
257.000000000 488.680480957
256.000000000 488.680480957
255.000000000 488.680480957
254.000000000 488.680480957
253.000000000 488.680480957
252.000000000 512.632202148
251.000000000 512.632202148
250.000000000 512.632202148
249.000000000 512.632202148
248.000000000 512.632202148
247.000000000 512.632202148
246.000000000 512.632202148
245.000000000 512.632202148
244.000000000 512.632202148
243.000000000 512.632202148
242.000000000 512.632202148
241.000000000 512.632202148
240.000000000 512.632202148
239.000000000 540.403869629
238.000000000 540.403869629
237.000000000 540.403869629
236.000000000 540.403869629
235.000000000 540.403869629
234.000000000 540.403869629
233.000000000 540.403869629
232.000000000 540.403869629
231.000000000 568.988464355
230.000000000 568.988464355
229.000000000 568.988464355
228.000000000 568.988464355
227.000000000 568.988464355
226.000000000 601.849365234
225.000000000 601.849365234
224.000000000 601.849365234
223.000000000 601.849365234
222.000000000 601.849365234
221.000000000 632.033203125
220.000000000 632.033203125
219.000000000 632.033203125
218.000000000 632.033203125
217.000000000 632.033203125
216.000000000 632.033203125
215.000000000 632.033203125
214.000000000 632.033203125
213.000000000 632.033203125
212.000000000 663.986267090
211.000000000 663.986267090
210.000000000 663.986267090
209.000000000 663.986267090
208.000000000 663.986267090
207.000000000 701.971862793
206.000000000 701.971862793
205.000000000 701.971862793
204.000000000 701.971862793
203.000000000 701.971862793
202.000000000 701.971862793
201.000000000 701.971862793
200.000000000 701.971862793
199.000000000 701.971862793
198.000000000 701.971862793
197.000000000 701.971862793
196.000000000 701.971862793
195.000000000 701.971862793
194.000000000 701.971862793
193.000000000 701.971862793
192.000000000 701.971862793
191.000000000 701.971862793
190.000000000 701.971862793
