260.000000000 451.136840820
259.000000000 451.136840820
258.000000000 451.136840820
257.000000000 451.136840820
256.000000000 451.136840820
255.000000000 451.136840820
254.000000000 451.136840820
253.000000000 451.136840820
252.000000000 451.136840820
251.000000000 451.136840820
250.000000000 473.112060547
249.000000000 473.112060547
248.000000000 473.112060547
247.000000000 473.112060547
246.000000000 473.112060547
245.000000000 473.112060547
244.000000000 473.112060547
243.000000000 473.112060547
242.000000000 473.112060547
241.000000000 473.112060547
240.000000000 473.112060547
239.000000000 473.112060547
238.000000000 473.112060547
237.000000000 496.432006836
236.000000000 496.432006836
235.000000000 496.432006836
234.000000000 496.432006836
233.000000000 496.432006836
232.000000000 496.432006836
231.000000000 496.432006836
230.000000000 496.432006836
229.000000000 525.813964844
228.000000000 525.813964844
227.000000000 525.813964844
226.000000000 525.813964844
225.000000000 553.445007324
224.000000000 553.445007324
223.000000000 553.445007324
222.000000000 553.445007324
221.000000000 553.445007324
220.000000000 553.445007324
219.000000000 581.409484863
218.000000000 581.409484863
217.000000000 581.409484863
216.000000000 581.409484863
215.000000000 581.409484863
214.000000000 581.409484863
213.000000000 581.409484863
212.000000000 581.409484863
211.000000000 581.409484863
210.000000000 609.814514160
209.000000000 609.814514160
208.000000000 609.814514160
207.000000000 609.814514160
206.000000000 609.814514160
205.000000000 609.814514160
204.000000000 641.586608887
203.000000000 641.586608887
202.000000000 641.586608887
201.000000000 641.586608887
200.000000000 641.586608887
199.000000000 641.586608887
198.000000000 641.586608887
197.000000000 641.586608887
196.000000000 641.586608887
195.000000000 641.586608887
194.000000000 641.586608887
193.000000000 641.586608887
192.000000000 641.586608887
191.000000000 641.586608887
190.000000000 641.586608887
