260.000000000 -0.342536869
259.000000000 -0.843118770
258.000000000 -1.843044602
257.000000000 -1.085960396
256.000000000 -0.754603435
255.000000000 -0.790035727
254.000000000 -0.029181175
253.000000000 -0.115046206
252.000000000 -1.097466754
251.000000000 -2.615158312
250.000000000 -1.502299388
249.000000000 0.795549705
248.000000000 0.995651890
247.000000000 -1.389843293
246.000000000 -0.529431694
245.000000000 -0.654471733
244.000000000 -2.108944349
243.000000000 -0.872734371
242.000000000 -0.794564450
241.000000000 -1.598986603
240.000000000 -0.993790455
239.000000000 -1.159004686
238.000000000 -0.611565309
237.000000000 -1.836708298
236.000000000 -1.207457729
235.000000000 -2.448381681
234.000000000 -0.778131988
233.000000000 -2.395295920
232.000000000 -3.200898505
231.000000000 -2.318064033
230.000000000 -2.721377113
229.000000000 0.233326094
228.000000000 -3.297045902
227.000000000 -2.626191037
226.000000000 -3.062311069
225.000000000 -3.369369932
224.000000000 -1.490521341
223.000000000 -2.401348582
222.000000000 -1.814803514
221.000000000 -1.047743437
220.000000000 -4.465493248
219.000000000 -1.923558131
218.000000000 -3.527135686
217.000000000 -1.128772271
216.000000000 0.768988005
215.000000000 -3.926862026
214.000000000 -5.439711711
213.000000000 -4.899510316
212.000000000 -4.188386313
211.000000000 -3.175259054
210.000000000 -3.235106618
209.000000000 -5.033602309
208.000000000 -10.469109122
207.000000000 -7.078779328
206.000000000 -4.232197928
205.000000000 -5.241862537
204.000000000 -1.161425269
203.000000000 -1.475672758
202.000000000 -3.061859990
201.000000000 -2.736086289
200.000000000 -0.307005624
199.000000000 -0.057452443
198.000000000 -0.411690335
197.000000000 -8.557486486
196.000000000 -2.456125745
195.000000000 -0.113453681
194.000000000 -4.095091114
193.000000000 -4.649155641
192.000000000 -6.289412449
191.000000000 -4.317007429
190.000000000 -4.569365806
