260.000000000 -0.811668821
259.000000000 -0.198424460
258.000000000 0.373726738
257.000000000 -0.147281366
256.000000000 -0.404471846
255.000000000 -0.297425988
254.000000000 -0.280189242
253.000000000 -0.651535912
252.000000000 0.562082084
251.000000000 0.002039085
250.000000000 -0.103112321
249.000000000 -2.042571341
248.000000000 -0.429242739
247.000000000 -2.090895115
246.000000000 0.457040886
245.000000000 -0.800815842
244.000000000 -0.869064617
243.000000000 -2.231213772
242.000000000 0.040537738
241.000000000 -0.617304504
240.000000000 -0.994848011
239.000000000 -0.282950950
238.000000000 -1.733482899
237.000000000 -1.733753037
236.000000000 -1.651565868
235.000000000 -3.069891439
234.000000000 -2.737156381
233.000000000 -1.942051717
232.000000000 -4.580669821
231.000000000 -1.435056194
230.000000000 -1.622639681
229.000000000 -2.615939462
228.000000000 -3.186796370
227.000000000 -1.483125963
226.000000000 0.444742692
225.000000000 -3.806231944
224.000000000 -4.300267246
223.000000000 -2.096745996
222.000000000 -0.654127824
221.000000000 -1.281118568
220.000000000 -4.987802418
219.000000000 -7.371104870
218.000000000 -3.104289232
217.000000000 -6.888209165
216.000000000 -1.748917379
215.000000000 -0.412518794
214.000000000 -2.408764571
213.000000000 -1.071034494
212.000000000 -4.304352599
211.000000000 -3.029489821
210.000000000 -3.751557413
209.000000000 -6.864573257
208.000000000 0.310827766
207.000000000 -2.828183114
206.000000000 -6.385329812
205.000000000 -5.531550395
204.000000000 -12.086311537
203.000000000 -2.940503742
202.000000000 -3.584878334
201.000000000 -1.952401758
200.000000000 -2.343717732
199.000000000 -3.391849377
198.000000000 -4.190665157
197.000000000 -3.181349528
196.000000000 -3.037071525
195.000000000 -8.512621885
194.000000000 -3.343910291
193.000000000 -6.571221534
192.000000000 -7.104959717
191.000000000 -6.840468168
190.000000000 -0.814285598
