260.000000000 488.680480957
259.000000000 488.680480957
258.000000000 488.680480957
257.000000000 488.680480957
256.000000000 488.680480957
255.000000000 488.680480957
254.000000000 488.680480957
253.000000000 488.680480957
252.000000000 488.680480957
251.000000000 488.680480957
250.000000000 488.680480957
249.000000000 488.680480957
248.000000000 488.680480957
247.000000000 488.680480957
246.000000000 488.680480957
245.000000000 488.680480957
244.000000000 488.680480957
243.000000000 488.680480957
242.000000000 488.680480957
241.000000000 513.550476074
240.000000000 513.550476074
239.000000000 513.550476074
238.000000000 513.550476074
237.000000000 513.550476074
236.000000000 513.550476074
235.000000000 513.550476074
234.000000000 513.550476074
233.000000000 513.550476074
232.000000000 513.550476074
231.000000000 513.550476074
230.000000000 513.550476074
229.000000000 513.550476074
228.000000000 513.550476074
227.000000000 542.507507324
226.000000000 542.507507324
225.000000000 542.507507324
224.000000000 542.507507324
223.000000000 542.507507324
222.000000000 542.507507324
221.000000000 542.507507324
220.000000000 542.507507324
219.000000000 542.507507324
218.000000000 542.507507324
217.000000000 542.507507324
216.000000000 542.507507324
215.000000000 542.507507324
214.000000000 571.048217773
213.000000000 571.048217773
212.000000000 571.048217773
211.000000000 571.048217773
210.000000000 571.048217773
209.000000000 571.048217773
208.000000000 571.048217773
207.000000000 571.048217773
206.000000000 604.715454102
205.000000000 604.715454102
204.000000000 604.715454102
203.000000000 604.715454102
202.000000000 604.715454102
201.000000000 604.715454102
200.000000000 604.715454102
199.000000000 604.715454102
198.000000000 604.715454102
197.000000000 604.715454102
196.000000000 604.715454102
195.000000000 604.715454102
194.000000000 604.715454102
193.000000000 604.715454102
192.000000000 604.715454102
191.000000000 604.715454102
190.000000000 604.715454102
