260.000000000 451.136840820
259.000000000 451.136840820
258.000000000 451.136840820
257.000000000 451.136840820
256.000000000 451.136840820
255.000000000 451.136840820
254.000000000 451.136840820
253.000000000 451.136840820
252.000000000 451.136840820
251.000000000 451.136840820
250.000000000 451.136840820
249.000000000 451.136840820
248.000000000 451.136840820
247.000000000 451.136840820
246.000000000 451.136840820
245.000000000 451.136840820
244.000000000 451.136840820
243.000000000 451.136840820
242.000000000 451.136840820
241.000000000 451.136840820
240.000000000 451.136840820
239.000000000 472.469177246
238.000000000 472.469177246
237.000000000 472.469177246
236.000000000 472.469177246
235.000000000 472.469177246
234.000000000 472.469177246
233.000000000 472.469177246
232.000000000 472.469177246
231.000000000 472.469177246
230.000000000 472.469177246
229.000000000 472.469177246
228.000000000 472.469177246
227.000000000 472.469177246
226.000000000 496.819030762
225.000000000 496.819030762
224.000000000 496.819030762
223.000000000 496.819030762
222.000000000 496.819030762
221.000000000 496.819030762
220.000000000 496.819030762
219.000000000 496.819030762
218.000000000 496.819030762
217.000000000 496.819030762
216.000000000 496.819030762
215.000000000 496.819030762
214.000000000 520.959106445
213.000000000 520.959106445
212.000000000 520.959106445
211.000000000 520.959106445
210.000000000 520.959106445
209.000000000 520.959106445
208.000000000 520.959106445
207.000000000 520.959106445
206.000000000 520.959106445
205.000000000 520.959106445
204.000000000 520.959106445
203.000000000 546.699829102
202.000000000 546.699829102
201.000000000 546.699829102
200.000000000 546.699829102
199.000000000 546.699829102
198.000000000 546.699829102
197.000000000 546.699829102
196.000000000 546.699829102
195.000000000 546.699829102
194.000000000 546.699829102
193.000000000 546.699829102
192.000000000 546.699829102
191.000000000 546.699829102
190.000000000 546.699829102
