260.000000000 -0.699881449
259.000000000 0.079433613
258.000000000 0.156721630
257.000000000 -0.173774305
256.000000000 -2.245074546
255.000000000 -0.983479926
254.000000000 -0.338907739
253.000000000 -1.414003590
252.000000000 -1.276658706
251.000000000 -0.968221105
250.000000000 -1.707095651
249.000000000 -1.062882057
248.000000000 -1.949712070
247.000000000 -0.920007643
246.000000000 -2.999462523
245.000000000 -1.218074415
244.000000000 -1.086849643
243.000000000 -1.163885345
242.000000000 -2.149500581
241.000000000 -2.429121639
240.000000000 -1.095445915
239.000000000 -1.514368445
238.000000000 -0.305365389
237.000000000 -1.710708335
236.000000000 0.413813192
235.000000000 -1.509976182
234.000000000 -0.645211526
233.000000000 0.044642432
232.000000000 -0.939118014
231.000000000 -0.129141279
230.000000000 -3.360479832
229.000000000 -2.783390142
228.000000000 -0.599120214
227.000000000 -0.266167173
226.000000000 -3.018620440
225.000000000 -2.044098056
224.000000000 -2.525031225
223.000000000 -1.491261377
222.000000000 -0.446825430
221.000000000 -3.122794911
220.000000000 -3.984563962
219.000000000 -1.143285826
218.000000000 -2.869790232
217.000000000 -1.837306316
216.000000000 -3.218207652
215.000000000 -1.265572354
214.000000000 -4.997581073
213.000000000 -4.364786805
212.000000000 -3.549736779
211.000000000 -0.918895675
210.000000000 -2.001471110
209.000000000 -2.644978919
208.000000000 -3.462852564
207.000000000 -3.952553689
206.000000000 -2.205479371
205.000000000 -2.323972491
204.000000000 -7.025879624
203.000000000 -3.346946973
202.000000000 -0.806326701
201.000000000 -2.601888501
200.000000000 -1.806062134
199.000000000 -2.540566487
198.000000000 -1.010674547
197.000000000 -2.500142019
196.000000000 -0.924612196
195.000000000 -2.707843910
194.000000000 -2.187382347
193.000000000 -2.439703293
192.000000000 -1.101947866
191.000000000 -2.829044807
190.000000000 -1.672370684
