260.000000000 0.132005116
259.000000000 0.282950534
258.000000000 -1.245624968
257.000000000 -1.139181159
256.000000000 0.487613596
255.000000000 -0.010958689
254.000000000 -1.165682717
253.000000000 0.109157324
252.000000000 -1.214362520
251.000000000 -0.940769668
250.000000000 -0.769054159
249.000000000 -0.439164233
248.000000000 -0.643416314
247.000000000 -0.653167246
246.000000000 -0.390490267
245.000000000 -1.046566389
244.000000000 -0.274881583
243.000000000 -1.404685664
242.000000000 -1.052916720
241.000000000 -1.129720363
240.000000000 -1.234590779
239.000000000 -1.024219825
238.000000000 -2.825412774
237.000000000 -0.134394329
236.000000000 -1.107760439
235.000000000 -1.085831343
234.000000000 -2.471502337
233.000000000 2.089093858
232.000000000 -0.689480082
231.000000000 -1.978244178
230.000000000 -2.398903076
229.000000000 -1.736615486
228.000000000 0.313011608
227.000000000 -2.888272391
226.000000000 -0.894690348
225.000000000 -2.810069985
224.000000000 -3.233189837
223.000000000 0.046585020
222.000000000 -2.493386182
221.000000000 -3.866434582
220.000000000 -2.723453613
219.000000000 -2.526489406
218.000000000 -2.924354825
217.000000000 -2.563466456
216.000000000 -3.478432795
215.000000000 -2.147432665
214.000000000 -4.505530120
213.000000000 -3.546577866
212.000000000 -3.399355420
211.000000000 -2.588505409
210.000000000 -3.917108377
209.000000000 -2.938992458
208.000000000 -6.348595458
207.000000000 -2.986210258
206.000000000 -8.142198638
205.000000000 -3.409382625
204.000000000 -2.153284638
203.000000000 -3.313444778
202.000000000 -2.886444165
201.000000000 -6.946229133
200.000000000 -0.561916844
199.000000000 -4.176013798
198.000000000 -0.309923814
197.000000000 -2.303477627
196.000000000 -1.864987151
195.000000000 -4.758305311
194.000000000 -1.341067402
193.000000000 1.514038646
192.000000000 -2.804762440
191.000000000 -0.885795084
190.000000000 -3.579583822
