260.000000000 -1.448766199
259.000000000 -1.019088451
258.000000000 -0.692818173
257.000000000 -0.172611631
256.000000000 -0.213486042
255.000000000 -1.111221669
254.000000000 -1.616960051
253.000000000 0.130059015
252.000000000 -0.705355878
251.000000000 -1.155441814
250.000000000 -1.211899393
249.000000000 -0.140236765
248.000000000 -0.898200533
247.000000000 -0.349225440
246.000000000 -3.020327327
245.000000000 -1.014599977
244.000000000 -1.078295360
243.000000000 -2.565311758
242.000000000 0.036376502
241.000000000 -1.324377554
240.000000000 -1.770705271
239.000000000 -0.704167410
238.000000000 -1.901714910
237.000000000 -0.545752522
236.000000000 -2.830309647
235.000000000 -1.569417169
234.000000000 -0.828603888
233.000000000 -0.321276228
232.000000000 -1.146313061
231.000000000 -1.141028327
230.000000000 -2.043987529
229.000000000 -0.687942368
228.000000000 -1.921599168
227.000000000 -2.217368573
226.000000000 -2.502084643
225.000000000 -1.533723541
224.000000000 -2.216070898
223.000000000 -2.319313581
222.000000000 -2.462517930
221.000000000 -3.205162399
220.000000000 -2.053926012
219.000000000 -2.530207077
218.000000000 -3.954399821
217.000000000 -3.082729351
216.000000000 -3.817500083
215.000000000 -1.639344127
214.000000000 -2.528642850
213.000000000 -0.702495887
212.000000000 -1.613922021
211.000000000 -2.660898114
210.000000000 -1.938959705
209.000000000 -5.648859416
208.000000000 -6.881825210
207.000000000 -2.504819261
206.000000000 -2.238719689
205.000000000 -4.176160924
204.000000000 -3.071572218
203.000000000 -4.720317272
202.000000000 -0.444176613
201.000000000 -2.516295111
200.000000000 -1.759247513
199.000000000 -3.871282348
198.000000000 -2.494086685
197.000000000 -1.918768869
196.000000000 -2.757520411
195.000000000 -1.543528858
194.000000000 -3.058580537
193.000000000 -2.989068890
192.000000000 -1.360642536
191.000000000 0.719990553
190.000000000 -4.250009122
