260.000000000 1.270743680
259.000000000 -0.380285498
258.000000000 -0.007058898
257.000000000 -0.636507381
256.000000000 -0.998560920
255.000000000 -1.536821434
254.000000000 -1.025569130
253.000000000 0.631389178
252.000000000 -1.571051111
251.000000000 -0.036764524
250.000000000 0.226928410
249.000000000 -0.660108061
248.000000000 0.123989249
247.000000000 -0.137799028
246.000000000 -0.049115856
245.000000000 -0.325330953
244.000000000 0.528283906
243.000000000 -1.989619627
242.000000000 -1.499499074
241.000000000 -0.750196885
240.000000000 -0.391288510
239.000000000 -0.363762397
238.000000000 -1.936953550
237.000000000 -0.901808283
236.000000000 0.728418742
235.000000000 -2.109978043
234.000000000 -0.609161917
233.000000000 0.042830294
232.000000000 0.645122214
231.000000000 -2.030825968
230.000000000 -1.058073140
229.000000000 -0.062148286
228.000000000 -2.052580333
227.000000000 -2.143879146
226.000000000 -1.752686631
225.000000000 -2.199893832
224.000000000 -1.072262662
223.000000000 -1.911783046
222.000000000 -1.730301545
221.000000000 -2.095665672
220.000000000 -2.135569950
219.000000000 -2.875387205
218.000000000 -0.132030850
217.000000000 -3.986887965
216.000000000 -3.248187250
215.000000000 -1.002218155
214.000000000 -1.040406104
213.000000000 -2.438508882
212.000000000 -2.116700090
211.000000000 -3.912561943
210.000000000 -3.843770270
209.000000000 -1.798416154
208.000000000 -3.134792834
207.000000000 -5.309957191
206.000000000 -4.486657245
205.000000000 -4.798543700
204.000000000 -1.209570894
203.000000000 -3.512831097
202.000000000 -1.578623011
201.000000000 -4.781093170
200.000000000 -4.690612363
199.000000000 -4.137876779
198.000000000 1.164917098
197.000000000 -1.260581287
196.000000000 -3.622496353
195.000000000 -1.176697709
194.000000000 -0.315246051
193.000000000 -2.409198160
192.000000000 0.701085177
191.000000000 -3.222007819
190.000000000 -4.242255156
