260.000000000 488.680480957
259.000000000 488.680480957
258.000000000 488.680480957
257.000000000 488.680480957
256.000000000 488.680480957
255.000000000 488.680480957
254.000000000 488.680480957
253.000000000 488.680480957
252.000000000 488.680480957
251.000000000 488.680480957
250.000000000 488.680480957
249.000000000 488.680480957
248.000000000 488.680480957
247.000000000 488.680480957
246.000000000 488.680480957
245.000000000 488.680480957
244.000000000 488.680480957
243.000000000 512.390014648
242.000000000 512.390014648
241.000000000 512.390014648
240.000000000 512.390014648
239.000000000 512.390014648
238.000000000 512.390014648
237.000000000 512.390014648
236.000000000 512.390014648
235.000000000 512.390014648
234.000000000 512.390014648
233.000000000 512.390014648
232.000000000 512.390014648
231.000000000 538.122375488
230.000000000 538.122375488
229.000000000 538.122375488
228.000000000 538.122375488
227.000000000 538.122375488
226.000000000 538.122375488
225.000000000 538.122375488
224.000000000 538.122375488
223.000000000 565.234741211
222.000000000 565.234741211
221.000000000 565.234741211
220.000000000 565.234741211
219.000000000 565.234741211
218.000000000 565.234741211
217.000000000 596.596313477
216.000000000 596.596313477
215.000000000 596.596313477
214.000000000 596.596313477
213.000000000 596.596313477
212.000000000 628.303771973
211.000000000 628.303771973
210.000000000 628.303771973
209.000000000 628.303771973
208.000000000 660.097351074
207.000000000 660.097351074
206.000000000 660.097351074
205.000000000 660.097351074
204.000000000 696.099609375
203.000000000 696.099609375
202.000000000 696.099609375
201.000000000 696.099609375
200.000000000 696.099609375
199.000000000 696.099609375
198.000000000 734.877441406
197.000000000 734.877441406
196.000000000 734.877441406
195.000000000 734.877441406
194.000000000 734.877441406
193.000000000 734.877441406
192.000000000 734.877441406
191.000000000 774.582275391
190.000000000 774.582275391
