260.000000000 488.680480957
259.000000000 488.680480957
258.000000000 488.680480957
257.000000000 488.680480957
256.000000000 488.680480957
255.000000000 488.680480957
254.000000000 488.680480957
253.000000000 488.680480957
252.000000000 488.680480957
251.000000000 488.680480957
250.000000000 488.680480957
249.000000000 488.680480957
248.000000000 488.680480957
247.000000000 488.680480957
246.000000000 488.680480957
245.000000000 488.680480957
244.000000000 488.680480957
243.000000000 488.680480957
242.000000000 514.381774902
241.000000000 514.381774902
240.000000000 514.381774902
239.000000000 514.381774902
238.000000000 514.381774902
237.000000000 514.381774902
236.000000000 514.381774902
235.000000000 514.381774902
234.000000000 514.381774902
233.000000000 514.381774902
232.000000000 514.381774902
231.000000000 514.381774902
230.000000000 542.094604492
229.000000000 542.094604492
228.000000000 542.094604492
227.000000000 542.094604492
226.000000000 542.094604492
225.000000000 542.094604492
224.000000000 542.094604492
223.000000000 542.094604492
222.000000000 568.853637695
221.000000000 568.853637695
220.000000000 568.853637695
219.000000000 568.853637695
218.000000000 568.853637695
217.000000000 568.853637695
216.000000000 599.876647949
215.000000000 599.876647949
214.000000000 599.876647949
213.000000000 599.876647949
212.000000000 599.876647949
211.000000000 632.784118652
210.000000000 632.784118652
209.000000000 632.784118652
208.000000000 632.784118652
207.000000000 668.229431152
206.000000000 668.229431152
205.000000000 668.229431152
204.000000000 668.229431152
203.000000000 703.849121094
202.000000000 703.849121094
201.000000000 703.849121094
200.000000000 703.849121094
199.000000000 703.849121094
198.000000000 703.849121094
197.000000000 703.849121094
196.000000000 743.168823242
195.000000000 743.168823242
194.000000000 743.168823242
193.000000000 743.168823242
192.000000000 743.168823242
191.000000000 743.168823242
190.000000000 785.145996094
