260.000000000 488.680480957
259.000000000 488.680480957
258.000000000 488.680480957
257.000000000 488.680480957
256.000000000 488.680480957
255.000000000 488.680480957
254.000000000 488.680480957
253.000000000 488.680480957
252.000000000 488.680480957
251.000000000 488.680480957
250.000000000 488.680480957
249.000000000 488.680480957
248.000000000 488.680480957
247.000000000 488.680480957
246.000000000 488.680480957
245.000000000 488.680480957
244.000000000 488.680480957
243.000000000 488.680480957
242.000000000 512.281188965
241.000000000 512.281188965
240.000000000 512.281188965
239.000000000 512.281188965
238.000000000 512.281188965
237.000000000 512.281188965
236.000000000 512.281188965
235.000000000 512.281188965
234.000000000 512.281188965
233.000000000 512.281188965
232.000000000 512.281188965
231.000000000 538.647094727
230.000000000 538.647094727
229.000000000 538.647094727
228.000000000 538.647094727
227.000000000 538.647094727
226.000000000 538.647094727
225.000000000 538.647094727
224.000000000 538.647094727
223.000000000 566.532104492
222.000000000 566.532104492
221.000000000 566.532104492
220.000000000 566.532104492
219.000000000 566.532104492
218.000000000 566.532104492
217.000000000 566.532104492
216.000000000 600.730102539
215.000000000 600.730102539
214.000000000 600.730102539
213.000000000 600.730102539
212.000000000 600.730102539
211.000000000 635.672851562
210.000000000 635.672851562
209.000000000 635.672851562
208.000000000 635.672851562
207.000000000 670.794799805
206.000000000 670.794799805
205.000000000 670.794799805
204.000000000 670.794799805
203.000000000 670.794799805
202.000000000 707.725280762
201.000000000 707.725280762
200.000000000 707.725280762
199.000000000 707.725280762
198.000000000 707.725280762
197.000000000 707.725280762
196.000000000 744.026855469
195.000000000 744.026855469
194.000000000 744.026855469
193.000000000 744.026855469
192.000000000 744.026855469
191.000000000 744.026855469
190.000000000 782.144104004
