260.000000000 451.136840820
259.000000000 451.136840820
258.000000000 451.136840820
257.000000000 451.136840820
256.000000000 451.136840820
255.000000000 451.136840820
254.000000000 451.136840820
253.000000000 451.136840820
252.000000000 451.136840820
251.000000000 451.136840820
250.000000000 451.136840820
249.000000000 451.136840820
248.000000000 451.136840820
247.000000000 451.136840820
246.000000000 451.136840820
245.000000000 451.136840820
244.000000000 451.136840820
243.000000000 451.136840820
242.000000000 451.136840820
241.000000000 451.136840820
240.000000000 451.136840820
239.000000000 451.136840820
238.000000000 474.985290527
237.000000000 474.985290527
236.000000000 474.985290527
235.000000000 474.985290527
234.000000000 474.985290527
233.000000000 474.985290527
232.000000000 474.985290527
231.000000000 474.985290527
230.000000000 474.985290527
229.000000000 474.985290527
228.000000000 498.510864258
227.000000000 498.510864258
226.000000000 498.510864258
225.000000000 498.510864258
224.000000000 498.510864258
223.000000000 498.510864258
222.000000000 498.510864258
221.000000000 524.730651855
220.000000000 524.730651855
219.000000000 524.730651855
218.000000000 524.730651855
217.000000000 524.730651855
216.000000000 524.730651855
215.000000000 552.794677734
214.000000000 552.794677734
213.000000000 552.794677734
212.000000000 552.794677734
211.000000000 552.794677734
210.000000000 581.032043457
209.000000000 581.032043457
208.000000000 581.032043457
207.000000000 581.032043457
206.000000000 581.032043457
205.000000000 614.211975098
204.000000000 614.211975098
203.000000000 614.211975098
202.000000000 614.211975098
201.000000000 644.813964844
200.000000000 644.813964844
199.000000000 644.813964844
198.000000000 644.813964844
197.000000000 675.669616699
196.000000000 675.669616699
195.000000000 675.669616699
194.000000000 675.669616699
193.000000000 675.669616699
192.000000000 713.819458008
191.000000000 713.819458008
190.000000000 713.819458008
