260.000000000 451.136840820
259.000000000 451.136840820
258.000000000 451.136840820
257.000000000 451.136840820
256.000000000 451.136840820
255.000000000 451.136840820
254.000000000 451.136840820
253.000000000 451.136840820
252.000000000 451.136840820
251.000000000 451.136840820
250.000000000 451.136840820
249.000000000 451.136840820
248.000000000 451.136840820
247.000000000 451.136840820
246.000000000 451.136840820
245.000000000 451.136840820
244.000000000 451.136840820
243.000000000 451.136840820
242.000000000 451.136840820
241.000000000 451.136840820
240.000000000 451.136840820
239.000000000 472.672790527
238.000000000 472.672790527
237.000000000 472.672790527
236.000000000 472.672790527
235.000000000 472.672790527
234.000000000 472.672790527
233.000000000 472.672790527
232.000000000 472.672790527
231.000000000 472.672790527
230.000000000 472.672790527
229.000000000 495.037689209
228.000000000 495.037689209
227.000000000 495.037689209
226.000000000 495.037689209
225.000000000 495.037689209
224.000000000 495.037689209
223.000000000 495.037689209
222.000000000 521.590332031
221.000000000 521.590332031
220.000000000 521.590332031
219.000000000 521.590332031
218.000000000 521.590332031
217.000000000 521.590332031
216.000000000 547.953918457
215.000000000 547.953918457
214.000000000 547.953918457
213.000000000 547.953918457
212.000000000 547.953918457
211.000000000 575.873901367
210.000000000 575.873901367
209.000000000 575.873901367
208.000000000 575.873901367
207.000000000 575.873901367
206.000000000 606.574645996
205.000000000 606.574645996
204.000000000 606.574645996
203.000000000 606.574645996
202.000000000 635.681518555
201.000000000 635.681518555
200.000000000 635.681518555
199.000000000 635.681518555
198.000000000 668.028930664
197.000000000 668.028930664
196.000000000 668.028930664
195.000000000 668.028930664
194.000000000 668.028930664
193.000000000 706.396362305
192.000000000 706.396362305
191.000000000 706.396362305
190.000000000 706.396362305
