260.000000000 451.136840820
259.000000000 451.136840820
258.000000000 451.136840820
257.000000000 451.136840820
256.000000000 451.136840820
255.000000000 451.136840820
254.000000000 451.136840820
253.000000000 451.136840820
252.000000000 451.136840820
251.000000000 451.136840820
250.000000000 451.136840820
249.000000000 451.136840820
248.000000000 451.136840820
247.000000000 451.136840820
246.000000000 451.136840820
245.000000000 451.136840820
244.000000000 451.136840820
243.000000000 451.136840820
242.000000000 451.136840820
241.000000000 451.136840820
240.000000000 451.136840820
239.000000000 473.323486328
238.000000000 473.323486328
237.000000000 473.323486328
236.000000000 473.323486328
235.000000000 473.323486328
234.000000000 473.323486328
233.000000000 473.323486328
232.000000000 473.323486328
231.000000000 473.323486328
230.000000000 473.323486328
229.000000000 495.964019775
228.000000000 495.964019775
227.000000000 495.964019775
226.000000000 495.964019775
225.000000000 495.964019775
224.000000000 495.964019775
223.000000000 495.964019775
222.000000000 521.046508789
221.000000000 521.046508789
220.000000000 521.046508789
219.000000000 521.046508789
218.000000000 521.046508789
217.000000000 521.046508789
216.000000000 548.933349609
215.000000000 548.933349609
214.000000000 548.933349609
213.000000000 548.933349609
212.000000000 548.933349609
211.000000000 575.383666992
210.000000000 575.383666992
209.000000000 575.383666992
208.000000000 575.383666992
207.000000000 575.383666992
206.000000000 608.047241211
205.000000000 608.047241211
204.000000000 608.047241211
203.000000000 608.047241211
202.000000000 608.047241211
201.000000000 644.493896484
200.000000000 644.493896484
199.000000000 644.493896484
198.000000000 644.493896484
197.000000000 676.962402344
196.000000000 676.962402344
195.000000000 676.962402344
194.000000000 676.962402344
193.000000000 676.962402344
192.000000000 713.770263672
191.000000000 713.770263672
190.000000000 713.770263672
