260.000000000 451.136840820
259.000000000 451.136840820
258.000000000 451.136840820
257.000000000 451.136840820
256.000000000 451.136840820
255.000000000 451.136840820
254.000000000 451.136840820
253.000000000 451.136840820
252.000000000 451.136840820
251.000000000 451.136840820
250.000000000 451.136840820
249.000000000 451.136840820
248.000000000 451.136840820
247.000000000 451.136840820
246.000000000 451.136840820
245.000000000 451.136840820
244.000000000 451.136840820
243.000000000 451.136840820
242.000000000 451.136840820
241.000000000 451.136840820
240.000000000 451.136840820
239.000000000 473.042572021
238.000000000 473.042572021
237.000000000 473.042572021
236.000000000 473.042572021
235.000000000 473.042572021
234.000000000 473.042572021
233.000000000 473.042572021
232.000000000 473.042572021
231.000000000 473.042572021
230.000000000 473.042572021
229.000000000 495.930206299
228.000000000 495.930206299
227.000000000 495.930206299
226.000000000 495.930206299
225.000000000 495.930206299
224.000000000 495.930206299
223.000000000 495.930206299
222.000000000 521.017272949
221.000000000 521.017272949
220.000000000 521.017272949
219.000000000 521.017272949
218.000000000 521.017272949
217.000000000 521.017272949
216.000000000 548.940490723
215.000000000 548.940490723
214.000000000 548.940490723
213.000000000 548.940490723
212.000000000 548.940490723
211.000000000 574.941711426
210.000000000 574.941711426
209.000000000 574.941711426
208.000000000 574.941711426
207.000000000 574.941711426
206.000000000 607.482666016
205.000000000 607.482666016
204.000000000 607.482666016
203.000000000 607.482666016
202.000000000 635.968078613
201.000000000 635.968078613
200.000000000 635.968078613
199.000000000 635.968078613
198.000000000 670.657409668
197.000000000 670.657409668
196.000000000 670.657409668
195.000000000 670.657409668
194.000000000 670.657409668
193.000000000 706.038330078
192.000000000 706.038330078
191.000000000 706.038330078
190.000000000 706.038330078
