260.000000000 0.342796884
259.000000000 -0.902178072
258.000000000 -0.177538544
257.000000000 -0.720350849
256.000000000 -0.355314370
255.000000000 -1.454675787
254.000000000 -2.056675068
253.000000000 -1.168165466
252.000000000 -0.250478801
251.000000000 -0.086661666
250.000000000 -1.661856764
249.000000000 -0.806845397
248.000000000 0.661284037
247.000000000 -2.539483129
246.000000000 -1.167806382
245.000000000 -1.434744182
244.000000000 -2.821938408
243.000000000 -2.781999779
242.000000000 -1.421601316
241.000000000 -2.000187324
240.000000000 -2.721250508
239.000000000 -4.298286179
238.000000000 -0.827932666
237.000000000 -4.183507677
236.000000000 -3.113657400
235.000000000 -5.016198581
234.000000000 -5.908464453
233.000000000 -4.581784616
232.000000000 -6.923004994
231.000000000 -5.707224180
230.000000000 -6.813040598
229.000000000 -8.789263764
228.000000000 -11.377302275
227.000000000 -8.213505310
226.000000000 -7.984078781
225.000000000 -11.966340636
224.000000000 -9.683674234
223.000000000 -9.092177128
222.000000000 -10.993741255
221.000000000 -11.011945386
220.000000000 -12.573770424
219.000000000 -11.360173535
218.000000000 -11.654055063
217.000000000 -11.812561675
216.000000000 -11.671802071
215.000000000 -9.765217920
214.000000000 -9.703349889
213.000000000 -9.958589428
212.000000000 -10.446280182
211.000000000 -13.342517127
210.000000000 -10.882361556
209.000000000 -9.624902091
208.000000000 -10.966994825
207.000000000 -5.328136246
206.000000000 -10.378274973
205.000000000 -6.969313311
204.000000000 -6.568109898
203.000000000 -4.823146462
202.000000000 -2.050802946
201.000000000 -2.527020686
200.000000000 7.296130259
199.000000000 7.570133956
198.000000000 0.161874733
197.000000000 16.930667269
196.000000000 11.995842184
195.000000000 9.579630623
194.000000000 8.862668460
193.000000000 9.823149220
192.000000000 10.977667445
191.000000000 18.474624792
190.000000000 3.762334776
