260.000000000 -0.900956793
259.000000000 0.117806474
258.000000000 -0.763846694
257.000000000 -1.270879359
256.000000000 -0.408013616
255.000000000 -1.804488844
254.000000000 -1.492094819
253.000000000 -0.659637596
252.000000000 0.051461488
251.000000000 0.880338066
250.000000000 -1.037482165
249.000000000 -0.551361642
248.000000000 -1.037820219
247.000000000 -1.206393906
246.000000000 -3.085069947
245.000000000 -2.946240543
244.000000000 -3.210579136
243.000000000 -2.643275490
242.000000000 -2.745091146
241.000000000 -1.306566944
240.000000000 -3.139220500
239.000000000 -1.040932555
238.000000000 -4.422465824
237.000000000 -2.044027048
236.000000000 -2.701329387
235.000000000 -4.460943132
234.000000000 -4.520183256
233.000000000 -5.067417679
232.000000000 -4.787237384
231.000000000 -4.409752984
230.000000000 -7.133757291
229.000000000 -6.936104175
228.000000000 -9.586855565
227.000000000 -9.002096260
226.000000000 -7.379105525
225.000000000 -9.281497926
224.000000000 -11.233187999
223.000000000 -10.413013101
222.000000000 -13.248488557
221.000000000 -9.171705347
220.000000000 -8.522018397
219.000000000 -9.382665838
218.000000000 -9.012375433
217.000000000 -11.061925830
216.000000000 -13.564773659
215.000000000 -12.040741991
214.000000000 -8.854274542
213.000000000 -7.110376874
212.000000000 -10.652097650
211.000000000 -13.523419485
210.000000000 -11.210126751
209.000000000 -13.165673468
208.000000000 -13.726691359
207.000000000 -7.371391065
206.000000000 -7.138679225
205.000000000 -6.998992300
204.000000000 -8.998333957
203.000000000 -0.682004967
202.000000000 -2.308515453
201.000000000 1.850258620
200.000000000 3.075536777
199.000000000 4.732284533
198.000000000 13.122864290
197.000000000 7.513317304
196.000000000 15.626547918
195.000000000 15.904467242
194.000000000 13.975456282
193.000000000 13.882887275
192.000000000 18.657886155
191.000000000 8.495751256
190.000000000 11.810477603
