260.000000000 -1.656268886
259.000000000 -0.535720009
258.000000000 -0.584747460
257.000000000 -1.465029690
256.000000000 -0.681303570
255.000000000 -0.327443432
254.000000000 -1.938187040
253.000000000 -0.521622664
252.000000000 -1.303073078
251.000000000 -1.158265759
250.000000000 -0.652345625
249.000000000 -0.861977260
248.000000000 -1.019331190
247.000000000 -2.363796519
246.000000000 -1.656674170
245.000000000 -1.975967643
244.000000000 -1.669094558
243.000000000 -1.862306369
242.000000000 -1.326072498
241.000000000 -2.862116922
240.000000000 -1.571949103
239.000000000 -2.529684777
238.000000000 -2.834015703
237.000000000 -3.223360722
236.000000000 -4.142915221
235.000000000 -4.336783458
234.000000000 -4.341296133
233.000000000 -7.314362104
232.000000000 -4.666436427
231.000000000 -5.333855869
230.000000000 -8.695480692
229.000000000 -6.521627801
228.000000000 -8.615890786
227.000000000 -8.447507229
226.000000000 -8.349226722
225.000000000 -10.784110304
224.000000000 -11.755716677
223.000000000 -12.935111524
222.000000000 -11.005146627
221.000000000 -10.503557428
220.000000000 -11.298461958
219.000000000 -9.632687085
218.000000000 -8.989916294
217.000000000 -14.102218039
216.000000000 -10.704627502
215.000000000 -11.133265452
214.000000000 -9.987591385
213.000000000 -9.771039469
212.000000000 -8.770210685
211.000000000 -15.861288218
210.000000000 -9.805579080
209.000000000 -8.424698018
208.000000000 -8.466552266
207.000000000 -12.599406638
206.000000000 -10.681634789
205.000000000 -5.479123513
204.000000000 -3.238350843
203.000000000 -4.175699969
202.000000000 -9.025847209
201.000000000 3.641173935
200.000000000 1.268879564
199.000000000 12.451542698
198.000000000 0.851353614
197.000000000 9.124794580
196.000000000 8.676993488
195.000000000 2.849364512
194.000000000 12.127759998
193.000000000 11.777279150
192.000000000 9.449404832
191.000000000 10.633606002
190.000000000 10.575688004
