260.000000000 451.136840820
259.000000000 451.136840820
258.000000000 451.136840820
257.000000000 451.136840820
256.000000000 451.136840820
255.000000000 451.136840820
254.000000000 451.136840820
253.000000000 451.136840820
252.000000000 472.847900391
251.000000000 472.847900391
250.000000000 472.847900391
249.000000000 472.847900391
248.000000000 472.847900391
247.000000000 472.847900391
246.000000000 472.847900391
245.000000000 472.847900391
244.000000000 472.847900391
243.000000000 472.847900391
242.000000000 472.847900391
241.000000000 472.847900391
240.000000000 472.847900391
239.000000000 495.956329346
238.000000000 495.956329346
237.000000000 495.956329346
236.000000000 495.956329346
235.000000000 495.956329346
234.000000000 495.956329346
233.000000000 495.956329346
232.000000000 522.978759766
231.000000000 522.978759766
230.000000000 522.978759766
229.000000000 522.978759766
228.000000000 547.522155762
227.000000000 547.522155762
226.000000000 547.522155762
225.000000000 547.522155762
224.000000000 584.173461914
223.000000000 584.173461914
222.000000000 584.173461914
221.000000000 584.173461914
220.000000000 611.595703125
219.000000000 611.595703125
218.000000000 611.595703125
217.000000000 611.595703125
216.000000000 611.595703125
215.000000000 643.884155273
214.000000000 643.884155273
213.000000000 643.884155273
212.000000000 643.884155273
211.000000000 643.884155273
210.000000000 680.123474121
209.000000000 680.123474121
208.000000000 680.123474121
207.000000000 680.123474121
206.000000000 717.285766602
205.000000000 717.285766602
204.000000000 717.285766602
203.000000000 717.285766602
202.000000000 756.877258301
201.000000000 756.877258301
200.000000000 756.877258301
199.000000000 756.877258301
198.000000000 792.503112793
197.000000000 792.503112793
196.000000000 792.503112793
195.000000000 792.503112793
194.000000000 792.503112793
193.000000000 792.503112793
192.000000000 792.503112793
191.000000000 832.596130371
190.000000000 832.596130371
