260.000000000 488.680480957
259.000000000 488.680480957
258.000000000 488.680480957
257.000000000 488.680480957
256.000000000 488.680480957
255.000000000 488.680480957
254.000000000 512.653625488
253.000000000 512.653625488
252.000000000 512.653625488
251.000000000 512.653625488
250.000000000 512.653625488
249.000000000 512.653625488
248.000000000 512.653625488
247.000000000 512.653625488
246.000000000 512.653625488
245.000000000 512.653625488
244.000000000 512.653625488
243.000000000 512.653625488
242.000000000 512.653625488
241.000000000 538.875915527
240.000000000 538.875915527
239.000000000 538.875915527
238.000000000 538.875915527
237.000000000 538.875915527
236.000000000 538.875915527
235.000000000 538.875915527
234.000000000 538.875915527
233.000000000 570.437561035
232.000000000 570.437561035
231.000000000 570.437561035
230.000000000 570.437561035
229.000000000 570.437561035
228.000000000 600.538330078
227.000000000 600.538330078
226.000000000 600.538330078
225.000000000 631.645935059
224.000000000 631.645935059
223.000000000 631.645935059
222.000000000 631.645935059
221.000000000 663.662536621
220.000000000 663.662536621
219.000000000 663.662536621
218.000000000 663.662536621
217.000000000 663.662536621
216.000000000 697.533203125
215.000000000 697.533203125
214.000000000 697.533203125
213.000000000 697.533203125
212.000000000 697.533203125
211.000000000 742.571289062
210.000000000 742.571289062
209.000000000 742.571289062
208.000000000 742.571289062
207.000000000 790.542053223
206.000000000 790.542053223
205.000000000 790.542053223
204.000000000 829.010559082
203.000000000 829.010559082
202.000000000 829.010559082
201.000000000 829.010559082
200.000000000 829.010559082
199.000000000 829.010559082
198.000000000 829.010559082
197.000000000 829.010559082
196.000000000 872.190795898
195.000000000 872.190795898
194.000000000 872.190795898
193.000000000 872.190795898
192.000000000 872.190795898
191.000000000 872.190795898
190.000000000 872.190795898
