260.000000000 451.136840820
259.000000000 451.136840820
258.000000000 451.136840820
257.000000000 451.136840820
256.000000000 451.136840820
255.000000000 451.136840820
254.000000000 451.136840820
253.000000000 451.136840820
252.000000000 472.530334473
251.000000000 472.530334473
250.000000000 472.530334473
249.000000000 472.530334473
248.000000000 472.530334473
247.000000000 472.530334473
246.000000000 472.530334473
245.000000000 472.530334473
244.000000000 472.530334473
243.000000000 472.530334473
242.000000000 472.530334473
241.000000000 472.530334473
240.000000000 472.530334473
239.000000000 472.530334473
238.000000000 498.599029541
237.000000000 498.599029541
236.000000000 498.599029541
235.000000000 498.599029541
234.000000000 498.599029541
233.000000000 498.599029541
232.000000000 522.198547363
231.000000000 522.198547363
230.000000000 522.198547363
229.000000000 522.198547363
228.000000000 522.198547363
227.000000000 555.440673828
226.000000000 555.440673828
225.000000000 555.440673828
224.000000000 583.365539551
223.000000000 583.365539551
222.000000000 583.365539551
221.000000000 583.365539551
220.000000000 610.743225098
219.000000000 610.743225098
218.000000000 610.743225098
217.000000000 610.743225098
216.000000000 610.743225098
215.000000000 644.029418945
214.000000000 644.029418945
213.000000000 644.029418945
212.000000000 644.029418945
211.000000000 644.029418945
210.000000000 680.857238770
209.000000000 680.857238770
208.000000000 680.857238770
207.000000000 680.857238770
206.000000000 718.239868164
205.000000000 718.239868164
204.000000000 718.239868164
203.000000000 718.239868164
202.000000000 758.597900391
201.000000000 758.597900391
200.000000000 758.597900391
199.000000000 758.597900391
198.000000000 758.597900391
197.000000000 799.794982910
196.000000000 799.794982910
195.000000000 799.794982910
194.000000000 799.794982910
193.000000000 799.794982910
192.000000000 799.794982910
191.000000000 799.794982910
190.000000000 842.217773438
