260.000000000 488.680480957
259.000000000 488.680480957
258.000000000 488.680480957
257.000000000 488.680480957
256.000000000 488.680480957
255.000000000 488.680480957
254.000000000 513.014526367
253.000000000 513.014526367
252.000000000 513.014526367
251.000000000 513.014526367
250.000000000 513.014526367
249.000000000 513.014526367
248.000000000 513.014526367
247.000000000 513.014526367
246.000000000 513.014526367
245.000000000 513.014526367
244.000000000 513.014526367
243.000000000 513.014526367
242.000000000 513.014526367
241.000000000 513.014526367
240.000000000 539.219726562
239.000000000 539.219726562
238.000000000 539.219726562
237.000000000 539.219726562
236.000000000 539.219726562
235.000000000 539.219726562
234.000000000 539.219726562
233.000000000 570.582153320
232.000000000 570.582153320
231.000000000 570.582153320
230.000000000 570.582153320
229.000000000 570.582153320
228.000000000 599.801269531
227.000000000 599.801269531
226.000000000 599.801269531
225.000000000 599.801269531
224.000000000 640.615844727
223.000000000 640.615844727
222.000000000 640.615844727
221.000000000 640.615844727
220.000000000 673.013061523
219.000000000 673.013061523
218.000000000 673.013061523
217.000000000 673.013061523
216.000000000 673.013061523
215.000000000 708.031860352
214.000000000 708.031860352
213.000000000 708.031860352
212.000000000 708.031860352
211.000000000 708.031860352
210.000000000 755.057617188
209.000000000 755.057617188
208.000000000 755.057617188
207.000000000 755.057617188
206.000000000 804.266601562
205.000000000 804.266601562
204.000000000 804.266601562
203.000000000 804.266601562
202.000000000 847.069580078
201.000000000 847.069580078
200.000000000 847.069580078
199.000000000 847.069580078
198.000000000 847.069580078
197.000000000 847.069580078
196.000000000 847.069580078
195.000000000 847.069580078
194.000000000 847.069580078
193.000000000 847.069580078
192.000000000 847.069580078
191.000000000 890.982421875
190.000000000 890.982421875
