260.000000000 451.136840820
259.000000000 451.136840820
258.000000000 451.136840820
257.000000000 451.136840820
256.000000000 451.136840820
255.000000000 451.136840820
254.000000000 451.136840820
253.000000000 472.760070801
252.000000000 472.760070801
251.000000000 472.760070801
250.000000000 472.760070801
249.000000000 472.760070801
248.000000000 472.760070801
247.000000000 472.760070801
246.000000000 472.760070801
245.000000000 472.760070801
244.000000000 472.760070801
243.000000000 472.760070801
242.000000000 472.760070801
241.000000000 472.760070801
240.000000000 472.760070801
239.000000000 472.760070801
238.000000000 497.138824463
237.000000000 497.138824463
236.000000000 497.138824463
235.000000000 497.138824463
234.000000000 497.138824463
233.000000000 497.138824463
232.000000000 521.877258301
231.000000000 521.877258301
230.000000000 521.877258301
229.000000000 521.877258301
228.000000000 546.910766602
227.000000000 546.910766602
226.000000000 546.910766602
225.000000000 574.587646484
224.000000000 574.587646484
223.000000000 574.587646484
222.000000000 574.587646484
221.000000000 604.760742188
220.000000000 604.760742188
219.000000000 604.760742188
218.000000000 604.760742188
217.000000000 604.760742188
216.000000000 635.561889648
215.000000000 635.561889648
214.000000000 635.561889648
213.000000000 635.561889648
212.000000000 635.561889648
211.000000000 670.282714844
210.000000000 670.282714844
209.000000000 670.282714844
208.000000000 670.282714844
207.000000000 706.566101074
206.000000000 706.566101074
205.000000000 706.566101074
204.000000000 706.566101074
203.000000000 748.035095215
202.000000000 748.035095215
201.000000000 748.035095215
200.000000000 748.035095215
199.000000000 783.877319336
198.000000000 783.877319336
197.000000000 783.877319336
196.000000000 783.877319336
195.000000000 783.877319336
194.000000000 783.877319336
193.000000000 783.877319336
192.000000000 825.739196777
191.000000000 825.739196777
190.000000000 825.739196777
