260.000000000 451.136840820
259.000000000 451.136840820
258.000000000 451.136840820
257.000000000 451.136840820
256.000000000 451.136840820
255.000000000 451.136840820
254.000000000 451.136840820
253.000000000 472.383728027
252.000000000 472.383728027
251.000000000 472.383728027
250.000000000 472.383728027
249.000000000 472.383728027
248.000000000 472.383728027
247.000000000 472.383728027
246.000000000 472.383728027
245.000000000 472.383728027
244.000000000 472.383728027
243.000000000 472.383728027
242.000000000 472.383728027
241.000000000 472.383728027
240.000000000 472.383728027
239.000000000 472.383728027
238.000000000 498.389770508
237.000000000 498.389770508
236.000000000 498.389770508
235.000000000 498.389770508
234.000000000 498.389770508
233.000000000 498.389770508
232.000000000 523.537109375
231.000000000 523.537109375
230.000000000 523.537109375
229.000000000 523.537109375
228.000000000 523.537109375
227.000000000 556.616271973
226.000000000 556.616271973
225.000000000 556.616271973
224.000000000 583.487976074
223.000000000 583.487976074
222.000000000 583.487976074
221.000000000 583.487976074
220.000000000 612.926940918
219.000000000 612.926940918
218.000000000 612.926940918
217.000000000 612.926940918
216.000000000 612.926940918
215.000000000 643.042602539
214.000000000 643.042602539
213.000000000 643.042602539
212.000000000 643.042602539
211.000000000 643.042602539
210.000000000 679.066894531
209.000000000 679.066894531
208.000000000 679.066894531
207.000000000 679.066894531
206.000000000 716.855957031
205.000000000 716.855957031
204.000000000 716.855957031
203.000000000 716.855957031
202.000000000 759.539367676
201.000000000 759.539367676
200.000000000 759.539367676
199.000000000 759.539367676
198.000000000 759.539367676
197.000000000 796.514953613
196.000000000 796.514953613
195.000000000 796.514953613
194.000000000 796.514953613
193.000000000 796.514953613
192.000000000 796.514953613
191.000000000 834.315368652
190.000000000 834.315368652
