260.000000000 -0.609962212
259.000000000 -0.796168902
258.000000000 0.557335494
257.000000000 0.194031404
256.000000000 0.098929340
255.000000000 -0.389022680
254.000000000 -0.875601759
253.000000000 -1.329305071
252.000000000 -0.710144795
251.000000000 -0.107957927
250.000000000 -0.541768584
249.000000000 -1.251365593
248.000000000 -3.022741469
247.000000000 -1.116971025
246.000000000 -1.278073785
245.000000000 -2.134312764
244.000000000 -1.203898719
243.000000000 -0.898174708
242.000000000 -0.399704842
241.000000000 -0.776590121
240.000000000 -0.759465417
239.000000000 -1.223319527
238.000000000 -2.527403123
237.000000000 -1.221775433
236.000000000 -2.563675656
235.000000000 -3.704355929
234.000000000 -5.784628383
233.000000000 -5.300255533
232.000000000 0.076511036
231.000000000 -3.108364661
230.000000000 -6.175389398
229.000000000 -9.151037123
228.000000000 -5.352691112
227.000000000 -5.784799057
226.000000000 -10.361864116
225.000000000 -8.595107443
224.000000000 -9.182528287
223.000000000 -8.812765598
222.000000000 -10.073667937
221.000000000 -13.484199858
220.000000000 -9.192956935
219.000000000 -6.524190657
218.000000000 -13.371036168
217.000000000 -8.529635684
216.000000000 -6.270671268
215.000000000 -10.894453331
214.000000000 -3.637712010
213.000000000 -12.336110446
212.000000000 -10.635148095
211.000000000 -15.436198393
210.000000000 -15.323069287
209.000000000 -10.184270253
208.000000000 -8.977634264
207.000000000 -12.086825460
206.000000000 -13.453314677
205.000000000 -12.489765328
204.000000000 -12.336323947
203.000000000 -0.794833924
202.000000000 2.943151734
201.000000000 -10.227633921
200.000000000 -6.021351535
199.000000000 2.985823491
198.000000000 20.252423348
197.000000000 8.827179860
196.000000000 13.440128061
195.000000000 25.961416375
194.000000000 9.539258941
193.000000000 13.474575531
192.000000000 -8.296122690
191.000000000 -9.631188540
190.000000000 5.673316076
