260.000000000 -0.662258358
259.000000000 -2.145043705
258.000000000 -0.278904395
257.000000000 -0.624769408
256.000000000 0.191822859
255.000000000 -0.947458137
254.000000000 -0.868598164
253.000000000 -0.112242527
252.000000000 -1.396010526
251.000000000 0.124862417
250.000000000 -1.329106810
249.000000000 -2.665797386
248.000000000 -0.771749629
247.000000000 -0.888659904
246.000000000 -0.550054448
245.000000000 -1.367504307
244.000000000 -0.805230714
243.000000000 -1.175299917
242.000000000 -3.152155404
241.000000000 -0.587248772
240.000000000 -3.694079792
239.000000000 -3.715404477
238.000000000 -2.565414628
237.000000000 -2.950015813
236.000000000 -5.618613507
235.000000000 -4.296536178
234.000000000 -4.073580196
233.000000000 -3.221899416
232.000000000 -8.331825244
231.000000000 -4.662719311
230.000000000 -6.371493221
229.000000000 -9.219647125
228.000000000 -6.530771378
227.000000000 -5.248366530
226.000000000 -9.657849610
225.000000000 -8.441459334
224.000000000 -8.471097218
223.000000000 -14.565996683
222.000000000 -8.339635122
221.000000000 -11.425546139
220.000000000 -10.465347263
219.000000000 -8.044506430
218.000000000 -9.086284039
217.000000000 -11.292334389
216.000000000 -9.978257659
215.000000000 -8.799887753
214.000000000 -12.092138979
213.000000000 -3.419851321
212.000000000 -3.906419821
211.000000000 -11.395679305
210.000000000 -6.725550911
209.000000000 -15.241831877
208.000000000 -6.708851891
207.000000000 -8.859913311
206.000000000 -6.221248376
205.000000000 -4.764029331
204.000000000 -4.152607113
203.000000000 -20.862465068
202.000000000 -2.574956342
201.000000000 4.332820833
200.000000000 -7.046954114
199.000000000 17.659639898
198.000000000 3.297564501
197.000000000 6.876017798
196.000000000 16.572590072
195.000000000 -0.574344805
194.000000000 11.116987399
193.000000000 13.803423976
192.000000000 -11.000909497
191.000000000 7.684570050
190.000000000 27.961888535
