260.000000000 -0.015911661
259.000000000 0.034501507
258.000000000 0.471039718
257.000000000 -0.599217114
256.000000000 -2.473881102
255.000000000 -0.889904424
254.000000000 0.008010165
253.000000000 -0.464980894
252.000000000 -0.379237650
251.000000000 -1.480905033
250.000000000 -1.245341660
249.000000000 0.058003566
248.000000000 -0.988777493
247.000000000 -1.199503860
246.000000000 0.845008418
245.000000000 -2.037857451
244.000000000 -0.443041438
243.000000000 -0.862403703
242.000000000 -0.333777760
241.000000000 -1.746841267
240.000000000 -1.537861546
239.000000000 -3.397875711
238.000000000 -2.880152187
237.000000000 -5.269556732
236.000000000 -1.830288036
235.000000000 -5.702016623
234.000000000 -3.930743684
233.000000000 -5.373894605
232.000000000 -4.536212773
231.000000000 -6.982389432
230.000000000 -6.632079246
229.000000000 -10.551614977
228.000000000 -5.335850476
227.000000000 -9.360290769
226.000000000 -8.098088844
225.000000000 -9.801214915
224.000000000 -9.023825988
223.000000000 -12.911770381
222.000000000 -10.444541699
221.000000000 -11.032678992
220.000000000 -15.114155996
219.000000000 -14.124228409
218.000000000 -15.902674064
217.000000000 -8.238852477
216.000000000 -7.953431950
215.000000000 -6.870315424
214.000000000 -9.142044885
213.000000000 -16.225434928
212.000000000 -13.689098060
211.000000000 -8.205199554
210.000000000 -13.640096812
209.000000000 -8.260442731
208.000000000 -8.744882871
207.000000000 -10.853155890
206.000000000 -10.148407921
205.000000000 -4.212238622
204.000000000 -8.470968663
203.000000000 -4.280173015
202.000000000 1.305022290
201.000000000 1.790196402
200.000000000 3.640825954
199.000000000 -0.363589277
198.000000000 10.667875696
197.000000000 -1.313201416
196.000000000 18.102566063
195.000000000 10.572776880
194.000000000 3.333187415
193.000000000 10.144624450
192.000000000 1.093132849
191.000000000 11.057780542
190.000000000 6.568577581
