260.000000000 -1.999399311
259.000000000 -0.726625251
258.000000000 -0.746488229
257.000000000 -0.895217487
256.000000000 -2.122595852
255.000000000 0.260220848
254.000000000 -0.232973840
253.000000000 -0.413885475
252.000000000 -1.134555419
251.000000000 1.061431104
250.000000000 -0.199879251
249.000000000 -0.395486671
248.000000000 -1.826757689
247.000000000 -0.879112603
246.000000000 -2.214848017
245.000000000 -2.536705071
244.000000000 -1.928510175
243.000000000 0.650437609
242.000000000 -4.968396939
241.000000000 0.746271429
240.000000000 -2.906793152
239.000000000 -2.886955846
238.000000000 -4.010052583
237.000000000 -1.002979999
236.000000000 -1.925673679
235.000000000 -2.833148268
234.000000000 -4.671751725
233.000000000 -5.823286127
232.000000000 -4.381875652
231.000000000 -5.969585229
230.000000000 -7.620767008
229.000000000 -2.974711268
228.000000000 -5.910087662
227.000000000 -10.889953972
226.000000000 -5.859405544
225.000000000 -8.021978576
224.000000000 -11.741085126
223.000000000 -12.549416431
222.000000000 -9.941953685
221.000000000 -10.869747270
220.000000000 -7.779449056
219.000000000 -12.310370056
218.000000000 -13.331227905
217.000000000 -14.482787041
216.000000000 -11.963668485
215.000000000 -9.893716188
214.000000000 -8.947915848
213.000000000 -7.198227332
212.000000000 -9.835015556
211.000000000 -15.082261807
210.000000000 -12.962165482
209.000000000 -12.597636457
208.000000000 -10.873204051
207.000000000 -7.509265066
206.000000000 -11.614204124
205.000000000 -8.837091381
204.000000000 -0.430186725
203.000000000 -0.109216291
202.000000000 1.321923940
201.000000000 7.882736285
200.000000000 -6.087879538
199.000000000 9.684735636
198.000000000 16.275876595
197.000000000 17.670558429
196.000000000 6.198602982
195.000000000 5.617212066
194.000000000 9.303452947
193.000000000 9.744490543
192.000000000 10.036081105
191.000000000 10.867543910
190.000000000 -6.683636774
