260.000000000 488.680480957
259.000000000 488.680480957
258.000000000 488.680480957
257.000000000 488.680480957
256.000000000 488.680480957
255.000000000 488.680480957
254.000000000 488.680480957
253.000000000 488.680480957
252.000000000 488.680480957
251.000000000 488.680480957
250.000000000 488.680480957
249.000000000 488.680480957
248.000000000 488.680480957
247.000000000 488.680480957
246.000000000 488.680480957
245.000000000 488.680480957
244.000000000 488.680480957
243.000000000 488.680480957
242.000000000 514.302246094
241.000000000 514.302246094
240.000000000 514.302246094
239.000000000 514.302246094
238.000000000 514.302246094
237.000000000 514.302246094
236.000000000 514.302246094
235.000000000 514.302246094
234.000000000 514.302246094
233.000000000 514.302246094
232.000000000 514.302246094
231.000000000 514.302246094
230.000000000 540.542724609
229.000000000 540.542724609
228.000000000 540.542724609
227.000000000 540.542724609
226.000000000 540.542724609
225.000000000 540.542724609
224.000000000 540.542724609
223.000000000 540.542724609
222.000000000 540.542724609
221.000000000 540.542724609
220.000000000 568.257751465
219.000000000 568.257751465
218.000000000 568.257751465
217.000000000 568.257751465
216.000000000 568.257751465
215.000000000 568.257751465
214.000000000 568.257751465
213.000000000 596.664245605
212.000000000 596.664245605
211.000000000 596.664245605
210.000000000 596.664245605
209.000000000 633.089172363
208.000000000 633.089172363
207.000000000 633.089172363
206.000000000 665.561279297
205.000000000 665.561279297
204.000000000 665.561279297
203.000000000 704.445800781
202.000000000 704.445800781
201.000000000 704.445800781
200.000000000 753.821533203
199.000000000 753.821533203
198.000000000 798.557983398
197.000000000 798.557983398
196.000000000 860.348510742
195.000000000 906.547851562
194.000000000 954.094421387
193.000000000 1011.053710938
192.000000000 1084.735107422
191.000000000 1100.000000000
190.000000000 1100.000000000
