260.000000000 488.680480957
259.000000000 488.680480957
258.000000000 488.680480957
257.000000000 488.680480957
256.000000000 488.680480957
255.000000000 488.680480957
254.000000000 488.680480957
253.000000000 488.680480957
252.000000000 488.680480957
251.000000000 488.680480957
250.000000000 488.680480957
249.000000000 488.680480957
248.000000000 488.680480957
247.000000000 488.680480957
246.000000000 488.680480957
245.000000000 488.680480957
244.000000000 488.680480957
243.000000000 488.680480957
242.000000000 514.729614258
241.000000000 514.729614258
240.000000000 514.729614258
239.000000000 514.729614258
238.000000000 514.729614258
237.000000000 514.729614258
236.000000000 514.729614258
235.000000000 514.729614258
234.000000000 514.729614258
233.000000000 514.729614258
232.000000000 514.729614258
231.000000000 514.729614258
230.000000000 540.211425781
229.000000000 540.211425781
228.000000000 540.211425781
227.000000000 540.211425781
226.000000000 540.211425781
225.000000000 540.211425781
224.000000000 540.211425781
223.000000000 540.211425781
222.000000000 540.211425781
221.000000000 540.211425781
220.000000000 567.356201172
219.000000000 567.356201172
218.000000000 567.356201172
217.000000000 567.356201172
216.000000000 567.356201172
215.000000000 567.356201172
214.000000000 567.356201172
213.000000000 598.339111328
212.000000000 598.339111328
211.000000000 598.339111328
210.000000000 598.339111328
209.000000000 632.648498535
208.000000000 632.648498535
207.000000000 632.648498535
206.000000000 667.136535645
205.000000000 667.136535645
204.000000000 667.136535645
203.000000000 702.406250000
202.000000000 702.406250000
201.000000000 702.406250000
200.000000000 751.098327637
199.000000000 751.098327637
198.000000000 797.658081055
197.000000000 797.658081055
196.000000000 862.819030762
195.000000000 906.562683105
194.000000000 950.414428711
193.000000000 1013.616149902
192.000000000 1077.167114258
191.000000000 1100.000000000
190.000000000 1100.000000000
