260.000000000 488.680480957
259.000000000 488.680480957
258.000000000 488.680480957
257.000000000 488.680480957
256.000000000 488.680480957
255.000000000 488.680480957
254.000000000 488.680480957
253.000000000 488.680480957
252.000000000 488.680480957
251.000000000 488.680480957
250.000000000 488.680480957
249.000000000 488.680480957
248.000000000 488.680480957
247.000000000 488.680480957
246.000000000 488.680480957
245.000000000 488.680480957
244.000000000 488.680480957
243.000000000 513.215332031
242.000000000 513.215332031
241.000000000 513.215332031
240.000000000 513.215332031
239.000000000 513.215332031
238.000000000 513.215332031
237.000000000 513.215332031
236.000000000 513.215332031
235.000000000 513.215332031
234.000000000 513.215332031
233.000000000 513.215332031
232.000000000 513.215332031
231.000000000 538.101684570
230.000000000 538.101684570
229.000000000 538.101684570
228.000000000 538.101684570
227.000000000 538.101684570
226.000000000 538.101684570
225.000000000 538.101684570
224.000000000 538.101684570
223.000000000 538.101684570
222.000000000 538.101684570
221.000000000 564.826416016
220.000000000 564.826416016
219.000000000 564.826416016
218.000000000 564.826416016
217.000000000 564.826416016
216.000000000 564.826416016
215.000000000 564.826416016
214.000000000 592.517028809
213.000000000 592.517028809
212.000000000 592.517028809
211.000000000 592.517028809
210.000000000 621.798767090
209.000000000 621.798767090
208.000000000 621.798767090
207.000000000 652.382141113
206.000000000 652.382141113
205.000000000 652.382141113
204.000000000 689.247985840
203.000000000 689.247985840
202.000000000 689.247985840
201.000000000 734.050659180
200.000000000 734.050659180
199.000000000 774.450256348
198.000000000 774.450256348
197.000000000 829.952026367
196.000000000 829.952026367
195.000000000 905.981689453
194.000000000 953.130371094
193.000000000 1013.738891602
192.000000000 1083.482543945
191.000000000 1100.000000000
190.000000000 1100.000000000
