260.000000000 488.680480957
259.000000000 488.680480957
258.000000000 488.680480957
257.000000000 488.680480957
256.000000000 488.680480957
255.000000000 488.680480957
254.000000000 488.680480957
253.000000000 488.680480957
252.000000000 488.680480957
251.000000000 488.680480957
250.000000000 488.680480957
249.000000000 488.680480957
248.000000000 488.680480957
247.000000000 488.680480957
246.000000000 488.680480957
245.000000000 488.680480957
244.000000000 488.680480957
243.000000000 512.842834473
242.000000000 512.842834473
241.000000000 512.842834473
240.000000000 512.842834473
239.000000000 512.842834473
238.000000000 512.842834473
237.000000000 512.842834473
236.000000000 512.842834473
235.000000000 512.842834473
234.000000000 512.842834473
233.000000000 512.842834473
232.000000000 512.842834473
231.000000000 512.842834473
230.000000000 540.237854004
229.000000000 540.237854004
228.000000000 540.237854004
227.000000000 540.237854004
226.000000000 540.237854004
225.000000000 540.237854004
224.000000000 540.237854004
223.000000000 540.237854004
222.000000000 540.237854004
221.000000000 540.237854004
220.000000000 568.136169434
219.000000000 568.136169434
218.000000000 568.136169434
217.000000000 568.136169434
216.000000000 568.136169434
215.000000000 568.136169434
214.000000000 568.136169434
213.000000000 597.560241699
212.000000000 597.560241699
211.000000000 597.560241699
210.000000000 597.560241699
209.000000000 630.869506836
208.000000000 630.869506836
207.000000000 630.869506836
206.000000000 665.810424805
205.000000000 665.810424805
204.000000000 665.810424805
203.000000000 704.490478516
202.000000000 704.490478516
201.000000000 704.490478516
200.000000000 754.390319824
199.000000000 754.390319824
198.000000000 799.493286133
197.000000000 799.493286133
196.000000000 863.206604004
195.000000000 863.206604004
194.000000000 954.784240723
193.000000000 1006.787109375
192.000000000 1081.941406250
191.000000000 1100.000000000
190.000000000 1100.000000000
