260.000000000 451.136840820
259.000000000 451.136840820
258.000000000 451.136840820
257.000000000 451.136840820
256.000000000 451.136840820
255.000000000 451.136840820
254.000000000 451.136840820
253.000000000 451.136840820
252.000000000 451.136840820
251.000000000 451.136840820
250.000000000 451.136840820
249.000000000 451.136840820
248.000000000 451.136840820
247.000000000 451.136840820
246.000000000 451.136840820
245.000000000 451.136840820
244.000000000 451.136840820
243.000000000 451.136840820
242.000000000 451.136840820
241.000000000 451.136840820
240.000000000 451.136840820
239.000000000 451.136840820
238.000000000 472.316619873
237.000000000 472.316619873
236.000000000 472.316619873
235.000000000 472.316619873
234.000000000 472.316619873
233.000000000 472.316619873
232.000000000 472.316619873
231.000000000 472.316619873
230.000000000 472.316619873
229.000000000 472.316619873
228.000000000 472.316619873
227.000000000 495.854187012
226.000000000 495.854187012
225.000000000 495.854187012
224.000000000 495.854187012
223.000000000 495.854187012
222.000000000 495.854187012
221.000000000 495.854187012
220.000000000 495.854187012
219.000000000 495.854187012
218.000000000 520.658386230
217.000000000 520.658386230
216.000000000 520.658386230
215.000000000 520.658386230
214.000000000 520.658386230
213.000000000 520.658386230
212.000000000 520.658386230
211.000000000 549.980590820
210.000000000 549.980590820
209.000000000 549.980590820
208.000000000 549.980590820
207.000000000 578.146179199
206.000000000 578.146179199
205.000000000 578.146179199
204.000000000 608.583923340
203.000000000 608.583923340
202.000000000 608.583923340
201.000000000 646.231384277
200.000000000 646.231384277
199.000000000 684.801025391
198.000000000 684.801025391
197.000000000 737.582397461
196.000000000 737.582397461
195.000000000 803.880432129
194.000000000 849.438171387
193.000000000 903.663085938
192.000000000 966.248657227
191.000000000 1045.933105469
190.000000000 1100.000000000
