260.000000000 488.680480957
259.000000000 488.680480957
258.000000000 488.680480957
257.000000000 488.680480957
256.000000000 488.680480957
255.000000000 488.680480957
254.000000000 488.680480957
253.000000000 488.680480957
252.000000000 488.680480957
251.000000000 488.680480957
250.000000000 488.680480957
249.000000000 488.680480957
248.000000000 488.680480957
247.000000000 488.680480957
246.000000000 488.680480957
245.000000000 488.680480957
244.000000000 488.680480957
243.000000000 512.760437012
242.000000000 512.760437012
241.000000000 512.760437012
240.000000000 512.760437012
239.000000000 512.760437012
238.000000000 512.760437012
237.000000000 512.760437012
236.000000000 512.760437012
235.000000000 512.760437012
234.000000000 512.760437012
233.000000000 512.760437012
232.000000000 512.760437012
231.000000000 512.760437012
230.000000000 512.760437012
229.000000000 542.405639648
228.000000000 542.405639648
227.000000000 542.405639648
226.000000000 542.405639648
225.000000000 542.405639648
224.000000000 542.405639648
223.000000000 542.405639648
222.000000000 542.405639648
221.000000000 542.405639648
220.000000000 542.405639648
219.000000000 569.375366211
218.000000000 569.375366211
217.000000000 569.375366211
216.000000000 569.375366211
215.000000000 569.375366211
214.000000000 569.375366211
213.000000000 598.865295410
212.000000000 598.865295410
211.000000000 598.865295410
210.000000000 598.865295410
209.000000000 632.835876465
208.000000000 632.835876465
207.000000000 632.835876465
206.000000000 666.179870605
205.000000000 666.179870605
204.000000000 666.179870605
203.000000000 702.688293457
202.000000000 702.688293457
201.000000000 702.688293457
200.000000000 753.309875488
199.000000000 753.309875488
198.000000000 799.547973633
197.000000000 799.547973633
196.000000000 865.787902832
195.000000000 865.787902832
194.000000000 955.034301758
193.000000000 1013.165832520
192.000000000 1089.293701172
191.000000000 1100.000000000
190.000000000 1100.000000000
