260.000000000 451.136840820
259.000000000 451.136840820
258.000000000 451.136840820
257.000000000 451.136840820
256.000000000 451.136840820
255.000000000 451.136840820
254.000000000 451.136840820
253.000000000 451.136840820
252.000000000 451.136840820
251.000000000 451.136840820
250.000000000 451.136840820
249.000000000 451.136840820
248.000000000 451.136840820
247.000000000 451.136840820
246.000000000 451.136840820
245.000000000 451.136840820
244.000000000 451.136840820
243.000000000 451.136840820
242.000000000 451.136840820
241.000000000 451.136840820
240.000000000 451.136840820
239.000000000 451.136840820
238.000000000 473.850250244
237.000000000 473.850250244
236.000000000 473.850250244
235.000000000 473.850250244
234.000000000 473.850250244
233.000000000 473.850250244
232.000000000 473.850250244
231.000000000 473.850250244
230.000000000 473.850250244
229.000000000 473.850250244
228.000000000 473.850250244
227.000000000 473.850250244
226.000000000 498.468475342
225.000000000 498.468475342
224.000000000 498.468475342
223.000000000 498.468475342
222.000000000 498.468475342
221.000000000 498.468475342
220.000000000 498.468475342
219.000000000 498.468475342
218.000000000 498.468475342
217.000000000 523.218017578
216.000000000 523.218017578
215.000000000 523.218017578
214.000000000 523.218017578
213.000000000 523.218017578
212.000000000 523.218017578
211.000000000 549.075683594
210.000000000 549.075683594
209.000000000 549.075683594
208.000000000 549.075683594
207.000000000 578.566894531
206.000000000 578.566894531
205.000000000 578.566894531
204.000000000 606.465332031
203.000000000 606.465332031
202.000000000 606.465332031
201.000000000 646.791931152
200.000000000 646.791931152
199.000000000 686.003662109
198.000000000 686.003662109
197.000000000 734.688903809
196.000000000 734.688903809
195.000000000 804.752685547
194.000000000 847.157897949
193.000000000 904.153747559
192.000000000 967.535522461
191.000000000 1040.717163086
190.000000000 1100.000000000
