260.000000000 451.136840820
259.000000000 451.136840820
258.000000000 451.136840820
257.000000000 451.136840820
256.000000000 451.136840820
255.000000000 451.136840820
254.000000000 451.136840820
253.000000000 451.136840820
252.000000000 451.136840820
251.000000000 451.136840820
250.000000000 451.136840820
249.000000000 451.136840820
248.000000000 451.136840820
247.000000000 451.136840820
246.000000000 451.136840820
245.000000000 451.136840820
244.000000000 451.136840820
243.000000000 451.136840820
242.000000000 451.136840820
241.000000000 451.136840820
240.000000000 451.136840820
239.000000000 451.136840820
238.000000000 472.342742920
237.000000000 472.342742920
236.000000000 472.342742920
235.000000000 472.342742920
234.000000000 472.342742920
233.000000000 472.342742920
232.000000000 472.342742920
231.000000000 472.342742920
230.000000000 472.342742920
229.000000000 472.342742920
228.000000000 472.342742920
227.000000000 495.728698730
226.000000000 495.728698730
225.000000000 495.728698730
224.000000000 495.728698730
223.000000000 495.728698730
222.000000000 495.728698730
221.000000000 495.728698730
220.000000000 495.728698730
219.000000000 495.728698730
218.000000000 520.454284668
217.000000000 520.454284668
216.000000000 520.454284668
215.000000000 520.454284668
214.000000000 520.454284668
213.000000000 520.454284668
212.000000000 520.454284668
211.000000000 550.317443848
210.000000000 550.317443848
209.000000000 550.317443848
208.000000000 550.317443848
207.000000000 577.637817383
206.000000000 577.637817383
205.000000000 577.637817383
204.000000000 607.377624512
203.000000000 607.377624512
202.000000000 607.377624512
201.000000000 646.445800781
200.000000000 646.445800781
199.000000000 685.931701660
198.000000000 685.931701660
197.000000000 734.098876953
196.000000000 734.098876953
195.000000000 805.389343262
194.000000000 847.469787598
193.000000000 901.273132324
192.000000000 963.778686523
191.000000000 1040.473388672
190.000000000 1100.000000000
