260.000000000 0.239696987
259.000000000 0.498267794
258.000000000 1.529411423
257.000000000 1.391249552
256.000000000 0.474453569
255.000000000 0.713860867
254.000000000 -0.762126303
253.000000000 -0.898927812
252.000000000 0.114795502
251.000000000 1.294716593
250.000000000 -0.309046448
249.000000000 -1.253548485
248.000000000 0.154593304
247.000000000 -1.458507989
246.000000000 -0.258547304
245.000000000 -0.564034665
244.000000000 -3.486542433
243.000000000 -1.267444445
242.000000000 -0.971041653
241.000000000 -0.896403539
240.000000000 -2.989931994
239.000000000 -2.891948901
238.000000000 -2.736818301
237.000000000 -1.878357855
236.000000000 -3.425791893
235.000000000 -3.984788637
234.000000000 -4.825086259
233.000000000 -2.981194339
232.000000000 -7.047912215
231.000000000 -7.800077958
230.000000000 -7.530551014
229.000000000 -7.578299870
228.000000000 -11.067644605
227.000000000 -11.181091377
226.000000000 -9.386377975
225.000000000 -8.607414669
224.000000000 -9.922577675
223.000000000 -11.123605595
222.000000000 -7.239418998
221.000000000 -10.182842290
220.000000000 -11.841272986
219.000000000 -12.375144191
218.000000000 -12.060653878
217.000000000 -8.075925536
216.000000000 -10.660375396
215.000000000 -13.627765433
214.000000000 -11.996722295
213.000000000 -13.090131566
212.000000000 -11.981533881
211.000000000 -12.854641323
210.000000000 -12.714610428
209.000000000 -11.181880804
208.000000000 -12.181921625
207.000000000 -10.655941434
206.000000000 -9.095629865
205.000000000 -5.696359954
204.000000000 -8.097105913
203.000000000 -3.793301127
202.000000000 -0.040135424
201.000000000 3.682511644
200.000000000 2.851234339
199.000000000 -2.422950063
198.000000000 10.073641854
197.000000000 10.610062282
196.000000000 -1.260641603
195.000000000 11.525246408
194.000000000 28.539424687
193.000000000 12.388512882
192.000000000 22.303384473
191.000000000 -15.213746890
190.000000000 37.238177990
