260.000000000 -0.259969641
259.000000000 0.039845423
258.000000000 -0.649313464
257.000000000 -0.336885720
256.000000000 -0.520715471
255.000000000 -0.133550553
254.000000000 0.051028020
253.000000000 -1.043124160
252.000000000 0.155648956
251.000000000 -1.801896724
250.000000000 -0.848831527
249.000000000 -0.759169783
248.000000000 -0.121696634
247.000000000 0.127244076
246.000000000 -2.363003250
245.000000000 0.274484550
244.000000000 -0.680096241
243.000000000 -0.513233588
242.000000000 -1.297168742
241.000000000 -0.725065347
240.000000000 -1.494375012
239.000000000 -2.071073514
238.000000000 -3.344353761
237.000000000 -3.765865032
236.000000000 -2.758669827
235.000000000 -3.257627174
234.000000000 -5.749005434
233.000000000 -4.625297091
232.000000000 -6.672556503
231.000000000 -6.994185550
230.000000000 -6.835337118
229.000000000 -7.151673647
228.000000000 -8.989658693
227.000000000 -9.635235625
226.000000000 -9.034700790
225.000000000 -7.063283443
224.000000000 -11.481314118
223.000000000 -12.061624601
222.000000000 -11.984346935
221.000000000 -12.183197106
220.000000000 -10.519910707
219.000000000 -11.850205140
218.000000000 -12.668503706
217.000000000 -15.188343386
216.000000000 -11.854246108
215.000000000 -11.720054172
214.000000000 -11.803795572
213.000000000 -9.342311942
212.000000000 -12.672612398
211.000000000 -10.306025136
210.000000000 -11.873319347
209.000000000 -12.437357325
208.000000000 -12.424279237
207.000000000 -12.258422898
206.000000000 -8.001957065
205.000000000 -4.532286648
204.000000000 -1.604088043
203.000000000 -3.149371760
202.000000000 -2.299482755
201.000000000 0.873047244
200.000000000 2.086031266
199.000000000 4.723446518
198.000000000 15.899450485
197.000000000 19.552699360
196.000000000 13.275663859
195.000000000 13.031816600
194.000000000 20.769965623
193.000000000 24.166910504
192.000000000 11.907161886
191.000000000 27.417621498
190.000000000 -15.822547699
