260.000000000 0.221131599
259.000000000 0.675061886
258.000000000 0.511610732
257.000000000 -0.522295819
256.000000000 -1.104338825
255.000000000 -0.003801450
254.000000000 0.311290067
253.000000000 -2.023570724
252.000000000 0.174817523
251.000000000 0.195879999
250.000000000 -0.470092475
249.000000000 -1.465608999
248.000000000 -0.600164460
247.000000000 -0.249189380
246.000000000 0.354543799
245.000000000 -2.024050954
244.000000000 -1.416971482
243.000000000 -1.380682604
242.000000000 -0.911193144
241.000000000 -0.352938597
240.000000000 -0.699168086
239.000000000 -1.806903632
238.000000000 -1.444293326
237.000000000 -3.375758112
236.000000000 -4.185722283
235.000000000 -4.213755383
234.000000000 -4.834564694
233.000000000 -4.896359940
232.000000000 -6.746655229
231.000000000 -8.444756010
230.000000000 -7.743490892
229.000000000 -7.686474567
228.000000000 -8.629721992
227.000000000 -12.010928489
226.000000000 -8.185183372
225.000000000 -10.675982707
224.000000000 -10.203548317
223.000000000 -10.658404824
222.000000000 -12.807190967
221.000000000 -11.470792533
220.000000000 -12.624445068
219.000000000 -11.212756927
218.000000000 -11.792650462
217.000000000 -11.018733063
216.000000000 -9.763349221
215.000000000 -13.185477714
214.000000000 -15.286040702
213.000000000 -11.461715839
212.000000000 -10.630951712
211.000000000 -8.782338383
210.000000000 -16.192498818
209.000000000 -10.795378473
208.000000000 -12.619896266
207.000000000 -12.084755606
206.000000000 -7.472030283
205.000000000 -7.936226446
204.000000000 -2.075469079
203.000000000 -5.568506016
202.000000000 2.181795500
201.000000000 1.245706098
200.000000000 8.951593129
199.000000000 2.991382833
198.000000000 5.258560434
197.000000000 13.560986039
196.000000000 16.997807310
195.000000000 15.159421664
194.000000000 35.900088636
193.000000000 9.061782611
192.000000000 16.366186445
191.000000000 3.663543620
190.000000000 -11.786979248
