260.000000000 488.680480957
259.000000000 488.680480957
258.000000000 488.680480957
257.000000000 488.680480957
256.000000000 488.680480957
255.000000000 488.680480957
254.000000000 488.680480957
253.000000000 515.393005371
252.000000000 515.393005371
251.000000000 515.393005371
250.000000000 515.393005371
249.000000000 515.393005371
248.000000000 515.393005371
247.000000000 515.393005371
246.000000000 515.393005371
245.000000000 515.393005371
244.000000000 515.393005371
243.000000000 515.393005371
242.000000000 515.393005371
241.000000000 515.393005371
240.000000000 515.393005371
239.000000000 544.423034668
238.000000000 544.423034668
237.000000000 544.423034668
236.000000000 544.423034668
235.000000000 544.423034668
234.000000000 544.423034668
233.000000000 544.423034668
232.000000000 573.133789062
231.000000000 573.133789062
230.000000000 573.133789062
229.000000000 573.133789062
228.000000000 573.133789062
227.000000000 603.883850098
226.000000000 603.883850098
225.000000000 603.883850098
224.000000000 603.883850098
223.000000000 603.883850098
222.000000000 639.782409668
221.000000000 639.782409668
220.000000000 639.782409668
219.000000000 639.782409668
218.000000000 639.782409668
217.000000000 639.782409668
216.000000000 639.782409668
215.000000000 673.257690430
214.000000000 673.257690430
213.000000000 673.257690430
212.000000000 673.257690430
211.000000000 705.882324219
210.000000000 705.882324219
209.000000000 705.882324219
208.000000000 743.396240234
207.000000000 743.396240234
206.000000000 743.396240234
205.000000000 789.532226562
204.000000000 789.532226562
203.000000000 789.532226562
202.000000000 835.044433594
201.000000000 835.044433594
200.000000000 835.044433594
199.000000000 895.441528320
198.000000000 895.441528320
197.000000000 950.153686523
196.000000000 950.153686523
195.000000000 1017.266479492
194.000000000 1068.903198242
193.000000000 1100.000000000
192.000000000 1100.000000000
191.000000000 1100.000000000
190.000000000 1100.000000000
