260.000000000 451.136840820
259.000000000 451.136840820
258.000000000 451.136840820
257.000000000 451.136840820
256.000000000 451.136840820
255.000000000 451.136840820
254.000000000 451.136840820
253.000000000 451.136840820
252.000000000 473.309204102
251.000000000 473.309204102
250.000000000 473.309204102
249.000000000 473.309204102
248.000000000 473.309204102
247.000000000 473.309204102
246.000000000 473.309204102
245.000000000 473.309204102
244.000000000 473.309204102
243.000000000 473.309204102
242.000000000 473.309204102
241.000000000 473.309204102
240.000000000 473.309204102
239.000000000 473.309204102
238.000000000 496.038482666
237.000000000 496.038482666
236.000000000 496.038482666
235.000000000 496.038482666
234.000000000 496.038482666
233.000000000 496.038482666
232.000000000 496.038482666
231.000000000 522.884704590
230.000000000 522.884704590
229.000000000 522.884704590
228.000000000 522.884704590
227.000000000 522.884704590
226.000000000 554.428771973
225.000000000 554.428771973
224.000000000 554.428771973
223.000000000 554.428771973
222.000000000 554.428771973
221.000000000 585.738769531
220.000000000 585.738769531
219.000000000 585.738769531
218.000000000 585.738769531
217.000000000 585.738769531
216.000000000 585.738769531
215.000000000 585.738769531
214.000000000 617.466308594
213.000000000 617.466308594
212.000000000 617.466308594
211.000000000 617.466308594
210.000000000 617.466308594
209.000000000 652.260742188
208.000000000 652.260742188
207.000000000 652.260742188
206.000000000 686.124328613
205.000000000 686.124328613
204.000000000 686.124328613
203.000000000 725.130981445
202.000000000 725.130981445
201.000000000 725.130981445
200.000000000 774.754028320
199.000000000 774.754028320
198.000000000 821.325012207
197.000000000 821.325012207
196.000000000 880.127502441
195.000000000 880.127502441
194.000000000 959.395935059
193.000000000 1014.742492676
192.000000000 1074.647094727
191.000000000 1100.000000000
190.000000000 1100.000000000
