260.000000000 451.136840820
259.000000000 451.136840820
258.000000000 451.136840820
257.000000000 451.136840820
256.000000000 451.136840820
255.000000000 451.136840820
254.000000000 451.136840820
253.000000000 451.136840820
252.000000000 472.757934570
251.000000000 472.757934570
250.000000000 472.757934570
249.000000000 472.757934570
248.000000000 472.757934570
247.000000000 472.757934570
246.000000000 472.757934570
245.000000000 472.757934570
244.000000000 472.757934570
243.000000000 472.757934570
242.000000000 472.757934570
241.000000000 472.757934570
240.000000000 472.757934570
239.000000000 472.757934570
238.000000000 496.544311523
237.000000000 496.544311523
236.000000000 496.544311523
235.000000000 496.544311523
234.000000000 496.544311523
233.000000000 496.544311523
232.000000000 519.857910156
231.000000000 519.857910156
230.000000000 519.857910156
229.000000000 519.857910156
228.000000000 519.857910156
227.000000000 548.910095215
226.000000000 548.910095215
225.000000000 548.910095215
224.000000000 548.910095215
223.000000000 576.446838379
222.000000000 576.446838379
221.000000000 576.446838379
220.000000000 576.446838379
219.000000000 576.446838379
218.000000000 576.446838379
217.000000000 603.424926758
216.000000000 603.424926758
215.000000000 603.424926758
214.000000000 603.424926758
213.000000000 603.424926758
212.000000000 603.424926758
211.000000000 634.286193848
210.000000000 634.286193848
209.000000000 634.286193848
208.000000000 634.286193848
207.000000000 672.305358887
206.000000000 672.305358887
205.000000000 672.305358887
204.000000000 709.372497559
203.000000000 709.372497559
202.000000000 709.372497559
201.000000000 753.319030762
200.000000000 753.319030762
199.000000000 792.115112305
198.000000000 792.115112305
197.000000000 843.888977051
196.000000000 843.888977051
195.000000000 909.869140625
194.000000000 954.609985352
193.000000000 1008.191894531
192.000000000 1074.922729492
191.000000000 1100.000000000
190.000000000 1100.000000000
