260.000000000 488.680480957
259.000000000 488.680480957
258.000000000 488.680480957
257.000000000 488.680480957
256.000000000 488.680480957
255.000000000 488.680480957
254.000000000 488.680480957
253.000000000 515.397094727
252.000000000 515.397094727
251.000000000 515.397094727
250.000000000 515.397094727
249.000000000 515.397094727
248.000000000 515.397094727
247.000000000 515.397094727
246.000000000 515.397094727
245.000000000 515.397094727
244.000000000 515.397094727
243.000000000 515.397094727
242.000000000 515.397094727
241.000000000 515.397094727
240.000000000 515.397094727
239.000000000 541.890502930
238.000000000 541.890502930
237.000000000 541.890502930
236.000000000 541.890502930
235.000000000 541.890502930
234.000000000 541.890502930
233.000000000 541.890502930
232.000000000 571.322265625
231.000000000 571.322265625
230.000000000 571.322265625
229.000000000 571.322265625
228.000000000 571.322265625
227.000000000 603.997924805
226.000000000 603.997924805
225.000000000 603.997924805
224.000000000 603.997924805
223.000000000 603.997924805
222.000000000 638.418762207
221.000000000 638.418762207
220.000000000 638.418762207
219.000000000 638.418762207
218.000000000 638.418762207
217.000000000 638.418762207
216.000000000 638.418762207
215.000000000 676.015747070
214.000000000 676.015747070
213.000000000 676.015747070
212.000000000 676.015747070
211.000000000 676.015747070
210.000000000 715.472290039
209.000000000 715.472290039
208.000000000 715.472290039
207.000000000 757.074829102
206.000000000 757.074829102
205.000000000 757.074829102
204.000000000 803.652465820
203.000000000 803.652465820
202.000000000 803.652465820
201.000000000 852.383911133
200.000000000 852.383911133
199.000000000 893.635742188
198.000000000 893.635742188
197.000000000 945.363952637
196.000000000 945.363952637
195.000000000 1016.861145020
194.000000000 1066.457397461
193.000000000 1100.000000000
192.000000000 1100.000000000
191.000000000 1100.000000000
190.000000000 1100.000000000
