260.000000000 488.680480957
259.000000000 488.680480957
258.000000000 488.680480957
257.000000000 488.680480957
256.000000000 488.680480957
255.000000000 488.680480957
254.000000000 513.592590332
253.000000000 513.592590332
252.000000000 513.592590332
251.000000000 513.592590332
250.000000000 513.592590332
249.000000000 513.592590332
248.000000000 513.592590332
247.000000000 513.592590332
246.000000000 513.592590332
245.000000000 513.592590332
244.000000000 513.592590332
243.000000000 513.592590332
242.000000000 513.592590332
241.000000000 538.472778320
240.000000000 538.472778320
239.000000000 538.472778320
238.000000000 538.472778320
237.000000000 538.472778320
236.000000000 538.472778320
235.000000000 538.472778320
234.000000000 538.472778320
233.000000000 567.763061523
232.000000000 567.763061523
231.000000000 567.763061523
230.000000000 567.763061523
229.000000000 567.763061523
228.000000000 596.777221680
227.000000000 596.777221680
226.000000000 596.777221680
225.000000000 596.777221680
224.000000000 596.777221680
223.000000000 632.641296387
222.000000000 632.641296387
221.000000000 632.641296387
220.000000000 632.641296387
219.000000000 632.641296387
218.000000000 632.641296387
217.000000000 665.184631348
216.000000000 665.184631348
215.000000000 665.184631348
214.000000000 665.184631348
213.000000000 665.184631348
212.000000000 665.184631348
211.000000000 706.158264160
210.000000000 706.158264160
209.000000000 706.158264160
208.000000000 741.628906250
207.000000000 741.628906250
206.000000000 741.628906250
205.000000000 785.561401367
204.000000000 785.561401367
203.000000000 785.561401367
202.000000000 835.769897461
201.000000000 835.769897461
200.000000000 835.769897461
199.000000000 891.711242676
198.000000000 891.711242676
197.000000000 944.566467285
196.000000000 944.566467285
195.000000000 1013.822265625
194.000000000 1013.822265625
193.000000000 1100.000000000
192.000000000 1100.000000000
191.000000000 1100.000000000
190.000000000 1100.000000000
