260.000000000 451.136840820
259.000000000 451.136840820
258.000000000 451.136840820
257.000000000 451.136840820
256.000000000 451.136840820
255.000000000 451.136840820
254.000000000 451.136840820
253.000000000 451.136840820
252.000000000 472.835388184
251.000000000 472.835388184
250.000000000 472.835388184
249.000000000 472.835388184
248.000000000 472.835388184
247.000000000 472.835388184
246.000000000 472.835388184
245.000000000 472.835388184
244.000000000 472.835388184
243.000000000 472.835388184
242.000000000 472.835388184
241.000000000 472.835388184
240.000000000 472.835388184
239.000000000 472.835388184
238.000000000 496.559265137
237.000000000 496.559265137
236.000000000 496.559265137
235.000000000 496.559265137
234.000000000 496.559265137
233.000000000 496.559265137
232.000000000 496.559265137
231.000000000 522.537109375
230.000000000 522.537109375
229.000000000 522.537109375
228.000000000 522.537109375
227.000000000 522.537109375
226.000000000 551.790771484
225.000000000 551.790771484
224.000000000 551.790771484
223.000000000 551.790771484
222.000000000 551.790771484
221.000000000 583.179199219
220.000000000 583.179199219
219.000000000 583.179199219
218.000000000 583.179199219
217.000000000 583.179199219
216.000000000 583.179199219
215.000000000 583.179199219
214.000000000 613.803527832
213.000000000 613.803527832
212.000000000 613.803527832
211.000000000 613.803527832
210.000000000 613.803527832
209.000000000 648.299316406
208.000000000 648.299316406
207.000000000 648.299316406
206.000000000 680.903625488
205.000000000 680.903625488
204.000000000 680.903625488
203.000000000 718.123168945
202.000000000 718.123168945
201.000000000 718.123168945
200.000000000 768.472961426
199.000000000 768.472961426
198.000000000 812.694396973
197.000000000 812.694396973
196.000000000 871.723815918
195.000000000 871.723815918
194.000000000 951.615600586
193.000000000 1004.292541504
192.000000000 1072.498291016
191.000000000 1100.000000000
190.000000000 1100.000000000
