260.000000000 488.680480957
259.000000000 488.680480957
258.000000000 488.680480957
257.000000000 488.680480957
256.000000000 488.680480957
255.000000000 488.680480957
254.000000000 488.680480957
253.000000000 515.594787598
252.000000000 515.594787598
251.000000000 515.594787598
250.000000000 515.594787598
249.000000000 515.594787598
248.000000000 515.594787598
247.000000000 515.594787598
246.000000000 515.594787598
245.000000000 515.594787598
244.000000000 515.594787598
243.000000000 515.594787598
242.000000000 515.594787598
241.000000000 515.594787598
240.000000000 541.762084961
239.000000000 541.762084961
238.000000000 541.762084961
237.000000000 541.762084961
236.000000000 541.762084961
235.000000000 541.762084961
234.000000000 541.762084961
233.000000000 541.762084961
232.000000000 574.012145996
231.000000000 574.012145996
230.000000000 574.012145996
229.000000000 574.012145996
228.000000000 574.012145996
227.000000000 606.149841309
226.000000000 606.149841309
225.000000000 606.149841309
224.000000000 606.149841309
223.000000000 636.238220215
222.000000000 636.238220215
221.000000000 636.238220215
220.000000000 636.238220215
219.000000000 636.238220215
218.000000000 636.238220215
217.000000000 666.983215332
216.000000000 666.983215332
215.000000000 666.983215332
214.000000000 666.983215332
213.000000000 666.983215332
212.000000000 699.797851562
211.000000000 699.797851562
210.000000000 699.797851562
209.000000000 733.887145996
208.000000000 733.887145996
207.000000000 733.887145996
206.000000000 774.198303223
205.000000000 774.198303223
204.000000000 774.198303223
203.000000000 822.614807129
202.000000000 822.614807129
201.000000000 822.614807129
200.000000000 871.577880859
199.000000000 871.577880859
198.000000000 917.138427734
197.000000000 917.138427734
196.000000000 980.541076660
195.000000000 980.541076660
194.000000000 1064.623046875
193.000000000 1100.000000000
192.000000000 1100.000000000
191.000000000 1100.000000000
190.000000000 1100.000000000
