260.000000000 1.006714082
259.000000000 -0.134301093
258.000000000 -1.715100002
257.000000000 -0.403613812
256.000000000 0.409534589
255.000000000 0.593787096
254.000000000 -1.631225105
253.000000000 0.884556775
252.000000000 -1.996114193
251.000000000 -0.500176207
250.000000000 -0.052908936
249.000000000 -0.257130982
248.000000000 -1.113475558
247.000000000 -1.028598919
246.000000000 -0.123256576
245.000000000 0.444497398
244.000000000 -0.956212825
243.000000000 -0.849087949
242.000000000 -0.643563185
241.000000000 -1.424397120
240.000000000 -3.071447978
239.000000000 -3.799066795
238.000000000 -2.976232239
237.000000000 -5.219953620
236.000000000 -0.900209916
235.000000000 -3.813016448
234.000000000 -2.628194476
233.000000000 -6.952546292
232.000000000 -5.313844935
231.000000000 -7.033576634
230.000000000 -5.521905123
229.000000000 -5.302679332
228.000000000 -9.256249614
227.000000000 -7.023784092
226.000000000 -11.119794474
225.000000000 -9.990498851
224.000000000 -10.973762560
223.000000000 -10.936745132
222.000000000 -5.940357851
221.000000000 -8.754459317
220.000000000 -9.983446901
219.000000000 -7.673365438
218.000000000 -9.726129365
217.000000000 -7.372974532
216.000000000 -7.246253227
215.000000000 -10.831891101
214.000000000 -16.578679418
213.000000000 -10.478833385
212.000000000 -4.580501821
211.000000000 -7.831315190
210.000000000 -5.361580334
209.000000000 -12.522684092
208.000000000 -12.552691269
207.000000000 0.113052100
206.000000000 -12.452219046
205.000000000 -4.081227480
204.000000000 -8.910135959
203.000000000 -15.457749905
202.000000000 -9.894630621
201.000000000 3.093513824
200.000000000 3.064482397
199.000000000 1.547540882
198.000000000 9.850827712
197.000000000 12.051487725
196.000000000 3.169611527
195.000000000 -4.624702090
194.000000000 5.291088512
193.000000000 13.434656883
192.000000000 -3.398625680
191.000000000 0.856351928
190.000000000 -54.467833143
