260.000000000 451.136840820
259.000000000 451.136840820
258.000000000 451.136840820
257.000000000 451.136840820
256.000000000 451.136840820
255.000000000 451.136840820
254.000000000 451.136840820
253.000000000 451.136840820
252.000000000 451.136840820
251.000000000 451.136840820
250.000000000 451.136840820
249.000000000 451.136840820
248.000000000 451.136840820
247.000000000 451.136840820
246.000000000 451.136840820
245.000000000 451.136840820
244.000000000 451.136840820
243.000000000 451.136840820
242.000000000 451.136840820
241.000000000 451.136840820
240.000000000 451.136840820
239.000000000 451.136840820
238.000000000 451.136840820
237.000000000 451.136840820
236.000000000 451.136840820
235.000000000 473.338439941
234.000000000 473.338439941
233.000000000 473.338439941
232.000000000 473.338439941
231.000000000 473.338439941
230.000000000 473.338439941
229.000000000 473.338439941
228.000000000 473.338439941
227.000000000 473.338439941
226.000000000 473.338439941
225.000000000 473.338439941
224.000000000 473.338439941
223.000000000 473.338439941
222.000000000 473.338439941
221.000000000 473.338439941
220.000000000 497.988830566
219.000000000 497.988830566
218.000000000 497.988830566
217.000000000 497.988830566
216.000000000 497.988830566
215.000000000 497.988830566
214.000000000 497.988830566
213.000000000 497.988830566
212.000000000 497.988830566
211.000000000 497.988830566
210.000000000 523.947265625
209.000000000 523.947265625
208.000000000 523.947265625
207.000000000 523.947265625
206.000000000 523.947265625
205.000000000 523.947265625
204.000000000 552.463745117
203.000000000 552.463745117
202.000000000 552.463745117
201.000000000 552.463745117
200.000000000 584.121093750
199.000000000 584.121093750
198.000000000 612.689514160
197.000000000 612.689514160
196.000000000 653.373413086
195.000000000 653.373413086
194.000000000 714.740417480
193.000000000 756.163696289
192.000000000 810.029724121
191.000000000 876.680114746
190.000000000 963.803771973
