260.000000000 488.680480957
259.000000000 488.680480957
258.000000000 488.680480957
257.000000000 488.680480957
256.000000000 488.680480957
255.000000000 488.680480957
254.000000000 488.680480957
253.000000000 488.680480957
252.000000000 488.680480957
251.000000000 488.680480957
250.000000000 488.680480957
249.000000000 488.680480957
248.000000000 488.680480957
247.000000000 488.680480957
246.000000000 488.680480957
245.000000000 488.680480957
244.000000000 488.680480957
243.000000000 488.680480957
242.000000000 488.680480957
241.000000000 488.680480957
240.000000000 514.411010742
239.000000000 514.411010742
238.000000000 514.411010742
237.000000000 514.411010742
236.000000000 514.411010742
235.000000000 514.411010742
234.000000000 514.411010742
233.000000000 514.411010742
232.000000000 514.411010742
231.000000000 514.411010742
230.000000000 514.411010742
229.000000000 514.411010742
228.000000000 514.411010742
227.000000000 514.411010742
226.000000000 514.411010742
225.000000000 514.411010742
224.000000000 514.411010742
223.000000000 540.409667969
222.000000000 540.409667969
221.000000000 540.409667969
220.000000000 540.409667969
219.000000000 540.409667969
218.000000000 540.409667969
217.000000000 540.409667969
216.000000000 540.409667969
215.000000000 540.409667969
214.000000000 540.409667969
213.000000000 540.409667969
212.000000000 573.546020508
211.000000000 573.546020508
210.000000000 573.546020508
209.000000000 573.546020508
208.000000000 573.546020508
207.000000000 605.064270020
206.000000000 605.064270020
205.000000000 605.064270020
204.000000000 605.064270020
203.000000000 605.064270020
202.000000000 638.434753418
201.000000000 638.434753418
200.000000000 638.434753418
199.000000000 671.517395020
198.000000000 671.517395020
197.000000000 706.014709473
196.000000000 706.014709473
195.000000000 760.464965820
194.000000000 797.711853027
193.000000000 844.498962402
192.000000000 906.294494629
191.000000000 984.649108887
190.000000000 1082.386718750
