260.000000000 488.680480957
259.000000000 488.680480957
258.000000000 488.680480957
257.000000000 488.680480957
256.000000000 488.680480957
255.000000000 488.680480957
254.000000000 488.680480957
253.000000000 488.680480957
252.000000000 488.680480957
251.000000000 488.680480957
250.000000000 488.680480957
249.000000000 488.680480957
248.000000000 488.680480957
247.000000000 488.680480957
246.000000000 488.680480957
245.000000000 488.680480957
244.000000000 488.680480957
243.000000000 488.680480957
242.000000000 488.680480957
241.000000000 512.503540039
240.000000000 512.503540039
239.000000000 512.503540039
238.000000000 512.503540039
237.000000000 512.503540039
236.000000000 512.503540039
235.000000000 512.503540039
234.000000000 512.503540039
233.000000000 512.503540039
232.000000000 512.503540039
231.000000000 512.503540039
230.000000000 512.503540039
229.000000000 512.503540039
228.000000000 512.503540039
227.000000000 512.503540039
226.000000000 512.503540039
225.000000000 537.563476562
224.000000000 537.563476562
223.000000000 537.563476562
222.000000000 537.563476562
221.000000000 537.563476562
220.000000000 537.563476562
219.000000000 537.563476562
218.000000000 537.563476562
217.000000000 537.563476562
216.000000000 537.563476562
215.000000000 537.563476562
214.000000000 564.165039062
213.000000000 564.165039062
212.000000000 564.165039062
211.000000000 564.165039062
210.000000000 564.165039062
209.000000000 564.165039062
208.000000000 596.988220215
207.000000000 596.988220215
206.000000000 596.988220215
205.000000000 596.988220215
204.000000000 596.988220215
203.000000000 629.224853516
202.000000000 629.224853516
201.000000000 629.224853516
200.000000000 629.224853516
199.000000000 671.285827637
198.000000000 671.285827637
197.000000000 705.217773438
196.000000000 705.217773438
195.000000000 758.615600586
194.000000000 796.380615234
193.000000000 846.065307617
192.000000000 906.295532227
191.000000000 984.864318848
190.000000000 1082.627563477
