260.000000000 488.680480957
259.000000000 488.680480957
258.000000000 488.680480957
257.000000000 488.680480957
256.000000000 488.680480957
255.000000000 488.680480957
254.000000000 488.680480957
253.000000000 488.680480957
252.000000000 488.680480957
251.000000000 488.680480957
250.000000000 488.680480957
249.000000000 488.680480957
248.000000000 488.680480957
247.000000000 488.680480957
246.000000000 488.680480957
245.000000000 488.680480957
244.000000000 488.680480957
243.000000000 488.680480957
242.000000000 488.680480957
241.000000000 488.680480957
240.000000000 488.680480957
239.000000000 513.380920410
238.000000000 513.380920410
237.000000000 513.380920410
236.000000000 513.380920410
235.000000000 513.380920410
234.000000000 513.380920410
233.000000000 513.380920410
232.000000000 513.380920410
231.000000000 513.380920410
230.000000000 513.380920410
229.000000000 513.380920410
228.000000000 513.380920410
227.000000000 513.380920410
226.000000000 513.380920410
225.000000000 513.380920410
224.000000000 513.380920410
223.000000000 540.465942383
222.000000000 540.465942383
221.000000000 540.465942383
220.000000000 540.465942383
219.000000000 540.465942383
218.000000000 540.465942383
217.000000000 540.465942383
216.000000000 540.465942383
215.000000000 540.465942383
214.000000000 540.465942383
213.000000000 569.011230469
212.000000000 569.011230469
211.000000000 569.011230469
210.000000000 569.011230469
209.000000000 569.011230469
208.000000000 569.011230469
207.000000000 606.064697266
206.000000000 606.064697266
205.000000000 606.064697266
204.000000000 606.064697266
203.000000000 606.064697266
202.000000000 636.908508301
201.000000000 636.908508301
200.000000000 636.908508301
199.000000000 672.782653809
198.000000000 672.782653809
197.000000000 706.368591309
196.000000000 706.368591309
195.000000000 762.658264160
194.000000000 762.658264160
193.000000000 843.721740723
192.000000000 906.422485352
191.000000000 986.016601562
190.000000000 1078.596191406
