260.000000000 451.136840820
259.000000000 451.136840820
258.000000000 451.136840820
257.000000000 451.136840820
256.000000000 451.136840820
255.000000000 451.136840820
254.000000000 451.136840820
253.000000000 451.136840820
252.000000000 451.136840820
251.000000000 451.136840820
250.000000000 451.136840820
249.000000000 451.136840820
248.000000000 451.136840820
247.000000000 451.136840820
246.000000000 451.136840820
245.000000000 451.136840820
244.000000000 451.136840820
243.000000000 451.136840820
242.000000000 451.136840820
241.000000000 451.136840820
240.000000000 451.136840820
239.000000000 451.136840820
238.000000000 451.136840820
237.000000000 451.136840820
236.000000000 472.529876709
235.000000000 472.529876709
234.000000000 472.529876709
233.000000000 472.529876709
232.000000000 472.529876709
231.000000000 472.529876709
230.000000000 472.529876709
229.000000000 472.529876709
228.000000000 472.529876709
227.000000000 472.529876709
226.000000000 472.529876709
225.000000000 472.529876709
224.000000000 472.529876709
223.000000000 472.529876709
222.000000000 472.529876709
221.000000000 495.329772949
220.000000000 495.329772949
219.000000000 495.329772949
218.000000000 495.329772949
217.000000000 495.329772949
216.000000000 495.329772949
215.000000000 495.329772949
214.000000000 495.329772949
213.000000000 495.329772949
212.000000000 495.329772949
211.000000000 519.913818359
210.000000000 519.913818359
209.000000000 519.913818359
208.000000000 519.913818359
207.000000000 519.913818359
206.000000000 519.913818359
205.000000000 546.736999512
204.000000000 546.736999512
203.000000000 546.736999512
202.000000000 546.736999512
201.000000000 575.437194824
200.000000000 575.437194824
199.000000000 575.437194824
198.000000000 612.239196777
197.000000000 612.239196777
196.000000000 654.585510254
195.000000000 654.585510254
194.000000000 713.488220215
193.000000000 757.490661621
192.000000000 808.220520020
191.000000000 878.383300781
190.000000000 965.266784668
