260.000000000 451.136840820
259.000000000 451.136840820
258.000000000 451.136840820
257.000000000 451.136840820
256.000000000 451.136840820
255.000000000 451.136840820
254.000000000 451.136840820
253.000000000 451.136840820
252.000000000 451.136840820
251.000000000 451.136840820
250.000000000 451.136840820
249.000000000 451.136840820
248.000000000 451.136840820
247.000000000 451.136840820
246.000000000 451.136840820
245.000000000 451.136840820
244.000000000 451.136840820
243.000000000 451.136840820
242.000000000 451.136840820
241.000000000 451.136840820
240.000000000 451.136840820
239.000000000 451.136840820
238.000000000 451.136840820
237.000000000 451.136840820
236.000000000 472.979705811
235.000000000 472.979705811
234.000000000 472.979705811
233.000000000 472.979705811
232.000000000 472.979705811
231.000000000 472.979705811
230.000000000 472.979705811
229.000000000 472.979705811
228.000000000 472.979705811
227.000000000 472.979705811
226.000000000 472.979705811
225.000000000 472.979705811
224.000000000 472.979705811
223.000000000 472.979705811
222.000000000 472.979705811
221.000000000 472.979705811
220.000000000 497.925018311
219.000000000 497.925018311
218.000000000 497.925018311
217.000000000 497.925018311
216.000000000 497.925018311
215.000000000 497.925018311
214.000000000 497.925018311
213.000000000 497.925018311
212.000000000 497.925018311
211.000000000 497.925018311
210.000000000 523.280761719
209.000000000 523.280761719
208.000000000 523.280761719
207.000000000 523.280761719
206.000000000 523.280761719
205.000000000 523.280761719
204.000000000 552.420166016
203.000000000 552.420166016
202.000000000 552.420166016
201.000000000 552.420166016
200.000000000 583.990051270
199.000000000 583.990051270
198.000000000 613.659729004
197.000000000 613.659729004
196.000000000 654.371154785
195.000000000 654.371154785
194.000000000 715.096679688
193.000000000 756.327819824
192.000000000 808.421020508
191.000000000 877.780395508
190.000000000 962.577026367
