260.000000000 488.680480957
259.000000000 488.680480957
258.000000000 488.680480957
257.000000000 488.680480957
256.000000000 488.680480957
255.000000000 488.680480957
254.000000000 488.680480957
253.000000000 488.680480957
252.000000000 488.680480957
251.000000000 488.680480957
250.000000000 488.680480957
249.000000000 488.680480957
248.000000000 488.680480957
247.000000000 488.680480957
246.000000000 488.680480957
245.000000000 488.680480957
244.000000000 488.680480957
243.000000000 488.680480957
242.000000000 488.680480957
241.000000000 488.680480957
240.000000000 514.003417969
239.000000000 514.003417969
238.000000000 514.003417969
237.000000000 514.003417969
236.000000000 514.003417969
235.000000000 514.003417969
234.000000000 514.003417969
233.000000000 514.003417969
232.000000000 514.003417969
231.000000000 514.003417969
230.000000000 514.003417969
229.000000000 514.003417969
228.000000000 514.003417969
227.000000000 514.003417969
226.000000000 514.003417969
225.000000000 538.831237793
224.000000000 538.831237793
223.000000000 538.831237793
222.000000000 538.831237793
221.000000000 538.831237793
220.000000000 538.831237793
219.000000000 538.831237793
218.000000000 538.831237793
217.000000000 538.831237793
216.000000000 538.831237793
215.000000000 538.831237793
214.000000000 538.831237793
213.000000000 569.179748535
212.000000000 569.179748535
211.000000000 569.179748535
210.000000000 569.179748535
209.000000000 569.179748535
208.000000000 569.179748535
207.000000000 602.444519043
206.000000000 602.444519043
205.000000000 602.444519043
204.000000000 602.444519043
203.000000000 602.444519043
202.000000000 638.753479004
201.000000000 638.753479004
200.000000000 638.753479004
199.000000000 670.915466309
198.000000000 670.915466309
197.000000000 706.432434082
196.000000000 706.432434082
195.000000000 758.040466309
194.000000000 795.733032227
193.000000000 844.147460938
192.000000000 904.037109375
191.000000000 984.370422363
190.000000000 1079.921752930
