260.000000000 488.680480957
259.000000000 488.680480957
258.000000000 488.680480957
257.000000000 488.680480957
256.000000000 488.680480957
255.000000000 488.680480957
254.000000000 488.680480957
253.000000000 488.680480957
252.000000000 488.680480957
251.000000000 488.680480957
250.000000000 488.680480957
249.000000000 488.680480957
248.000000000 488.680480957
247.000000000 488.680480957
246.000000000 488.680480957
245.000000000 488.680480957
244.000000000 488.680480957
243.000000000 488.680480957
242.000000000 488.680480957
241.000000000 512.572204590
240.000000000 512.572204590
239.000000000 512.572204590
238.000000000 512.572204590
237.000000000 512.572204590
236.000000000 512.572204590
235.000000000 512.572204590
234.000000000 512.572204590
233.000000000 512.572204590
232.000000000 512.572204590
231.000000000 512.572204590
230.000000000 512.572204590
229.000000000 512.572204590
228.000000000 512.572204590
227.000000000 512.572204590
226.000000000 512.572204590
225.000000000 538.508728027
224.000000000 538.508728027
223.000000000 538.508728027
222.000000000 538.508728027
221.000000000 538.508728027
220.000000000 538.508728027
219.000000000 538.508728027
218.000000000 538.508728027
217.000000000 538.508728027
216.000000000 538.508728027
215.000000000 538.508728027
214.000000000 564.730285645
213.000000000 564.730285645
212.000000000 564.730285645
211.000000000 564.730285645
210.000000000 564.730285645
209.000000000 564.730285645
208.000000000 595.856811523
207.000000000 595.856811523
206.000000000 595.856811523
205.000000000 595.856811523
204.000000000 625.149963379
203.000000000 625.149963379
202.000000000 625.149963379
201.000000000 625.149963379
200.000000000 656.379760742
199.000000000 656.379760742
198.000000000 688.169433594
197.000000000 688.169433594
196.000000000 728.775756836
195.000000000 728.775756836
194.000000000 794.179748535
193.000000000 845.312316895
192.000000000 904.894897461
191.000000000 983.583740234
190.000000000 1073.574218750
