260.000000000 -0.444540944
259.000000000 -0.986172089
258.000000000 -1.818989907
257.000000000 -2.467009769
256.000000000 -1.380942113
255.000000000 -1.169145870
254.000000000 -1.242791210
253.000000000 -1.273317952
252.000000000 -0.632359232
251.000000000 -1.026267443
250.000000000 -0.526151252
249.000000000 -2.098739827
248.000000000 -2.339201808
247.000000000 -1.199164459
246.000000000 -0.038019986
245.000000000 -1.625463539
244.000000000 -1.384083647
243.000000000 -0.777766416
242.000000000 -2.421993446
241.000000000 -3.051453395
240.000000000 -1.662686751
239.000000000 -0.960771572
238.000000000 -3.385547415
237.000000000 -2.207713657
236.000000000 -2.008909032
235.000000000 -0.730915814
234.000000000 -3.049432338
233.000000000 -2.726297748
232.000000000 -3.388994086
231.000000000 -3.061466558
230.000000000 -1.304378285
229.000000000 -1.687522083
228.000000000 -1.541038290
227.000000000 -3.018764788
226.000000000 -1.291399950
225.000000000 -3.831504202
224.000000000 -3.725880742
223.000000000 -2.360283019
222.000000000 -2.045923987
221.000000000 -2.162266162
220.000000000 -3.869129083
219.000000000 -3.619667383
218.000000000 -1.679294999
217.000000000 -1.368313798
216.000000000 -4.262150259
215.000000000 -3.796639105
214.000000000 -4.894552707
213.000000000 -2.430525808
212.000000000 -2.774011248
211.000000000 -4.231089081
210.000000000 -3.273340282
209.000000000 -3.430845937
208.000000000 -6.347522786
207.000000000 -4.418484868
206.000000000 -3.649949191
205.000000000 -1.664010055
204.000000000 -1.877089827
203.000000000 0.391362102
202.000000000 -5.748266996
201.000000000 -7.280046156
200.000000000 -2.701993351
199.000000000 -0.914912969
198.000000000 -5.565537242
197.000000000 -2.785743100
196.000000000 -6.029813243
195.000000000 -2.069118581
194.000000000 9.110104925
193.000000000 -9.180056042
192.000000000 -1.509944467
191.000000000 -9.062829893
190.000000000 -19.492242303
