260.000000000 -1.607842461
259.000000000 -0.620450370
258.000000000 -2.318724432
257.000000000 -1.426483790
256.000000000 -0.996779298
255.000000000 0.055896574
254.000000000 -1.153215416
253.000000000 -0.847853950
252.000000000 -0.878792570
251.000000000 -0.808317413
250.000000000 -0.416031630
249.000000000 -1.552808818
248.000000000 -2.382805363
247.000000000 -2.534540816
246.000000000 -1.405912998
245.000000000 -2.949162823
244.000000000 -1.675558370
243.000000000 -2.486707822
242.000000000 -1.988467374
241.000000000 0.366668671
240.000000000 0.294445933
239.000000000 -1.887441027
238.000000000 -2.401966397
237.000000000 -1.328639102
236.000000000 -2.450771404
235.000000000 -2.261745462
234.000000000 -1.086995184
233.000000000 -0.861522177
232.000000000 -1.549541776
231.000000000 -4.000958009
230.000000000 -0.811158005
229.000000000 -0.806524886
228.000000000 -3.239198967
227.000000000 -3.442230103
226.000000000 -2.192474122
225.000000000 -2.204165757
224.000000000 -2.029709669
223.000000000 -2.873179838
222.000000000 -6.800603332
221.000000000 -2.136930216
220.000000000 -2.389638398
219.000000000 -1.880206086
218.000000000 -2.929829502
217.000000000 -4.917896447
216.000000000 -4.569793252
215.000000000 -3.748249860
214.000000000 -3.353221171
213.000000000 -4.944531033
212.000000000 -2.552408769
211.000000000 -2.931969947
210.000000000 -2.733254365
209.000000000 -5.737663331
208.000000000 -3.177549163
207.000000000 -2.177164569
206.000000000 -2.845165539
205.000000000 -6.201167812
204.000000000 -5.987476814
203.000000000 -3.966904538
202.000000000 -5.337081926
201.000000000 0.410948804
200.000000000 -0.384780093
199.000000000 -4.715454190
198.000000000 -4.341589687
197.000000000 0.370119489
196.000000000 1.320722112
195.000000000 -2.767153799
194.000000000 2.951860117
193.000000000 0.148437946
192.000000000 4.193818705
191.000000000 6.231744278
190.000000000 -22.832821647
