260.000000000 -0.761050709
259.000000000 -0.609745282
258.000000000 0.066291609
257.000000000 -1.426837649
256.000000000 -0.320916759
255.000000000 -0.639010241
254.000000000 -1.416777943
253.000000000 -1.865775312
252.000000000 -1.333622846
251.000000000 -3.141215656
250.000000000 0.131758256
249.000000000 -0.756982051
248.000000000 -0.874873123
247.000000000 -1.078385569
246.000000000 -1.508749098
245.000000000 -2.319675054
244.000000000 -0.754782124
243.000000000 -2.458302391
242.000000000 -1.957368469
241.000000000 -0.861842553
240.000000000 -1.834746425
239.000000000 -1.874830917
238.000000000 -1.247818694
237.000000000 -0.675415764
236.000000000 -1.837833209
235.000000000 -2.687557097
234.000000000 -2.277371522
233.000000000 -2.142289243
232.000000000 -2.740383108
231.000000000 -1.532455366
230.000000000 -2.637560067
229.000000000 -3.320319398
228.000000000 -3.201752381
227.000000000 -3.282756134
226.000000000 -3.533004308
225.000000000 -1.645756152
224.000000000 -4.175343335
223.000000000 -2.768080675
222.000000000 -1.809714221
221.000000000 -2.221151731
220.000000000 -4.211444027
219.000000000 -3.048037328
218.000000000 -1.602020216
217.000000000 -4.531899741
216.000000000 -1.744899937
215.000000000 -3.555663614
214.000000000 -1.942809603
213.000000000 -2.852026175
212.000000000 -2.417761822
211.000000000 -2.912350537
210.000000000 -4.480908709
209.000000000 -3.033729776
208.000000000 -5.404891717
207.000000000 -1.030132273
206.000000000 -5.679048736
205.000000000 -7.255371675
204.000000000 -5.775534109
203.000000000 -5.998745569
202.000000000 0.237818122
201.000000000 -5.098276404
200.000000000 -6.226062187
199.000000000 -6.631427310
198.000000000 -5.816625921
197.000000000 -0.580413952
196.000000000 -3.252404741
195.000000000 7.820794272
194.000000000 -5.874673688
193.000000000 7.392791712
192.000000000 1.340023745
191.000000000 13.598339962
190.000000000 7.367247214
