260.000000000 0.173666143
259.000000000 -0.326675950
258.000000000 0.559679925
257.000000000 -0.164041873
256.000000000 -1.861489279
255.000000000 -0.118985606
254.000000000 -0.705567229
253.000000000 -0.113905915
252.000000000 -1.663357800
251.000000000 -0.871467569
250.000000000 0.918239504
249.000000000 -2.167842713
248.000000000 -0.391440995
247.000000000 -2.483642818
246.000000000 -0.939622054
245.000000000 -1.309699590
244.000000000 -2.209719819
243.000000000 -1.404780170
242.000000000 -1.872228146
241.000000000 -0.668773038
240.000000000 -2.745349147
239.000000000 -2.254168945
238.000000000 -0.879233695
237.000000000 -1.190301492
236.000000000 -0.942086577
235.000000000 -2.399532707
234.000000000 -1.025104524
233.000000000 -2.894422463
232.000000000 -3.296385599
231.000000000 -1.394594149
230.000000000 -2.618035010
229.000000000 -1.232830006
228.000000000 -3.001697251
227.000000000 -2.703610256
226.000000000 -2.042309722
225.000000000 -3.862703774
224.000000000 -4.273331605
223.000000000 -3.818869213
222.000000000 -1.696254086
221.000000000 -3.611743007
220.000000000 -1.372973579
219.000000000 -0.715489510
218.000000000 -2.685356064
217.000000000 -3.836584981
216.000000000 -3.810399525
215.000000000 -2.996298383
214.000000000 -2.059400765
213.000000000 -1.996750411
212.000000000 -4.223736054
211.000000000 -1.554843086
210.000000000 -3.466191462
209.000000000 -6.641820375
208.000000000 -7.417771055
207.000000000 -6.271249926
206.000000000 -4.591017064
205.000000000 -5.528707455
204.000000000 -3.261280826
203.000000000 -2.076019610
202.000000000 -3.821973870
201.000000000 -5.233601577
200.000000000 -1.733096187
199.000000000 -2.479753312
198.000000000 -1.897232107
197.000000000 -1.761744539
196.000000000 0.512394183
195.000000000 -11.567207363
194.000000000 2.554537529
193.000000000 -2.129730896
192.000000000 -9.403427700
191.000000000 7.555436326
190.000000000 -6.878224501
