260.000000000 451.136840820
259.000000000 451.136840820
258.000000000 451.136840820
257.000000000 451.136840820
256.000000000 451.136840820
255.000000000 451.136840820
254.000000000 451.136840820
253.000000000 451.136840820
252.000000000 451.136840820
251.000000000 451.136840820
250.000000000 451.136840820
249.000000000 451.136840820
248.000000000 451.136840820
247.000000000 451.136840820
246.000000000 451.136840820
245.000000000 451.136840820
244.000000000 451.136840820
243.000000000 451.136840820
242.000000000 451.136840820
241.000000000 451.136840820
240.000000000 451.136840820
239.000000000 451.136840820
238.000000000 472.647216797
237.000000000 472.647216797
236.000000000 472.647216797
235.000000000 472.647216797
234.000000000 472.647216797
233.000000000 472.647216797
232.000000000 472.647216797
231.000000000 472.647216797
230.000000000 472.647216797
229.000000000 499.406372070
228.000000000 499.406372070
227.000000000 499.406372070
226.000000000 499.406372070
225.000000000 499.406372070
224.000000000 499.406372070
223.000000000 525.639892578
222.000000000 525.639892578
221.000000000 525.639892578
220.000000000 525.639892578
219.000000000 551.709350586
218.000000000 551.709350586
217.000000000 551.709350586
216.000000000 551.709350586
215.000000000 580.386840820
214.000000000 580.386840820
213.000000000 580.386840820
212.000000000 607.617919922
211.000000000 607.617919922
210.000000000 607.617919922
209.000000000 637.408142090
208.000000000 637.408142090
207.000000000 637.408142090
206.000000000 637.408142090
205.000000000 676.300720215
204.000000000 676.300720215
203.000000000 676.300720215
202.000000000 710.902465820
201.000000000 710.902465820
200.000000000 710.902465820
199.000000000 755.750915527
198.000000000 755.750915527
197.000000000 755.750915527
196.000000000 801.882263184
195.000000000 801.882263184
194.000000000 801.882263184
193.000000000 850.626281738
192.000000000 850.626281738
191.000000000 892.092163086
190.000000000 892.092163086
