260.000000000 451.136840820
259.000000000 451.136840820
258.000000000 451.136840820
257.000000000 451.136840820
256.000000000 451.136840820
255.000000000 451.136840820
254.000000000 451.136840820
253.000000000 451.136840820
252.000000000 451.136840820
251.000000000 451.136840820
250.000000000 451.136840820
249.000000000 451.136840820
248.000000000 451.136840820
247.000000000 451.136840820
246.000000000 451.136840820
245.000000000 451.136840820
244.000000000 451.136840820
243.000000000 451.136840820
242.000000000 451.136840820
241.000000000 451.136840820
240.000000000 451.136840820
239.000000000 451.136840820
238.000000000 473.193420410
237.000000000 473.193420410
236.000000000 473.193420410
235.000000000 473.193420410
234.000000000 473.193420410
233.000000000 473.193420410
232.000000000 473.193420410
231.000000000 473.193420410
230.000000000 473.193420410
229.000000000 499.438659668
228.000000000 499.438659668
227.000000000 499.438659668
226.000000000 499.438659668
225.000000000 499.438659668
224.000000000 499.438659668
223.000000000 525.891906738
222.000000000 525.891906738
221.000000000 525.891906738
220.000000000 525.891906738
219.000000000 551.690917969
218.000000000 551.690917969
217.000000000 551.690917969
216.000000000 551.690917969
215.000000000 581.455627441
214.000000000 581.455627441
213.000000000 581.455627441
212.000000000 581.455627441
211.000000000 616.938842773
210.000000000 616.938842773
209.000000000 616.938842773
208.000000000 616.938842773
207.000000000 654.759033203
206.000000000 654.759033203
205.000000000 654.759033203
204.000000000 687.809631348
203.000000000 687.809631348
202.000000000 687.809631348
201.000000000 722.336975098
200.000000000 722.336975098
199.000000000 722.336975098
198.000000000 769.553161621
197.000000000 769.553161621
196.000000000 769.553161621
195.000000000 817.809387207
194.000000000 817.809387207
193.000000000 817.809387207
192.000000000 867.429016113
191.000000000 867.429016113
190.000000000 916.049438477
