260.000000000 488.680480957
259.000000000 488.680480957
258.000000000 488.680480957
257.000000000 488.680480957
256.000000000 488.680480957
255.000000000 488.680480957
254.000000000 488.680480957
253.000000000 488.680480957
252.000000000 488.680480957
251.000000000 488.680480957
250.000000000 488.680480957
249.000000000 488.680480957
248.000000000 488.680480957
247.000000000 488.680480957
246.000000000 488.680480957
245.000000000 488.680480957
244.000000000 488.680480957
243.000000000 488.680480957
242.000000000 512.543090820
241.000000000 512.543090820
240.000000000 512.543090820
239.000000000 512.543090820
238.000000000 512.543090820
237.000000000 512.543090820
236.000000000 512.543090820
235.000000000 512.543090820
234.000000000 512.543090820
233.000000000 512.543090820
232.000000000 539.355834961
231.000000000 539.355834961
230.000000000 539.355834961
229.000000000 539.355834961
228.000000000 539.355834961
227.000000000 539.355834961
226.000000000 539.355834961
225.000000000 569.407409668
224.000000000 569.407409668
223.000000000 569.407409668
222.000000000 569.407409668
221.000000000 569.407409668
220.000000000 602.310607910
219.000000000 602.310607910
218.000000000 602.310607910
217.000000000 602.310607910
216.000000000 635.591796875
215.000000000 635.591796875
214.000000000 635.591796875
213.000000000 635.591796875
212.000000000 674.466003418
211.000000000 674.466003418
210.000000000 674.466003418
209.000000000 713.402893066
208.000000000 713.402893066
207.000000000 713.402893066
206.000000000 755.504333496
205.000000000 755.504333496
204.000000000 755.504333496
203.000000000 793.909790039
202.000000000 793.909790039
201.000000000 793.909790039
200.000000000 834.564758301
199.000000000 834.564758301
198.000000000 834.564758301
197.000000000 877.798950195
196.000000000 877.798950195
195.000000000 877.798950195
194.000000000 877.798950195
193.000000000 934.181518555
192.000000000 934.181518555
191.000000000 934.181518555
190.000000000 999.760742188
