260.000000000 488.680480957
259.000000000 488.680480957
258.000000000 488.680480957
257.000000000 488.680480957
256.000000000 488.680480957
255.000000000 488.680480957
254.000000000 488.680480957
253.000000000 488.680480957
252.000000000 488.680480957
251.000000000 488.680480957
250.000000000 488.680480957
249.000000000 488.680480957
248.000000000 488.680480957
247.000000000 488.680480957
246.000000000 488.680480957
245.000000000 488.680480957
244.000000000 488.680480957
243.000000000 488.680480957
242.000000000 514.192810059
241.000000000 514.192810059
240.000000000 514.192810059
239.000000000 514.192810059
238.000000000 514.192810059
237.000000000 514.192810059
236.000000000 514.192810059
235.000000000 514.192810059
234.000000000 514.192810059
233.000000000 514.192810059
232.000000000 540.798522949
231.000000000 540.798522949
230.000000000 540.798522949
229.000000000 540.798522949
228.000000000 540.798522949
227.000000000 540.798522949
226.000000000 540.798522949
225.000000000 567.655822754
224.000000000 567.655822754
223.000000000 567.655822754
222.000000000 567.655822754
221.000000000 595.356811523
220.000000000 595.356811523
219.000000000 595.356811523
218.000000000 595.356811523
217.000000000 595.356811523
216.000000000 635.580993652
215.000000000 635.580993652
214.000000000 635.580993652
213.000000000 635.580993652
212.000000000 677.288818359
211.000000000 677.288818359
210.000000000 677.288818359
209.000000000 713.153503418
208.000000000 713.153503418
207.000000000 713.153503418
206.000000000 755.815429688
205.000000000 755.815429688
204.000000000 755.815429688
203.000000000 792.320983887
202.000000000 792.320983887
201.000000000 792.320983887
200.000000000 836.084838867
199.000000000 836.084838867
198.000000000 836.084838867
197.000000000 878.059814453
196.000000000 878.059814453
195.000000000 878.059814453
194.000000000 878.059814453
193.000000000 931.709655762
192.000000000 931.709655762
191.000000000 931.709655762
190.000000000 1000.953491211
