260.000000000 0.034262811
259.000000000 -1.637564005
258.000000000 -0.718998815
257.000000000 0.104229780
256.000000000 -2.282178217
255.000000000 -1.990365396
254.000000000 -3.014339044
253.000000000 -1.497213687
252.000000000 -3.274676955
251.000000000 -1.551027693
250.000000000 -3.300502591
249.000000000 -1.710052409
248.000000000 -0.991041022
247.000000000 -2.640818686
246.000000000 -2.018891472
245.000000000 -3.199096007
244.000000000 -2.433434423
243.000000000 -1.852898132
242.000000000 -2.477846329
241.000000000 -2.066495658
240.000000000 -4.373643808
239.000000000 -3.484969346
238.000000000 -4.892726200
237.000000000 -4.323782663
236.000000000 -6.171707979
235.000000000 -5.617570600
234.000000000 -8.179967543
233.000000000 -9.367330971
232.000000000 -8.385461225
231.000000000 -11.178532144
230.000000000 -9.623024732
229.000000000 -13.006385705
228.000000000 -15.053219914
227.000000000 -15.247738744
226.000000000 -16.867741526
225.000000000 -16.820151471
224.000000000 -15.117433946
223.000000000 -18.190901787
222.000000000 -19.765834194
221.000000000 -19.150437893
220.000000000 -19.753539732
219.000000000 -18.964226649
218.000000000 -21.288996566
217.000000000 -19.293724935
216.000000000 -21.826426246
215.000000000 -16.579361504
214.000000000 -16.897925752
213.000000000 -20.614480414
212.000000000 -19.362023112
211.000000000 -19.289625049
210.000000000 -23.838506776
209.000000000 -11.665783995
208.000000000 -19.175111193
207.000000000 -12.587305144
206.000000000 -13.303381263
205.000000000 -6.501573373
204.000000000 -8.654683944
203.000000000 -7.311136903
202.000000000 -9.449612028
201.000000000 -6.448337748
200.000000000 4.968019531
199.000000000 15.095970905
198.000000000 6.050980131
197.000000000 8.057808972
196.000000000 42.874378819
195.000000000 30.268572315
194.000000000 44.152402321
193.000000000 24.711521668
192.000000000 10.141021206
191.000000000 26.996207772
190.000000000 15.944106582
