260.000000000 -1.404624417
259.000000000 -0.755031671
258.000000000 -1.416753889
257.000000000 0.514554830
256.000000000 -1.980260997
255.000000000 -0.495838762
254.000000000 -0.954763957
253.000000000 -0.194656668
252.000000000 -2.516577240
251.000000000 -1.903620257
250.000000000 -1.477109049
249.000000000 -1.674129487
248.000000000 -1.085365822
247.000000000 -2.605868570
246.000000000 -2.160882959
245.000000000 -1.673250437
244.000000000 -2.412784612
243.000000000 -3.518215051
242.000000000 -3.165094382
241.000000000 -3.856354555
240.000000000 -5.510577559
239.000000000 -3.180339249
238.000000000 -3.487158078
237.000000000 -3.899670903
236.000000000 -7.384559888
235.000000000 -5.877303460
234.000000000 -7.336454216
233.000000000 -7.139028169
232.000000000 -8.952140149
231.000000000 -13.010497644
230.000000000 -12.039148499
229.000000000 -11.624063934
228.000000000 -13.755375237
227.000000000 -17.532192625
226.000000000 -14.634094387
225.000000000 -17.790633079
224.000000000 -20.555070097
223.000000000 -18.545237490
222.000000000 -17.847791100
221.000000000 -18.638618732
220.000000000 -20.839926246
219.000000000 -20.449788101
218.000000000 -19.556822370
217.000000000 -22.139802941
216.000000000 -19.310733947
215.000000000 -17.655125064
214.000000000 -19.528848576
213.000000000 -20.017646134
212.000000000 -20.450159677
211.000000000 -19.128603612
210.000000000 -20.540969024
209.000000000 -17.067538215
208.000000000 -21.215295468
207.000000000 -13.075739910
206.000000000 -10.756587929
205.000000000 -10.317235235
204.000000000 -12.775511694
203.000000000 -4.804454472
202.000000000 2.589527505
201.000000000 7.467700870
200.000000000 12.235774807
199.000000000 12.506959669
198.000000000 10.664083657
197.000000000 7.869056441
196.000000000 36.751027843
195.000000000 24.994446883
194.000000000 38.188450098
193.000000000 17.029652640
192.000000000 28.659156468
191.000000000 19.064803557
190.000000000 25.936641556
