260.000000000 -0.667081989
259.000000000 0.456659492
258.000000000 -0.520290910
257.000000000 -0.656584621
256.000000000 -1.861021316
255.000000000 -1.795962591
254.000000000 -1.836580511
253.000000000 -1.988645586
252.000000000 -3.048731696
251.000000000 -1.855591569
250.000000000 -1.193096023
249.000000000 -2.244769818
248.000000000 -2.424616867
247.000000000 -1.694621100
246.000000000 -2.933733617
245.000000000 -3.273119527
244.000000000 -2.860315991
243.000000000 -1.643851239
242.000000000 -2.862167309
241.000000000 -4.079260918
240.000000000 -4.144226053
239.000000000 -6.124225108
238.000000000 -3.637952048
237.000000000 -3.951547733
236.000000000 -6.283378997
235.000000000 -6.987310824
234.000000000 -6.377944097
233.000000000 -5.839677072
232.000000000 -8.836290841
231.000000000 -12.139289160
230.000000000 -12.543236830
229.000000000 -12.927016845
228.000000000 -14.761078208
227.000000000 -15.461538133
226.000000000 -14.235935570
225.000000000 -15.215607631
224.000000000 -17.927132824
223.000000000 -19.288780871
222.000000000 -15.681742366
221.000000000 -20.630401613
220.000000000 -16.856964029
219.000000000 -19.398184081
218.000000000 -21.912151922
217.000000000 -22.240070594
216.000000000 -24.093127874
215.000000000 -19.019233581
214.000000000 -18.255443866
213.000000000 -22.680459641
212.000000000 -19.520290384
211.000000000 -15.218644692
210.000000000 -13.669899704
209.000000000 -21.794175310
208.000000000 -14.215205693
207.000000000 -16.190141259
206.000000000 -17.340819626
205.000000000 -15.431924956
204.000000000 -7.645185532
203.000000000 -4.664118987
202.000000000 0.442582004
201.000000000 -3.640226975
200.000000000 -2.376467003
199.000000000 17.515228067
198.000000000 24.574255368
197.000000000 27.785290692
196.000000000 21.185400503
195.000000000 29.606198402
194.000000000 32.800286561
193.000000000 34.056269827
192.000000000 22.719983748
191.000000000 1.687806311
190.000000000 25.876497360
