260.000000000 -0.175832936
259.000000000 -0.827687474
258.000000000 -1.035154638
257.000000000 -2.738904550
256.000000000 -0.234852861
255.000000000 -1.682509502
254.000000000 -0.610424847
253.000000000 -1.258086167
252.000000000 -0.701832001
251.000000000 -0.010245301
250.000000000 -1.425882897
249.000000000 -2.506103572
248.000000000 -0.426734985
247.000000000 -1.418109890
246.000000000 -1.811606115
245.000000000 -3.397959258
244.000000000 -2.145235806
243.000000000 -3.508148710
242.000000000 -1.800005311
241.000000000 -1.852998086
240.000000000 -2.778979276
239.000000000 -3.939788985
238.000000000 -3.348160068
237.000000000 -0.982163226
236.000000000 -6.172373985
235.000000000 -5.262680050
234.000000000 -5.937816247
233.000000000 -8.186237205
232.000000000 -10.678583517
231.000000000 -9.445319395
230.000000000 -10.799427943
229.000000000 -13.638051975
228.000000000 -15.086954840
227.000000000 -14.774889717
226.000000000 -16.018804657
225.000000000 -18.524016826
224.000000000 -17.307474322
223.000000000 -20.332318083
222.000000000 -19.117679387
221.000000000 -19.152087537
220.000000000 -22.675184004
219.000000000 -18.470449256
218.000000000 -19.657676313
217.000000000 -18.961013529
216.000000000 -16.177131812
215.000000000 -19.647866114
214.000000000 -20.412988212
213.000000000 -18.953090281
212.000000000 -20.318486631
211.000000000 -20.271420316
210.000000000 -16.533580843
209.000000000 -19.828602036
208.000000000 -13.575880340
207.000000000 -14.988263876
206.000000000 -20.655396434
205.000000000 -16.917862601
204.000000000 -6.628189027
203.000000000 -6.310319696
202.000000000 -11.908909587
201.000000000 -0.703324955
200.000000000 -2.237049291
199.000000000 1.527090317
198.000000000 24.907124837
197.000000000 10.634923671
196.000000000 24.351035476
195.000000000 22.819134836
194.000000000 32.474555463
193.000000000 27.841417798
192.000000000 22.225122326
191.000000000 6.455227120
190.000000000 -7.268402925
