250.000000000 310.670623779
249.000000000 310.670623779
248.000000000 310.670623779
247.000000000 310.670623779
246.000000000 310.670623779
245.000000000 310.670623779
244.000000000 310.670623779
243.000000000 310.670623779
242.000000000 310.670623779
241.000000000 310.670623779
240.000000000 310.670623779
239.000000000 310.670623779
238.000000000 310.670623779
237.000000000 310.670623779
236.000000000 310.670623779
235.000000000 310.670623779
234.000000000 310.670623779
233.000000000 310.670623779
232.000000000 310.670623779
231.000000000 310.670623779
230.000000000 326.758728027
229.000000000 326.758728027
228.000000000 326.758728027
227.000000000 326.758728027
226.000000000 326.758728027
225.000000000 326.758728027
224.000000000 326.758728027
223.000000000 326.758728027
222.000000000 326.758728027
221.000000000 326.758728027
220.000000000 326.758728027
219.000000000 342.700775146
218.000000000 342.700775146
217.000000000 342.700775146
216.000000000 342.700775146
215.000000000 342.700775146
214.000000000 342.700775146
213.000000000 342.700775146
212.000000000 342.700775146
211.000000000 362.573242188
210.000000000 362.573242188
209.000000000 362.573242188
208.000000000 362.573242188
207.000000000 379.945343018
206.000000000 379.945343018
205.000000000 379.945343018
204.000000000 379.945343018
203.000000000 400.389007568
202.000000000 400.389007568
201.000000000 400.389007568
200.000000000 419.765716553
199.000000000 419.765716553
198.000000000 440.001739502
197.000000000 440.001739502
196.000000000 469.652252197
195.000000000 469.652252197
194.000000000 515.348815918
193.000000000 551.253967285
192.000000000 595.924011230
191.000000000 657.069152832
190.000000000 733.231018066
