250.000000000 318.934753418
249.000000000 318.934753418
248.000000000 318.934753418
247.000000000 318.934753418
246.000000000 318.934753418
245.000000000 318.934753418
244.000000000 318.934753418
243.000000000 318.934753418
242.000000000 318.934753418
241.000000000 318.934753418
240.000000000 318.934753418
239.000000000 318.934753418
238.000000000 318.934753418
237.000000000 318.934753418
236.000000000 318.934753418
235.000000000 318.934753418
234.000000000 318.934753418
233.000000000 318.934753418
232.000000000 318.934753418
231.000000000 318.934753418
230.000000000 318.934753418
229.000000000 336.284698486
228.000000000 336.284698486
227.000000000 336.284698486
226.000000000 336.284698486
225.000000000 336.284698486
224.000000000 336.284698486
223.000000000 336.284698486
222.000000000 336.284698486
221.000000000 336.284698486
220.000000000 336.284698486
219.000000000 336.284698486
218.000000000 336.284698486
217.000000000 353.688110352
216.000000000 353.688110352
215.000000000 353.688110352
214.000000000 353.688110352
213.000000000 353.688110352
212.000000000 353.688110352
211.000000000 372.657897949
210.000000000 372.657897949
209.000000000 372.657897949
208.000000000 372.657897949
207.000000000 392.924163818
206.000000000 392.924163818
205.000000000 392.924163818
204.000000000 392.924163818
203.000000000 392.924163818
202.000000000 413.911346436
201.000000000 413.911346436
200.000000000 413.911346436
199.000000000 438.069641113
198.000000000 438.069641113
197.000000000 460.464508057
196.000000000 460.464508057
195.000000000 498.684051514
194.000000000 525.944702148
193.000000000 563.317687988
192.000000000 609.574279785
191.000000000 666.968994141
190.000000000 721.867980957
