250.000000000 -0.652560321
249.000000000 -0.828917609
248.000000000 -0.908497567
247.000000000 -0.793207217
246.000000000 -0.723668774
245.000000000 -0.969328542
244.000000000 -0.889551511
243.000000000 -0.976946439
242.000000000 -1.005746215
241.000000000 -0.877143439
240.000000000 -1.033736356
239.000000000 -1.180919170
238.000000000 -1.139709634
237.000000000 -1.199461320
236.000000000 -1.406778220
235.000000000 -1.528243582
234.000000000 -1.748329576
233.000000000 -2.125565625
232.000000000 -2.131849075
231.000000000 -2.517740164
230.000000000 -2.705505919
229.000000000 -2.588842547
228.000000000 -2.983440036
227.000000000 -3.051668258
226.000000000 -3.294504893
225.000000000 -3.386026774
224.000000000 -3.502234326
223.000000000 -3.641947127
222.000000000 -3.723034150
221.000000000 -4.105092558
220.000000000 -3.970344085
219.000000000 -4.104173140
218.000000000 -4.036969959
217.000000000 -4.513722049
216.000000000 -4.336240515
215.000000000 -4.261470411
214.000000000 -4.325672131
213.000000000 -4.194652902
212.000000000 -4.339770267
211.000000000 -4.344269689
210.000000000 -4.703872087
209.000000000 -4.260914161
208.000000000 -4.264202489
207.000000000 -4.099539090
206.000000000 -4.015357519
205.000000000 -3.429695727
204.000000000 -3.539546959
203.000000000 -2.478255760
202.000000000 -2.599380798
201.000000000 -1.812469370
200.000000000 -0.672882940
199.000000000 0.123620430
198.000000000 0.328396904
197.000000000 1.232114765
196.000000000 1.046303910
195.000000000 2.509981305
194.000000000 2.726227154
193.000000000 3.465614568
192.000000000 0.083129059
191.000000000 4.051880700
190.000000000 7.091525931
