250.000000000 311.433715820
249.000000000 311.433715820
248.000000000 311.433715820
247.000000000 311.433715820
246.000000000 311.433715820
245.000000000 311.433715820
244.000000000 311.433715820
243.000000000 311.433715820
242.000000000 311.433715820
241.000000000 311.433715820
240.000000000 311.433715820
239.000000000 311.433715820
238.000000000 311.433715820
237.000000000 311.433715820
236.000000000 311.433715820
235.000000000 311.433715820
234.000000000 311.433715820
233.000000000 311.433715820
232.000000000 326.829803467
231.000000000 326.829803467
230.000000000 326.829803467
229.000000000 326.829803467
228.000000000 326.829803467
227.000000000 326.829803467
226.000000000 326.829803467
225.000000000 326.829803467
224.000000000 342.477111816
223.000000000 342.477111816
222.000000000 342.477111816
221.000000000 342.477111816
220.000000000 342.477111816
219.000000000 362.295410156
218.000000000 362.295410156
217.000000000 362.295410156
216.000000000 362.295410156
215.000000000 381.640411377
214.000000000 381.640411377
213.000000000 381.640411377
212.000000000 399.963928223
211.000000000 399.963928223
210.000000000 399.963928223
209.000000000 399.963928223
208.000000000 423.194335938
207.000000000 423.194335938
206.000000000 423.194335938
205.000000000 423.194335938
204.000000000 443.833068848
203.000000000 443.833068848
202.000000000 443.833068848
201.000000000 443.833068848
200.000000000 443.833068848
199.000000000 470.286071777
198.000000000 470.286071777
197.000000000 470.286071777
196.000000000 470.286071777
195.000000000 495.309722900
194.000000000 495.309722900
193.000000000 495.309722900
192.000000000 526.283996582
191.000000000 526.283996582
190.000000000 567.639099121
