250.000000000 316.267852783
249.000000000 316.267852783
248.000000000 316.267852783
247.000000000 316.267852783
246.000000000 316.267852783
245.000000000 316.267852783
244.000000000 316.267852783
243.000000000 316.267852783
242.000000000 316.267852783
241.000000000 316.267852783
240.000000000 316.267852783
239.000000000 316.267852783
238.000000000 316.267852783
237.000000000 316.267852783
236.000000000 316.267852783
235.000000000 316.267852783
234.000000000 332.375457764
233.000000000 332.375457764
232.000000000 332.375457764
231.000000000 332.375457764
230.000000000 332.375457764
229.000000000 332.375457764
228.000000000 332.375457764
227.000000000 332.375457764
226.000000000 332.375457764
225.000000000 332.375457764
224.000000000 351.762390137
223.000000000 351.762390137
222.000000000 351.762390137
221.000000000 351.762390137
220.000000000 351.762390137
219.000000000 372.465362549
218.000000000 372.465362549
217.000000000 372.465362549
216.000000000 372.465362549
215.000000000 392.564056396
214.000000000 392.564056396
213.000000000 392.564056396
212.000000000 392.564056396
211.000000000 417.170501709
210.000000000 417.170501709
209.000000000 417.170501709
208.000000000 417.170501709
207.000000000 443.107452393
206.000000000 443.107452393
205.000000000 443.107452393
204.000000000 443.107452393
203.000000000 443.107452393
202.000000000 465.099060059
201.000000000 465.099060059
200.000000000 465.099060059
199.000000000 465.099060059
198.000000000 465.099060059
197.000000000 465.099060059
196.000000000 492.476226807
195.000000000 492.476226807
194.000000000 492.476226807
193.000000000 517.377685547
192.000000000 517.377685547
191.000000000 548.152099609
190.000000000 548.152099609
