250.000000000 316.267852783
249.000000000 316.267852783
248.000000000 316.267852783
247.000000000 316.267852783
246.000000000 316.267852783
245.000000000 316.267852783
244.000000000 316.267852783
243.000000000 316.267852783
242.000000000 316.267852783
241.000000000 316.267852783
240.000000000 316.267852783
239.000000000 316.267852783
238.000000000 316.267852783
237.000000000 316.267852783
236.000000000 316.267852783
235.000000000 316.267852783
234.000000000 331.532501221
233.000000000 331.532501221
232.000000000 331.532501221
231.000000000 331.532501221
230.000000000 331.532501221
229.000000000 331.532501221
228.000000000 331.532501221
227.000000000 331.532501221
226.000000000 331.532501221
225.000000000 348.807525635
224.000000000 348.807525635
223.000000000 348.807525635
222.000000000 348.807525635
221.000000000 348.807525635
220.000000000 368.278289795
219.000000000 368.278289795
218.000000000 368.278289795
217.000000000 368.278289795
216.000000000 387.854125977
215.000000000 387.854125977
214.000000000 387.854125977
213.000000000 387.854125977
212.000000000 410.557250977
211.000000000 410.557250977
210.000000000 410.557250977
209.000000000 430.393066406
208.000000000 430.393066406
207.000000000 430.393066406
206.000000000 430.393066406
205.000000000 452.027008057
204.000000000 452.027008057
203.000000000 452.027008057
202.000000000 452.027008057
201.000000000 452.027008057
200.000000000 475.082336426
199.000000000 475.082336426
198.000000000 475.082336426
197.000000000 475.082336426
196.000000000 475.082336426
195.000000000 499.062194824
194.000000000 499.062194824
193.000000000 499.062194824
192.000000000 530.837524414
191.000000000 530.837524414
190.000000000 571.820190430
