250.000000000 316.267852783
249.000000000 316.267852783
248.000000000 316.267852783
247.000000000 316.267852783
246.000000000 316.267852783
245.000000000 316.267852783
244.000000000 316.267852783
243.000000000 316.267852783
242.000000000 316.267852783
241.000000000 316.267852783
240.000000000 316.267852783
239.000000000 316.267852783
238.000000000 316.267852783
237.000000000 316.267852783
236.000000000 316.267852783
235.000000000 316.267852783
234.000000000 331.906921387
233.000000000 331.906921387
232.000000000 331.906921387
231.000000000 331.906921387
230.000000000 331.906921387
229.000000000 331.906921387
228.000000000 331.906921387
227.000000000 331.906921387
226.000000000 331.906921387
225.000000000 348.055145264
224.000000000 348.055145264
223.000000000 348.055145264
222.000000000 348.055145264
221.000000000 348.055145264
220.000000000 368.047210693
219.000000000 368.047210693
218.000000000 368.047210693
217.000000000 368.047210693
216.000000000 386.476715088
215.000000000 386.476715088
214.000000000 386.476715088
213.000000000 386.476715088
212.000000000 410.701812744
211.000000000 410.701812744
210.000000000 410.701812744
209.000000000 431.210510254
208.000000000 431.210510254
207.000000000 431.210510254
206.000000000 431.210510254
205.000000000 452.508819580
204.000000000 452.508819580
203.000000000 452.508819580
202.000000000 452.508819580
201.000000000 452.508819580
200.000000000 452.508819580
199.000000000 479.102142334
198.000000000 479.102142334
197.000000000 479.102142334
196.000000000 479.102142334
195.000000000 479.102142334
194.000000000 508.077911377
193.000000000 508.077911377
192.000000000 508.077911377
191.000000000 547.746093750
190.000000000 547.746093750
