250.000000000 316.267852783
249.000000000 316.267852783
248.000000000 316.267852783
247.000000000 316.267852783
246.000000000 316.267852783
245.000000000 316.267852783
244.000000000 316.267852783
243.000000000 316.267852783
242.000000000 316.267852783
241.000000000 316.267852783
240.000000000 316.267852783
239.000000000 316.267852783
238.000000000 316.267852783
237.000000000 316.267852783
236.000000000 316.267852783
235.000000000 316.267852783
234.000000000 331.717010498
233.000000000 331.717010498
232.000000000 331.717010498
231.000000000 331.717010498
230.000000000 331.717010498
229.000000000 331.717010498
228.000000000 331.717010498
227.000000000 331.717010498
226.000000000 331.717010498
225.000000000 347.764221191
224.000000000 347.764221191
223.000000000 347.764221191
222.000000000 347.764221191
221.000000000 347.764221191
220.000000000 367.639770508
219.000000000 367.639770508
218.000000000 367.639770508
217.000000000 367.639770508
216.000000000 387.522674561
215.000000000 387.522674561
214.000000000 387.522674561
213.000000000 387.522674561
212.000000000 410.437377930
211.000000000 410.437377930
210.000000000 410.437377930
209.000000000 431.838043213
208.000000000 431.838043213
207.000000000 431.838043213
206.000000000 431.838043213
205.000000000 452.710968018
204.000000000 452.710968018
203.000000000 452.710968018
202.000000000 452.710968018
201.000000000 452.710968018
200.000000000 475.057861328
199.000000000 475.057861328
198.000000000 475.057861328
197.000000000 475.057861328
196.000000000 475.057861328
195.000000000 498.971679688
194.000000000 498.971679688
193.000000000 498.971679688
192.000000000 530.546752930
191.000000000 530.546752930
190.000000000 572.816162109
