250.000000000 311.433715820
249.000000000 311.433715820
248.000000000 311.433715820
247.000000000 311.433715820
246.000000000 311.433715820
245.000000000 311.433715820
244.000000000 311.433715820
243.000000000 311.433715820
242.000000000 311.433715820
241.000000000 311.433715820
240.000000000 311.433715820
239.000000000 311.433715820
238.000000000 311.433715820
237.000000000 311.433715820
236.000000000 311.433715820
235.000000000 311.433715820
234.000000000 311.433715820
233.000000000 311.433715820
232.000000000 325.999298096
231.000000000 325.999298096
230.000000000 325.999298096
229.000000000 325.999298096
228.000000000 325.999298096
227.000000000 325.999298096
226.000000000 325.999298096
225.000000000 325.999298096
224.000000000 342.330993652
223.000000000 342.330993652
222.000000000 342.330993652
221.000000000 342.330993652
220.000000000 358.922027588
219.000000000 358.922027588
218.000000000 358.922027588
217.000000000 358.922027588
216.000000000 376.448333740
215.000000000 376.448333740
214.000000000 376.448333740
213.000000000 376.448333740
212.000000000 398.479522705
211.000000000 398.479522705
210.000000000 398.479522705
209.000000000 417.837860107
208.000000000 417.837860107
207.000000000 417.837860107
206.000000000 417.837860107
205.000000000 438.573638916
204.000000000 438.573638916
203.000000000 438.573638916
202.000000000 438.573638916
201.000000000 460.399780273
200.000000000 460.399780273
199.000000000 460.399780273
198.000000000 460.399780273
197.000000000 460.399780273
196.000000000 488.611816406
195.000000000 488.611816406
194.000000000 488.611816406
193.000000000 514.354614258
192.000000000 514.354614258
191.000000000 544.125488281
190.000000000 544.125488281
