250.000000000 311.433715820
249.000000000 311.433715820
248.000000000 311.433715820
247.000000000 311.433715820
246.000000000 311.433715820
245.000000000 311.433715820
244.000000000 311.433715820
243.000000000 311.433715820
242.000000000 311.433715820
241.000000000 311.433715820
240.000000000 311.433715820
239.000000000 311.433715820
238.000000000 311.433715820
237.000000000 311.433715820
236.000000000 311.433715820
235.000000000 311.433715820
234.000000000 311.433715820
233.000000000 326.367980957
232.000000000 326.367980957
231.000000000 326.367980957
230.000000000 326.367980957
229.000000000 326.367980957
228.000000000 326.367980957
227.000000000 326.367980957
226.000000000 326.367980957
225.000000000 326.367980957
224.000000000 342.556335449
223.000000000 342.556335449
222.000000000 342.556335449
221.000000000 342.556335449
220.000000000 342.556335449
219.000000000 362.571228027
218.000000000 362.571228027
217.000000000 362.571228027
216.000000000 362.571228027
215.000000000 382.465148926
214.000000000 382.465148926
213.000000000 382.465148926
212.000000000 382.465148926
211.000000000 404.980102539
210.000000000 404.980102539
209.000000000 404.980102539
208.000000000 404.980102539
207.000000000 429.155700684
206.000000000 429.155700684
205.000000000 429.155700684
204.000000000 429.155700684
203.000000000 429.155700684
202.000000000 454.619750977
201.000000000 454.619750977
200.000000000 454.619750977
199.000000000 454.619750977
198.000000000 477.320983887
197.000000000 477.320983887
196.000000000 477.320983887
195.000000000 477.320983887
194.000000000 503.561218262
193.000000000 503.561218262
192.000000000 503.561218262
191.000000000 542.810607910
190.000000000 542.810607910
