250.000000000 316.267852783
249.000000000 316.267852783
248.000000000 316.267852783
247.000000000 316.267852783
246.000000000 316.267852783
245.000000000 316.267852783
244.000000000 316.267852783
243.000000000 316.267852783
242.000000000 316.267852783
241.000000000 316.267852783
240.000000000 316.267852783
239.000000000 316.267852783
238.000000000 316.267852783
237.000000000 316.267852783
236.000000000 316.267852783
235.000000000 316.267852783
234.000000000 332.295104980
233.000000000 332.295104980
232.000000000 332.295104980
231.000000000 332.295104980
230.000000000 332.295104980
229.000000000 332.295104980
228.000000000 332.295104980
227.000000000 332.295104980
226.000000000 332.295104980
225.000000000 348.500610352
224.000000000 348.500610352
223.000000000 348.500610352
222.000000000 348.500610352
221.000000000 348.500610352
220.000000000 367.667877197
219.000000000 367.667877197
218.000000000 367.667877197
217.000000000 367.667877197
216.000000000 386.400451660
215.000000000 386.400451660
214.000000000 386.400451660
213.000000000 386.400451660
212.000000000 411.161010742
211.000000000 411.161010742
210.000000000 411.161010742
209.000000000 431.115020752
208.000000000 431.115020752
207.000000000 431.115020752
206.000000000 431.115020752
205.000000000 452.114440918
204.000000000 452.114440918
203.000000000 452.114440918
202.000000000 452.114440918
201.000000000 452.114440918
200.000000000 474.960998535
199.000000000 474.960998535
198.000000000 474.960998535
197.000000000 474.960998535
196.000000000 474.960998535
195.000000000 500.171752930
194.000000000 500.171752930
193.000000000 500.171752930
192.000000000 531.203125000
191.000000000 531.203125000
190.000000000 573.034545898
