250.000000000 311.433715820
249.000000000 311.433715820
248.000000000 311.433715820
247.000000000 311.433715820
246.000000000 311.433715820
245.000000000 311.433715820
244.000000000 311.433715820
243.000000000 311.433715820
242.000000000 311.433715820
241.000000000 311.433715820
240.000000000 311.433715820
239.000000000 311.433715820
238.000000000 311.433715820
237.000000000 311.433715820
236.000000000 311.433715820
235.000000000 311.433715820
234.000000000 311.433715820
233.000000000 311.433715820
232.000000000 326.579162598
231.000000000 326.579162598
230.000000000 326.579162598
229.000000000 326.579162598
228.000000000 326.579162598
227.000000000 326.579162598
226.000000000 326.579162598
225.000000000 326.579162598
224.000000000 343.218750000
223.000000000 343.218750000
222.000000000 343.218750000
221.000000000 343.218750000
220.000000000 343.218750000
219.000000000 362.666107178
218.000000000 362.666107178
217.000000000 362.666107178
216.000000000 362.666107178
215.000000000 381.965850830
214.000000000 381.965850830
213.000000000 381.965850830
212.000000000 381.965850830
211.000000000 404.916381836
210.000000000 404.916381836
209.000000000 404.916381836
208.000000000 404.916381836
207.000000000 428.638793945
206.000000000 428.638793945
205.000000000 428.638793945
204.000000000 428.638793945
203.000000000 428.638793945
202.000000000 453.632354736
201.000000000 453.632354736
200.000000000 453.632354736
199.000000000 453.632354736
198.000000000 475.592193604
197.000000000 475.592193604
196.000000000 475.592193604
195.000000000 475.592193604
194.000000000 501.902618408
193.000000000 501.902618408
192.000000000 526.555603027
191.000000000 526.555603027
190.000000000 566.508972168
