250.000000000 311.433715820
249.000000000 311.433715820
248.000000000 311.433715820
247.000000000 311.433715820
246.000000000 311.433715820
245.000000000 311.433715820
244.000000000 311.433715820
243.000000000 311.433715820
242.000000000 311.433715820
241.000000000 311.433715820
240.000000000 311.433715820
239.000000000 311.433715820
238.000000000 311.433715820
237.000000000 311.433715820
236.000000000 311.433715820
235.000000000 311.433715820
234.000000000 311.433715820
233.000000000 311.433715820
232.000000000 327.282714844
231.000000000 327.282714844
230.000000000 327.282714844
229.000000000 327.282714844
228.000000000 327.282714844
227.000000000 327.282714844
226.000000000 327.282714844
225.000000000 327.282714844
224.000000000 343.758880615
223.000000000 343.758880615
222.000000000 343.758880615
221.000000000 343.758880615
220.000000000 343.758880615
219.000000000 363.395721436
218.000000000 363.395721436
217.000000000 363.395721436
216.000000000 363.395721436
215.000000000 381.739257812
214.000000000 381.739257812
213.000000000 381.739257812
212.000000000 381.739257812
211.000000000 404.781555176
210.000000000 404.781555176
209.000000000 404.781555176
208.000000000 404.781555176
207.000000000 429.213287354
206.000000000 429.213287354
205.000000000 429.213287354
204.000000000 429.213287354
203.000000000 429.213287354
202.000000000 454.122497559
201.000000000 454.122497559
200.000000000 454.122497559
199.000000000 454.122497559
198.000000000 475.682037354
197.000000000 475.682037354
196.000000000 475.682037354
195.000000000 475.682037354
194.000000000 502.176330566
193.000000000 502.176330566
192.000000000 526.965576172
191.000000000 526.965576172
190.000000000 566.512145996
