250.000000000 -0.921100065
249.000000000 -0.907592839
248.000000000 -0.947395989
247.000000000 -0.953448078
246.000000000 -0.949308878
245.000000000 -1.022036377
244.000000000 -1.018951405
243.000000000 -1.176473336
242.000000000 -1.022885752
241.000000000 -1.269934622
240.000000000 -1.588320720
239.000000000 -1.522869560
238.000000000 -1.875810162
237.000000000 -2.274834132
236.000000000 -2.334963735
235.000000000 -3.000493552
234.000000000 -3.489455226
233.000000000 -4.127468336
232.000000000 -4.431641178
231.000000000 -4.654518829
230.000000000 -4.857670448
229.000000000 -5.375999991
228.000000000 -6.189530035
227.000000000 -6.553327688
226.000000000 -6.869150354
225.000000000 -7.451358326
224.000000000 -7.876992626
223.000000000 -8.534093041
222.000000000 -8.878958534
221.000000000 -8.956013753
220.000000000 -9.534499156
219.000000000 -9.376580455
218.000000000 -9.145872319
217.000000000 -9.845885087
216.000000000 -10.038563554
215.000000000 -9.775287973
214.000000000 -10.359298080
213.000000000 -10.217791603
212.000000000 -10.104291014
211.000000000 -10.068032262
210.000000000 -9.900518364
209.000000000 -10.057788958
208.000000000 -9.602714640
207.000000000 -9.237812303
206.000000000 -9.025753442
205.000000000 -7.571748762
204.000000000 -6.895260849
203.000000000 -6.030487880
202.000000000 -5.902760237
201.000000000 -3.526310275
200.000000000 -0.711417166
199.000000000 0.698010758
198.000000000 2.623820578
197.000000000 4.990559815
196.000000000 7.203127889
195.000000000 10.349362459
194.000000000 9.898175054
193.000000000 10.768014644
192.000000000 11.426890158
191.000000000 10.842412537
190.000000000 10.095681579
