250.000000000 -0.767954158
249.000000000 -0.748131898
248.000000000 -0.883812237
247.000000000 -0.829153931
246.000000000 -0.695910620
245.000000000 -1.084290149
244.000000000 -0.959079077
243.000000000 -0.929263664
242.000000000 -1.233670306
241.000000000 -1.137715696
240.000000000 -1.586098613
239.000000000 -1.863232163
238.000000000 -2.063578935
237.000000000 -2.159387231
236.000000000 -2.708454706
235.000000000 -2.804442193
234.000000000 -3.222677322
233.000000000 -3.971193344
232.000000000 -4.150375576
231.000000000 -4.873592336
230.000000000 -5.134009151
229.000000000 -5.601522794
228.000000000 -6.006264713
227.000000000 -6.368396593
226.000000000 -6.921428181
225.000000000 -7.699245773
224.000000000 -7.960626025
223.000000000 -8.447352439
222.000000000 -8.542438518
221.000000000 -9.340264518
220.000000000 -9.479536720
219.000000000 -9.732411470
218.000000000 -9.534836449
217.000000000 -10.254010422
216.000000000 -10.088736189
215.000000000 -9.937507140
214.000000000 -10.254721305
213.000000000 -10.368983062
212.000000000 -10.117706395
211.000000000 -10.185988497
210.000000000 -9.695693800
209.000000000 -9.641751309
208.000000000 -10.020866027
207.000000000 -9.026780991
206.000000000 -8.818336893
205.000000000 -8.268219319
204.000000000 -6.798923675
203.000000000 -6.168779722
202.000000000 -4.158814772
201.000000000 -3.581308349
200.000000000 -0.932326467
199.000000000 0.756680011
198.000000000 3.224629120
197.000000000 5.714411257
196.000000000 7.532204393
195.000000000 9.683039775
194.000000000 10.181770647
193.000000000 11.696505971
192.000000000 11.990746454
191.000000000 12.315047072
190.000000000 12.314420143
