250.000000000 318.934753418
249.000000000 318.934753418
248.000000000 318.934753418
247.000000000 318.934753418
246.000000000 318.934753418
245.000000000 318.934753418
244.000000000 318.934753418
243.000000000 318.934753418
242.000000000 318.934753418
241.000000000 318.934753418
240.000000000 318.934753418
239.000000000 318.934753418
238.000000000 318.934753418
237.000000000 318.934753418
236.000000000 318.934753418
235.000000000 318.934753418
234.000000000 318.934753418
233.000000000 318.934753418
232.000000000 335.832061768
231.000000000 335.832061768
230.000000000 335.832061768
229.000000000 335.832061768
228.000000000 335.832061768
227.000000000 335.832061768
226.000000000 335.832061768
225.000000000 335.832061768
224.000000000 352.924957275
223.000000000 352.924957275
222.000000000 352.924957275
221.000000000 352.924957275
220.000000000 370.259704590
219.000000000 370.259704590
218.000000000 370.259704590
217.000000000 370.259704590
216.000000000 389.325134277
215.000000000 389.325134277
214.000000000 389.325134277
213.000000000 389.325134277
212.000000000 413.555267334
211.000000000 413.555267334
210.000000000 413.555267334
209.000000000 435.235961914
208.000000000 435.235961914
207.000000000 435.235961914
206.000000000 435.235961914
205.000000000 435.235961914
204.000000000 459.451812744
203.000000000 459.451812744
202.000000000 459.451812744
201.000000000 459.451812744
200.000000000 459.451812744
199.000000000 481.954620361
198.000000000 481.954620361
197.000000000 481.954620361
196.000000000 481.954620361
195.000000000 481.954620361
194.000000000 510.741882324
193.000000000 510.741882324
192.000000000 510.741882324
191.000000000 552.532226562
190.000000000 552.532226562
