250.000000000 318.934753418
249.000000000 318.934753418
248.000000000 318.934753418
247.000000000 318.934753418
246.000000000 318.934753418
245.000000000 318.934753418
244.000000000 318.934753418
243.000000000 318.934753418
242.000000000 318.934753418
241.000000000 318.934753418
240.000000000 318.934753418
239.000000000 318.934753418
238.000000000 318.934753418
237.000000000 318.934753418
236.000000000 318.934753418
235.000000000 318.934753418
234.000000000 318.934753418
233.000000000 318.934753418
232.000000000 334.807891846
231.000000000 334.807891846
230.000000000 334.807891846
229.000000000 334.807891846
228.000000000 334.807891846
227.000000000 334.807891846
226.000000000 334.807891846
225.000000000 334.807891846
224.000000000 353.628265381
223.000000000 353.628265381
222.000000000 353.628265381
221.000000000 353.628265381
220.000000000 371.119689941
219.000000000 371.119689941
218.000000000 371.119689941
217.000000000 371.119689941
216.000000000 389.796295166
215.000000000 389.796295166
214.000000000 389.796295166
213.000000000 389.796295166
212.000000000 412.060913086
211.000000000 412.060913086
210.000000000 412.060913086
209.000000000 433.198059082
208.000000000 433.198059082
207.000000000 433.198059082
206.000000000 433.198059082
205.000000000 455.217437744
204.000000000 455.217437744
203.000000000 455.217437744
202.000000000 455.217437744
201.000000000 455.217437744
200.000000000 455.217437744
199.000000000 481.973907471
198.000000000 481.973907471
197.000000000 481.973907471
196.000000000 481.973907471
195.000000000 481.973907471
194.000000000 511.855865479
193.000000000 511.855865479
192.000000000 511.855865479
191.000000000 552.989440918
190.000000000 552.989440918
