250.000000000 318.934753418
249.000000000 318.934753418
248.000000000 318.934753418
247.000000000 318.934753418
246.000000000 318.934753418
245.000000000 318.934753418
244.000000000 318.934753418
243.000000000 318.934753418
242.000000000 318.934753418
241.000000000 318.934753418
240.000000000 318.934753418
239.000000000 318.934753418
238.000000000 318.934753418
237.000000000 318.934753418
236.000000000 318.934753418
235.000000000 318.934753418
234.000000000 318.934753418
233.000000000 318.934753418
232.000000000 335.153930664
231.000000000 335.153930664
230.000000000 335.153930664
229.000000000 335.153930664
228.000000000 335.153930664
227.000000000 335.153930664
226.000000000 335.153930664
225.000000000 335.153930664
224.000000000 353.009857178
223.000000000 353.009857178
222.000000000 353.009857178
221.000000000 353.009857178
220.000000000 370.125366211
219.000000000 370.125366211
218.000000000 370.125366211
217.000000000 370.125366211
216.000000000 389.523986816
215.000000000 389.523986816
214.000000000 389.523986816
213.000000000 389.523986816
212.000000000 412.577209473
211.000000000 412.577209473
210.000000000 412.577209473
209.000000000 433.251831055
208.000000000 433.251831055
207.000000000 433.251831055
206.000000000 433.251831055
205.000000000 455.137908936
204.000000000 455.137908936
203.000000000 455.137908936
202.000000000 455.137908936
201.000000000 455.137908936
200.000000000 455.137908936
199.000000000 481.315063477
198.000000000 481.315063477
197.000000000 481.315063477
196.000000000 481.315063477
195.000000000 481.315063477
194.000000000 510.462707520
193.000000000 510.462707520
192.000000000 535.214477539
191.000000000 535.214477539
190.000000000 577.042907715
