250.000000000 318.934753418
249.000000000 318.934753418
248.000000000 318.934753418
247.000000000 318.934753418
246.000000000 318.934753418
245.000000000 318.934753418
244.000000000 318.934753418
243.000000000 318.934753418
242.000000000 318.934753418
241.000000000 318.934753418
240.000000000 318.934753418
239.000000000 318.934753418
238.000000000 318.934753418
237.000000000 318.934753418
236.000000000 318.934753418
235.000000000 318.934753418
234.000000000 318.934753418
233.000000000 318.934753418
232.000000000 335.016143799
231.000000000 335.016143799
230.000000000 335.016143799
229.000000000 335.016143799
228.000000000 335.016143799
227.000000000 335.016143799
226.000000000 335.016143799
225.000000000 335.016143799
224.000000000 353.438079834
223.000000000 353.438079834
222.000000000 353.438079834
221.000000000 353.438079834
220.000000000 370.809509277
219.000000000 370.809509277
218.000000000 370.809509277
217.000000000 370.809509277
216.000000000 390.425140381
215.000000000 390.425140381
214.000000000 390.425140381
213.000000000 390.425140381
212.000000000 413.086853027
211.000000000 413.086853027
210.000000000 413.086853027
209.000000000 433.359039307
208.000000000 433.359039307
207.000000000 433.359039307
206.000000000 433.359039307
205.000000000 433.359039307
204.000000000 458.796417236
203.000000000 458.796417236
202.000000000 458.796417236
201.000000000 458.796417236
200.000000000 458.796417236
199.000000000 458.796417236
198.000000000 484.775390625
197.000000000 484.775390625
196.000000000 484.775390625
195.000000000 484.775390625
194.000000000 511.085571289
193.000000000 511.085571289
192.000000000 511.085571289
191.000000000 552.220520020
190.000000000 552.220520020
