250.000000000 310.670623779
249.000000000 310.670623779
248.000000000 310.670623779
247.000000000 310.670623779
246.000000000 310.670623779
245.000000000 310.670623779
244.000000000 310.670623779
243.000000000 310.670623779
242.000000000 310.670623779
241.000000000 310.670623779
240.000000000 310.670623779
239.000000000 310.670623779
238.000000000 310.670623779
237.000000000 310.670623779
236.000000000 310.670623779
235.000000000 310.670623779
234.000000000 310.670623779
233.000000000 325.971038818
232.000000000 325.971038818
231.000000000 325.971038818
230.000000000 325.971038818
229.000000000 325.971038818
228.000000000 325.971038818
227.000000000 325.971038818
226.000000000 325.971038818
225.000000000 341.954101562
224.000000000 341.954101562
223.000000000 341.954101562
222.000000000 341.954101562
221.000000000 341.954101562
220.000000000 360.128448486
219.000000000 360.128448486
218.000000000 360.128448486
217.000000000 360.128448486
216.000000000 378.290771484
215.000000000 378.290771484
214.000000000 378.290771484
213.000000000 378.290771484
212.000000000 400.685455322
211.000000000 400.685455322
210.000000000 400.685455322
209.000000000 400.685455322
208.000000000 424.779907227
207.000000000 424.779907227
206.000000000 424.779907227
205.000000000 424.779907227
204.000000000 446.287048340
203.000000000 446.287048340
202.000000000 446.287048340
201.000000000 446.287048340
200.000000000 446.287048340
199.000000000 473.582763672
198.000000000 473.582763672
197.000000000 473.582763672
196.000000000 473.582763672
195.000000000 498.624481201
194.000000000 498.624481201
193.000000000 498.624481201
192.000000000 532.165710449
191.000000000 532.165710449
190.000000000 571.388488770
