250.000000000 310.670623779
249.000000000 310.670623779
248.000000000 310.670623779
247.000000000 310.670623779
246.000000000 310.670623779
245.000000000 310.670623779
244.000000000 310.670623779
243.000000000 310.670623779
242.000000000 310.670623779
241.000000000 310.670623779
240.000000000 310.670623779
239.000000000 310.670623779
238.000000000 310.670623779
237.000000000 310.670623779
236.000000000 310.670623779
235.000000000 310.670623779
234.000000000 310.670623779
233.000000000 325.416870117
232.000000000 325.416870117
231.000000000 325.416870117
230.000000000 325.416870117
229.000000000 325.416870117
228.000000000 325.416870117
227.000000000 325.416870117
226.000000000 325.416870117
225.000000000 341.221343994
224.000000000 341.221343994
223.000000000 341.221343994
222.000000000 341.221343994
221.000000000 341.221343994
220.000000000 360.381164551
219.000000000 360.381164551
218.000000000 360.381164551
217.000000000 360.381164551
216.000000000 378.648223877
215.000000000 378.648223877
214.000000000 378.648223877
213.000000000 378.648223877
212.000000000 400.416870117
211.000000000 400.416870117
210.000000000 400.416870117
209.000000000 419.671661377
208.000000000 419.671661377
207.000000000 419.671661377
206.000000000 419.671661377
205.000000000 440.984893799
204.000000000 440.984893799
203.000000000 440.984893799
202.000000000 440.984893799
201.000000000 461.654541016
200.000000000 461.654541016
199.000000000 461.654541016
198.000000000 461.654541016
197.000000000 485.078765869
196.000000000 485.078765869
195.000000000 485.078765869
194.000000000 507.989837646
193.000000000 507.989837646
192.000000000 532.738586426
191.000000000 532.738586426
190.000000000 573.952758789
