250.000000000 310.670623779
249.000000000 310.670623779
248.000000000 310.670623779
247.000000000 310.670623779
246.000000000 310.670623779
245.000000000 310.670623779
244.000000000 310.670623779
243.000000000 310.670623779
242.000000000 310.670623779
241.000000000 310.670623779
240.000000000 310.670623779
239.000000000 310.670623779
238.000000000 310.670623779
237.000000000 310.670623779
236.000000000 310.670623779
235.000000000 310.670623779
234.000000000 310.670623779
233.000000000 310.670623779
232.000000000 327.378906250
231.000000000 327.378906250
230.000000000 327.378906250
229.000000000 327.378906250
228.000000000 327.378906250
227.000000000 327.378906250
226.000000000 327.378906250
225.000000000 327.378906250
224.000000000 343.678497314
223.000000000 343.678497314
222.000000000 343.678497314
221.000000000 343.678497314
220.000000000 359.978149414
219.000000000 359.978149414
218.000000000 359.978149414
217.000000000 359.978149414
216.000000000 378.723358154
215.000000000 378.723358154
214.000000000 378.723358154
213.000000000 378.723358154
212.000000000 402.011718750
211.000000000 402.011718750
210.000000000 402.011718750
209.000000000 421.995269775
208.000000000 421.995269775
207.000000000 421.995269775
206.000000000 421.995269775
205.000000000 421.995269775
204.000000000 447.357696533
203.000000000 447.357696533
202.000000000 447.357696533
201.000000000 447.357696533
200.000000000 468.486145020
199.000000000 468.486145020
198.000000000 468.486145020
197.000000000 468.486145020
196.000000000 491.857757568
195.000000000 491.857757568
194.000000000 491.857757568
193.000000000 519.879394531
192.000000000 519.879394531
191.000000000 550.207153320
190.000000000 550.207153320
