250.000000000 318.934753418
249.000000000 318.934753418
248.000000000 318.934753418
247.000000000 318.934753418
246.000000000 318.934753418
245.000000000 318.934753418
244.000000000 318.934753418
243.000000000 318.934753418
242.000000000 318.934753418
241.000000000 318.934753418
240.000000000 318.934753418
239.000000000 318.934753418
238.000000000 318.934753418
237.000000000 318.934753418
236.000000000 318.934753418
235.000000000 318.934753418
234.000000000 318.934753418
233.000000000 318.934753418
232.000000000 334.699096680
231.000000000 334.699096680
230.000000000 334.699096680
229.000000000 334.699096680
228.000000000 334.699096680
227.000000000 334.699096680
226.000000000 334.699096680
225.000000000 334.699096680
224.000000000 353.092132568
223.000000000 353.092132568
222.000000000 353.092132568
221.000000000 353.092132568
220.000000000 370.139434814
219.000000000 370.139434814
218.000000000 370.139434814
217.000000000 370.139434814
216.000000000 388.992126465
215.000000000 388.992126465
214.000000000 388.992126465
213.000000000 388.992126465
212.000000000 412.788604736
211.000000000 412.788604736
210.000000000 412.788604736
209.000000000 432.882537842
208.000000000 432.882537842
207.000000000 432.882537842
206.000000000 432.882537842
205.000000000 432.882537842
204.000000000 458.396270752
203.000000000 458.396270752
202.000000000 458.396270752
201.000000000 458.396270752
200.000000000 458.396270752
199.000000000 481.221374512
198.000000000 481.221374512
197.000000000 481.221374512
196.000000000 481.221374512
195.000000000 481.221374512
194.000000000 511.316894531
193.000000000 511.316894531
192.000000000 511.316894531
191.000000000 551.790283203
190.000000000 551.790283203
