250.000000000 -0.797301029
249.000000000 -0.497767262
248.000000000 -0.837147531
247.000000000 -0.633279436
246.000000000 -0.788831581
245.000000000 -1.129490135
244.000000000 -1.036655377
243.000000000 -1.227380157
242.000000000 -1.399788515
241.000000000 -1.496737595
240.000000000 -1.931644629
239.000000000 -2.099178477
238.000000000 -2.297895356
237.000000000 -2.589162866
236.000000000 -3.155393693
235.000000000 -3.383374237
234.000000000 -4.069448209
233.000000000 -4.587605542
232.000000000 -5.209613158
231.000000000 -5.820144445
230.000000000 -6.328157757
229.000000000 -6.509880900
228.000000000 -7.435484350
227.000000000 -7.528878862
226.000000000 -8.045625257
225.000000000 -8.404250254
224.000000000 -8.684461385
223.000000000 -9.139538189
222.000000000 -9.388342828
221.000000000 -8.997865847
220.000000000 -9.290212163
219.000000000 -9.523306549
218.000000000 -9.442153796
217.000000000 -9.339090806
216.000000000 -9.389382303
215.000000000 -9.276581099
214.000000000 -8.542385973
213.000000000 -8.898459713
212.000000000 -8.524408490
211.000000000 -8.436856099
210.000000000 -8.204767377
209.000000000 -7.854866476
208.000000000 -7.272519737
207.000000000 -6.501796426
206.000000000 -5.332748421
205.000000000 -3.650529063
204.000000000 -1.110666614
203.000000000 0.197343003
202.000000000 1.780944556
201.000000000 4.468350797
200.000000000 6.634133507
199.000000000 9.795491157
198.000000000 11.265851842
197.000000000 12.195337798
196.000000000 12.811272868
195.000000000 13.894426624
194.000000000 12.019004923
193.000000000 13.571721508
192.000000000 12.434040784
191.000000000 10.829206398
190.000000000 10.499768686
