250.000000000 -0.898132943
249.000000000 -0.717071622
248.000000000 -0.704381149
247.000000000 -0.687048747
246.000000000 -0.922868574
245.000000000 -0.869733605
244.000000000 -1.087927733
243.000000000 -1.290493027
242.000000000 -1.483041736
241.000000000 -1.471240606
240.000000000 -1.700260951
239.000000000 -1.897087534
238.000000000 -2.193706884
237.000000000 -2.516350500
236.000000000 -3.055748424
235.000000000 -3.523078694
234.000000000 -4.034323307
233.000000000 -4.728850918
232.000000000 -4.988451567
231.000000000 -5.725341283
230.000000000 -6.217756634
229.000000000 -6.851912648
228.000000000 -7.130244325
227.000000000 -7.774899725
226.000000000 -7.825895273
225.000000000 -8.415427799
224.000000000 -8.834829549
223.000000000 -9.222643353
222.000000000 -8.926247459
221.000000000 -9.263268560
220.000000000 -9.196189382
219.000000000 -8.849277779
218.000000000 -8.599664377
217.000000000 -8.939504849
216.000000000 -9.274942191
215.000000000 -9.056995645
214.000000000 -8.944727423
213.000000000 -8.871303994
212.000000000 -8.681058847
211.000000000 -8.677313523
210.000000000 -8.099754442
209.000000000 -7.804675904
208.000000000 -7.631354550
207.000000000 -6.623401937
206.000000000 -4.716868787
205.000000000 -3.335678612
204.000000000 -1.384778603
203.000000000 0.182167918
202.000000000 1.826979160
201.000000000 2.624352931
200.000000000 7.185268335
199.000000000 8.588272898
198.000000000 10.311807673
197.000000000 11.883000437
196.000000000 12.732828127
195.000000000 12.459310866
194.000000000 13.074558627
193.000000000 12.066413927
192.000000000 11.884938105
191.000000000 12.045019976
190.000000000 9.921027710
