250.000000000 -0.728081286
249.000000000 -0.790514180
248.000000000 -0.725093164
247.000000000 -0.719624071
246.000000000 -0.686487174
245.000000000 -1.077744156
244.000000000 -1.113735237
243.000000000 -1.031514026
242.000000000 -1.311682271
241.000000000 -1.492420468
240.000000000 -1.768560278
239.000000000 -2.112599035
238.000000000 -2.394653136
237.000000000 -2.714600682
236.000000000 -2.966309475
235.000000000 -3.648333914
234.000000000 -4.191780422
233.000000000 -4.511183334
232.000000000 -5.086593416
231.000000000 -5.589830651
230.000000000 -6.131042478
229.000000000 -6.827076762
228.000000000 -7.407131999
227.000000000 -7.685087301
226.000000000 -8.009217983
225.000000000 -8.473420245
224.000000000 -8.688462147
223.000000000 -9.304859687
222.000000000 -9.168599430
221.000000000 -9.024714540
220.000000000 -9.445164700
219.000000000 -9.153092368
218.000000000 -8.969245080
217.000000000 -9.010858964
216.000000000 -9.363945309
215.000000000 -8.834849963
214.000000000 -9.337104925
213.000000000 -8.979099637
212.000000000 -8.893989986
211.000000000 -8.988583504
210.000000000 -8.514533548
209.000000000 -8.511204151
208.000000000 -7.163927380
207.000000000 -6.347061472
206.000000000 -5.526204910
205.000000000 -3.213110249
204.000000000 -1.954467914
203.000000000 0.283405908
202.000000000 1.814432018
201.000000000 4.488678537
200.000000000 7.032305390
199.000000000 9.919213602
198.000000000 11.636109451
197.000000000 12.946744161
196.000000000 13.573826811
195.000000000 13.763222568
194.000000000 12.923926418
193.000000000 12.967907339
192.000000000 13.679957585
191.000000000 10.729990867
190.000000000 9.075483170
