250.000000000 -0.775169158
249.000000000 -0.768706957
248.000000000 -0.827789462
247.000000000 -0.833654763
246.000000000 -0.809291306
245.000000000 -1.079212042
244.000000000 -1.194149666
243.000000000 -1.411217787
242.000000000 -1.367387146
241.000000000 -1.469843691
240.000000000 -1.812140623
239.000000000 -1.934541579
238.000000000 -2.041864754
237.000000000 -2.545492092
236.000000000 -2.899624478
235.000000000 -3.798861046
234.000000000 -4.008278202
233.000000000 -4.761373897
232.000000000 -5.018855744
231.000000000 -5.731540086
230.000000000 -6.182782082
229.000000000 -6.774365166
228.000000000 -7.093214071
227.000000000 -7.837256278
226.000000000 -7.815557369
225.000000000 -8.342081512
224.000000000 -9.045184829
223.000000000 -8.676313478
222.000000000 -9.144343780
221.000000000 -8.685686051
220.000000000 -9.318352753
219.000000000 -8.743128032
218.000000000 -9.777678227
217.000000000 -9.257058868
216.000000000 -9.092418554
215.000000000 -9.217180178
214.000000000 -8.962101899
213.000000000 -9.342501944
212.000000000 -8.714105072
211.000000000 -8.425809211
210.000000000 -8.411784420
209.000000000 -8.393453989
208.000000000 -6.773325826
207.000000000 -6.048243806
206.000000000 -3.908145001
205.000000000 -3.386908969
204.000000000 -1.360188679
203.000000000 0.624983262
202.000000000 1.176291482
201.000000000 3.770635360
200.000000000 7.142007228
199.000000000 8.829048684
198.000000000 10.841154670
197.000000000 12.850140265
196.000000000 13.193809731
195.000000000 13.737497430
194.000000000 13.737810853
193.000000000 13.767735291
192.000000000 12.545520532
191.000000000 10.508834622
190.000000000 8.541333545
