250.000000000 310.670623779
249.000000000 310.670623779
248.000000000 310.670623779
247.000000000 310.670623779
246.000000000 310.670623779
245.000000000 310.670623779
244.000000000 310.670623779
243.000000000 310.670623779
242.000000000 310.670623779
241.000000000 310.670623779
240.000000000 310.670623779
239.000000000 310.670623779
238.000000000 310.670623779
237.000000000 310.670623779
236.000000000 310.670623779
235.000000000 310.670623779
234.000000000 310.670623779
233.000000000 310.670623779
232.000000000 325.997772217
231.000000000 325.997772217
230.000000000 325.997772217
229.000000000 325.997772217
228.000000000 325.997772217
227.000000000 325.997772217
226.000000000 325.997772217
225.000000000 325.997772217
224.000000000 325.997772217
223.000000000 325.997772217
222.000000000 325.997772217
221.000000000 325.997772217
220.000000000 341.835021973
219.000000000 341.835021973
218.000000000 341.835021973
217.000000000 341.835021973
216.000000000 341.835021973
215.000000000 341.835021973
214.000000000 341.835021973
213.000000000 358.637084961
212.000000000 358.637084961
211.000000000 358.637084961
210.000000000 358.637084961
209.000000000 358.637084961
208.000000000 379.809722900
207.000000000 379.809722900
206.000000000 379.809722900
205.000000000 379.809722900
204.000000000 397.620544434
203.000000000 397.620544434
202.000000000 397.620544434
201.000000000 416.363159180
200.000000000 416.363159180
199.000000000 435.964782715
198.000000000 435.964782715
197.000000000 461.531280518
196.000000000 461.531280518
195.000000000 501.325347900
194.000000000 528.531188965
193.000000000 562.826110840
192.000000000 610.575744629
191.000000000 675.474975586
190.000000000 765.464660645
