250.000000000 318.934753418
249.000000000 318.934753418
248.000000000 318.934753418
247.000000000 318.934753418
246.000000000 318.934753418
245.000000000 318.934753418
244.000000000 318.934753418
243.000000000 318.934753418
242.000000000 318.934753418
241.000000000 318.934753418
240.000000000 318.934753418
239.000000000 318.934753418
238.000000000 318.934753418
237.000000000 318.934753418
236.000000000 318.934753418
235.000000000 318.934753418
234.000000000 318.934753418
233.000000000 318.934753418
232.000000000 318.934753418
231.000000000 334.343078613
230.000000000 334.343078613
229.000000000 334.343078613
228.000000000 334.343078613
227.000000000 334.343078613
226.000000000 334.343078613
225.000000000 334.343078613
224.000000000 334.343078613
223.000000000 334.343078613
222.000000000 334.343078613
221.000000000 334.343078613
220.000000000 334.343078613
219.000000000 352.997344971
218.000000000 352.997344971
217.000000000 352.997344971
216.000000000 352.997344971
215.000000000 352.997344971
214.000000000 352.997344971
213.000000000 352.997344971
212.000000000 370.033050537
211.000000000 370.033050537
210.000000000 370.033050537
209.000000000 370.033050537
208.000000000 390.909362793
207.000000000 390.909362793
206.000000000 390.909362793
205.000000000 390.909362793
204.000000000 390.909362793
203.000000000 410.971069336
202.000000000 410.971069336
201.000000000 410.971069336
200.000000000 410.971069336
199.000000000 440.795288086
198.000000000 440.795288086
197.000000000 464.980072021
196.000000000 464.980072021
195.000000000 505.952606201
194.000000000 534.270690918
193.000000000 571.683166504
192.000000000 621.206359863
191.000000000 686.611267090
190.000000000 775.223754883
