250.000000000 -0.701307214
249.000000000 -0.512817379
248.000000000 -0.531305697
247.000000000 -0.557853121
246.000000000 -0.614376741
245.000000000 -1.048982897
244.000000000 -1.021318101
243.000000000 -0.977319479
242.000000000 -1.123495128
241.000000000 -1.263190283
240.000000000 -1.187505863
239.000000000 -1.591663152
238.000000000 -1.970891605
237.000000000 -1.802476260
236.000000000 -2.435891683
235.000000000 -2.749213249
234.000000000 -3.056967157
233.000000000 -2.933725810
232.000000000 -3.804482604
231.000000000 -4.034570028
230.000000000 -4.420566658
229.000000000 -4.453049609
228.000000000 -5.096765738
227.000000000 -5.185177133
226.000000000 -5.213825883
225.000000000 -5.891217835
224.000000000 -6.141240862
223.000000000 -6.208331158
222.000000000 -6.045773806
221.000000000 -5.833375422
220.000000000 -5.632740010
219.000000000 -6.120308361
218.000000000 -5.760617610
217.000000000 -5.536230576
216.000000000 -5.440305019
215.000000000 -5.392232172
214.000000000 -5.418850180
213.000000000 -5.455104968
212.000000000 -5.763776181
211.000000000 -5.355055670
210.000000000 -5.362131996
209.000000000 -5.780456845
208.000000000 -4.074625246
207.000000000 -3.671558188
206.000000000 -2.840957159
205.000000000 -2.263836305
204.000000000 -0.605743871
203.000000000 0.064489947
202.000000000 1.529431787
201.000000000 3.686372758
200.000000000 5.645665318
199.000000000 6.155950258
198.000000000 8.712547668
197.000000000 9.734218317
196.000000000 10.496023346
195.000000000 11.287351529
194.000000000 11.990332053
193.000000000 10.764542986
192.000000000 7.546489505
191.000000000 12.783727862
190.000000000 4.811219373
