250.000000000 -0.613551439
249.000000000 -0.515603338
248.000000000 -0.674269444
247.000000000 -0.565310546
246.000000000 -0.525502824
245.000000000 -0.904043646
244.000000000 -0.797913146
243.000000000 -0.781030367
242.000000000 -0.933832339
241.000000000 -1.225669255
240.000000000 -1.449181590
239.000000000 -1.546830580
238.000000000 -1.926200970
237.000000000 -2.081540883
236.000000000 -2.578595635
235.000000000 -2.635444072
234.000000000 -2.945451746
233.000000000 -3.253095908
232.000000000 -3.646754794
231.000000000 -3.881507484
230.000000000 -4.274753747
229.000000000 -4.586985395
228.000000000 -4.788452681
227.000000000 -5.327147288
226.000000000 -5.429477534
225.000000000 -5.658070032
224.000000000 -5.628615949
223.000000000 -5.893290765
222.000000000 -5.590121688
221.000000000 -5.876286387
220.000000000 -5.685721899
219.000000000 -5.828645827
218.000000000 -5.727206010
217.000000000 -5.678023601
216.000000000 -5.480795632
215.000000000 -5.313898333
214.000000000 -5.694713542
213.000000000 -5.452567794
212.000000000 -5.496013428
211.000000000 -5.211423912
210.000000000 -5.204219800
209.000000000 -5.046701109
208.000000000 -4.498298124
207.000000000 -3.967188102
206.000000000 -2.877139635
205.000000000 -2.314201269
204.000000000 -1.001198807
203.000000000 0.361230268
202.000000000 1.949103291
201.000000000 3.846852099
200.000000000 4.788588742
199.000000000 6.494771711
198.000000000 7.669118227
197.000000000 9.872423219
196.000000000 9.784634172
195.000000000 9.829380820
194.000000000 9.870670736
193.000000000 9.335006949
192.000000000 10.122049024
191.000000000 10.547165314
190.000000000 7.620337093
