250.000000000 310.670623779
249.000000000 310.670623779
248.000000000 310.670623779
247.000000000 310.670623779
246.000000000 310.670623779
245.000000000 310.670623779
244.000000000 310.670623779
243.000000000 310.670623779
242.000000000 310.670623779
241.000000000 310.670623779
240.000000000 310.670623779
239.000000000 310.670623779
238.000000000 310.670623779
237.000000000 310.670623779
236.000000000 310.670623779
235.000000000 310.670623779
234.000000000 310.670623779
233.000000000 325.842041016
232.000000000 325.842041016
231.000000000 325.842041016
230.000000000 325.842041016
229.000000000 325.842041016
228.000000000 325.842041016
227.000000000 325.842041016
226.000000000 325.842041016
225.000000000 325.842041016
224.000000000 325.842041016
223.000000000 325.842041016
222.000000000 325.842041016
221.000000000 325.842041016
220.000000000 342.959320068
219.000000000 342.959320068
218.000000000 342.959320068
217.000000000 342.959320068
216.000000000 342.959320068
215.000000000 342.959320068
214.000000000 342.959320068
213.000000000 342.959320068
212.000000000 360.787811279
211.000000000 360.787811279
210.000000000 360.787811279
209.000000000 360.787811279
208.000000000 379.625274658
207.000000000 379.625274658
206.000000000 379.625274658
205.000000000 379.625274658
204.000000000 398.642578125
203.000000000 398.642578125
202.000000000 398.642578125
201.000000000 417.303100586
200.000000000 417.303100586
199.000000000 417.303100586
198.000000000 448.125579834
197.000000000 448.125579834
196.000000000 478.537658691
195.000000000 502.420104980
194.000000000 528.938476562
193.000000000 562.918945312
192.000000000 610.422180176
191.000000000 675.283935547
190.000000000 767.145263672
