250.000000000 310.670623779
249.000000000 310.670623779
248.000000000 310.670623779
247.000000000 310.670623779
246.000000000 310.670623779
245.000000000 310.670623779
244.000000000 310.670623779
243.000000000 310.670623779
242.000000000 310.670623779
241.000000000 310.670623779
240.000000000 310.670623779
239.000000000 310.670623779
238.000000000 310.670623779
237.000000000 310.670623779
236.000000000 310.670623779
235.000000000 310.670623779
234.000000000 310.670623779
233.000000000 310.670623779
232.000000000 325.809173584
231.000000000 325.809173584
230.000000000 325.809173584
229.000000000 325.809173584
228.000000000 325.809173584
227.000000000 325.809173584
226.000000000 325.809173584
225.000000000 325.809173584
224.000000000 325.809173584
223.000000000 325.809173584
222.000000000 325.809173584
221.000000000 325.809173584
220.000000000 343.258605957
219.000000000 343.258605957
218.000000000 343.258605957
217.000000000 343.258605957
216.000000000 343.258605957
215.000000000 343.258605957
214.000000000 343.258605957
213.000000000 343.258605957
212.000000000 360.075897217
211.000000000 360.075897217
210.000000000 360.075897217
209.000000000 360.075897217
208.000000000 380.178894043
207.000000000 380.178894043
206.000000000 380.178894043
205.000000000 380.178894043
204.000000000 398.637481689
203.000000000 398.637481689
202.000000000 398.637481689
201.000000000 398.637481689
200.000000000 426.147583008
199.000000000 426.147583008
198.000000000 449.197204590
197.000000000 449.197204590
196.000000000 478.498413086
195.000000000 478.498413086
194.000000000 526.234924316
193.000000000 562.995544434
192.000000000 610.731933594
191.000000000 678.601013184
190.000000000 764.554870605
