250.000000000 -0.714785875
249.000000000 -0.559375844
248.000000000 -0.729508745
247.000000000 -0.505429979
246.000000000 -0.753772394
245.000000000 -0.705004713
244.000000000 -0.910984864
243.000000000 -0.764685119
242.000000000 -0.840720227
241.000000000 -1.311840910
240.000000000 -1.352703729
239.000000000 -1.272687514
238.000000000 -1.651524953
237.000000000 -1.836517025
236.000000000 -2.358469475
235.000000000 -2.901516340
234.000000000 -2.751201603
233.000000000 -3.091291158
232.000000000 -3.551399826
231.000000000 -3.943566666
230.000000000 -4.288532080
229.000000000 -4.694174612
228.000000000 -5.028834442
227.000000000 -5.372726314
226.000000000 -5.563925838
225.000000000 -5.531065106
224.000000000 -5.921086764
223.000000000 -5.685901188
222.000000000 -5.848313434
221.000000000 -5.843610504
220.000000000 -5.871946542
219.000000000 -5.889925441
218.000000000 -6.087719351
217.000000000 -5.798179796
216.000000000 -5.451227643
215.000000000 -5.949139132
214.000000000 -5.465324875
213.000000000 -5.515232758
212.000000000 -5.854358337
211.000000000 -5.337293684
210.000000000 -5.113354782
209.000000000 -4.795288377
208.000000000 -4.763501929
207.000000000 -3.311630713
206.000000000 -3.272701448
205.000000000 -2.043448958
204.000000000 -0.585308309
203.000000000 -0.084226689
202.000000000 1.422773801
201.000000000 2.983596092
200.000000000 4.959957426
199.000000000 6.624978943
198.000000000 8.490801071
197.000000000 9.558502253
196.000000000 10.042120836
195.000000000 9.768789938
194.000000000 9.219205855
193.000000000 9.308884017
192.000000000 10.483959228
191.000000000 11.630024792
190.000000000 5.606536501
