250.000000000 -0.570069227
249.000000000 -0.593819282
248.000000000 -0.650691603
247.000000000 -0.719159128
246.000000000 -0.727587121
245.000000000 -0.851140038
244.000000000 -0.772555681
243.000000000 -0.792338645
242.000000000 -1.037881150
241.000000000 -1.024417487
240.000000000 -1.433671160
239.000000000 -1.367437362
238.000000000 -1.518979168
237.000000000 -1.850236078
236.000000000 -1.944829274
235.000000000 -2.753761528
234.000000000 -2.774354515
233.000000000 -3.146834548
232.000000000 -3.628848793
231.000000000 -4.086796987
230.000000000 -4.177668659
229.000000000 -4.542647510
228.000000000 -4.957686717
227.000000000 -5.166511063
226.000000000 -5.515260134
225.000000000 -5.790932062
224.000000000 -5.855820398
223.000000000 -5.830778000
222.000000000 -6.123349341
221.000000000 -5.598299689
220.000000000 -6.110392095
219.000000000 -5.780704626
218.000000000 -5.592020347
217.000000000 -5.740238285
216.000000000 -5.467972329
215.000000000 -5.741538065
214.000000000 -5.394217535
213.000000000 -5.457091877
212.000000000 -5.442880333
211.000000000 -5.059351327
210.000000000 -5.383797725
209.000000000 -5.076808637
208.000000000 -4.595564309
207.000000000 -3.885953176
206.000000000 -2.974524159
205.000000000 -2.467745751
204.000000000 -1.705079645
203.000000000 0.515665794
202.000000000 1.629556283
201.000000000 3.300026661
200.000000000 5.229719098
199.000000000 6.689012354
198.000000000 8.441482452
197.000000000 9.482253470
196.000000000 9.453648270
195.000000000 10.873719242
194.000000000 10.403017834
193.000000000 9.618827244
192.000000000 10.081401744
191.000000000 10.358312995
190.000000000 5.972048000
