260.000000000 488.680480957
259.000000000 488.680480957
258.000000000 488.680480957
257.000000000 488.680480957
256.000000000 488.680480957
255.000000000 488.680480957
254.000000000 488.680480957
253.000000000 488.680480957
252.000000000 488.680480957
251.000000000 488.680480957
250.000000000 488.680480957
249.000000000 488.680480957
248.000000000 488.680480957
247.000000000 488.680480957
246.000000000 488.680480957
245.000000000 488.680480957
244.000000000 488.680480957
243.000000000 513.905639648
242.000000000 513.905639648
241.000000000 513.905639648
240.000000000 513.905639648
239.000000000 513.905639648
238.000000000 513.905639648
237.000000000 513.905639648
236.000000000 513.905639648
235.000000000 513.905639648
234.000000000 513.905639648
233.000000000 513.905639648
232.000000000 541.326293945
231.000000000 541.326293945
230.000000000 541.326293945
229.000000000 541.326293945
228.000000000 541.326293945
227.000000000 541.326293945
226.000000000 541.326293945
225.000000000 541.326293945
224.000000000 572.999694824
223.000000000 572.999694824
222.000000000 572.999694824
221.000000000 572.999694824
220.000000000 604.389831543
219.000000000 604.389831543
218.000000000 604.389831543
217.000000000 604.389831543
216.000000000 634.198669434
215.000000000 634.198669434
214.000000000 634.198669434
213.000000000 634.198669434
212.000000000 675.050598145
211.000000000 675.050598145
210.000000000 675.050598145
209.000000000 716.953796387
208.000000000 716.953796387
207.000000000 716.953796387
206.000000000 754.370849609
205.000000000 754.370849609
204.000000000 754.370849609
203.000000000 795.446289062
202.000000000 795.446289062
201.000000000 795.446289062
200.000000000 835.358520508
199.000000000 835.358520508
198.000000000 835.358520508
197.000000000 876.573608398
196.000000000 876.573608398
195.000000000 876.573608398
194.000000000 876.573608398
193.000000000 934.144836426
192.000000000 934.144836426
191.000000000 934.144836426
190.000000000 1000.767517090
