260.000000000 451.136840820
259.000000000 451.136840820
258.000000000 451.136840820
257.000000000 451.136840820
256.000000000 451.136840820
255.000000000 451.136840820
254.000000000 451.136840820
253.000000000 451.136840820
252.000000000 451.136840820
251.000000000 451.136840820
250.000000000 451.136840820
249.000000000 451.136840820
248.000000000 451.136840820
247.000000000 451.136840820
246.000000000 451.136840820
245.000000000 451.136840820
244.000000000 451.136840820
243.000000000 451.136840820
242.000000000 451.136840820
241.000000000 451.136840820
240.000000000 472.782409668
239.000000000 472.782409668
238.000000000 472.782409668
237.000000000 472.782409668
236.000000000 472.782409668
235.000000000 472.782409668
234.000000000 472.782409668
233.000000000 472.782409668
232.000000000 472.782409668
231.000000000 472.782409668
230.000000000 497.602874756
229.000000000 497.602874756
228.000000000 497.602874756
227.000000000 497.602874756
226.000000000 497.602874756
225.000000000 497.602874756
224.000000000 497.602874756
223.000000000 528.442199707
222.000000000 528.442199707
221.000000000 528.442199707
220.000000000 528.442199707
219.000000000 528.442199707
218.000000000 558.002685547
217.000000000 558.002685547
216.000000000 558.002685547
215.000000000 558.002685547
214.000000000 589.432861328
213.000000000 589.432861328
212.000000000 589.432861328
211.000000000 618.629882812
210.000000000 618.629882812
209.000000000 618.629882812
208.000000000 618.629882812
207.000000000 657.588623047
206.000000000 657.588623047
205.000000000 657.588623047
204.000000000 657.588623047
203.000000000 699.580139160
202.000000000 699.580139160
201.000000000 699.580139160
200.000000000 739.920593262
199.000000000 739.920593262
198.000000000 739.920593262
197.000000000 785.973571777
196.000000000 785.973571777
195.000000000 785.973571777
194.000000000 833.105590820
193.000000000 833.105590820
192.000000000 833.105590820
191.000000000 890.054199219
190.000000000 890.054199219
