260.000000000 451.136840820
259.000000000 451.136840820
258.000000000 451.136840820
257.000000000 451.136840820
256.000000000 451.136840820
255.000000000 451.136840820
254.000000000 451.136840820
253.000000000 451.136840820
252.000000000 451.136840820
251.000000000 451.136840820
250.000000000 451.136840820
249.000000000 451.136840820
248.000000000 451.136840820
247.000000000 451.136840820
246.000000000 451.136840820
245.000000000 451.136840820
244.000000000 451.136840820
243.000000000 451.136840820
242.000000000 451.136840820
241.000000000 451.136840820
240.000000000 472.539428711
239.000000000 472.539428711
238.000000000 472.539428711
237.000000000 472.539428711
236.000000000 472.539428711
235.000000000 472.539428711
234.000000000 472.539428711
233.000000000 472.539428711
232.000000000 472.539428711
231.000000000 497.140167236
230.000000000 497.140167236
229.000000000 497.140167236
228.000000000 497.140167236
227.000000000 497.140167236
226.000000000 497.140167236
225.000000000 497.140167236
224.000000000 522.656982422
223.000000000 522.656982422
222.000000000 522.656982422
221.000000000 522.656982422
220.000000000 547.194946289
219.000000000 547.194946289
218.000000000 547.194946289
217.000000000 547.194946289
216.000000000 575.301696777
215.000000000 575.301696777
214.000000000 575.301696777
213.000000000 575.301696777
212.000000000 609.490661621
211.000000000 609.490661621
210.000000000 609.490661621
209.000000000 639.746704102
208.000000000 639.746704102
207.000000000 639.746704102
206.000000000 639.746704102
205.000000000 679.353576660
204.000000000 679.353576660
203.000000000 679.353576660
202.000000000 716.074462891
201.000000000 716.074462891
200.000000000 716.074462891
199.000000000 762.380249023
198.000000000 762.380249023
197.000000000 762.380249023
196.000000000 814.848449707
195.000000000 814.848449707
194.000000000 856.315979004
193.000000000 856.315979004
192.000000000 904.692138672
191.000000000 904.692138672
190.000000000 971.078552246
