260.000000000 451.136840820
259.000000000 451.136840820
258.000000000 451.136840820
257.000000000 451.136840820
256.000000000 451.136840820
255.000000000 451.136840820
254.000000000 451.136840820
253.000000000 451.136840820
252.000000000 451.136840820
251.000000000 451.136840820
250.000000000 451.136840820
249.000000000 451.136840820
248.000000000 451.136840820
247.000000000 451.136840820
246.000000000 451.136840820
245.000000000 451.136840820
244.000000000 451.136840820
243.000000000 473.080230713
242.000000000 473.080230713
241.000000000 473.080230713
240.000000000 473.080230713
239.000000000 473.080230713
238.000000000 473.080230713
237.000000000 473.080230713
236.000000000 473.080230713
235.000000000 473.080230713
234.000000000 473.080230713
233.000000000 473.080230713
232.000000000 498.047943115
231.000000000 498.047943115
230.000000000 498.047943115
229.000000000 498.047943115
228.000000000 498.047943115
227.000000000 498.047943115
226.000000000 498.047943115
225.000000000 524.557189941
224.000000000 524.557189941
223.000000000 524.557189941
222.000000000 524.557189941
221.000000000 524.557189941
220.000000000 554.226928711
219.000000000 554.226928711
218.000000000 554.226928711
217.000000000 554.226928711
216.000000000 583.069030762
215.000000000 583.069030762
214.000000000 583.069030762
213.000000000 610.668273926
212.000000000 610.668273926
211.000000000 610.668273926
210.000000000 639.918090820
209.000000000 639.918090820
208.000000000 639.918090820
207.000000000 672.941711426
206.000000000 672.941711426
205.000000000 672.941711426
204.000000000 710.899597168
203.000000000 710.899597168
202.000000000 710.899597168
201.000000000 759.536987305
200.000000000 759.536987305
199.000000000 799.694396973
198.000000000 799.694396973
197.000000000 845.936889648
196.000000000 845.936889648
195.000000000 899.652343750
194.000000000 899.652343750
193.000000000 964.512390137
192.000000000 1012.881774902
191.000000000 1012.881774902
190.000000000 1100.000000000
