260.000000000 451.136840820
259.000000000 451.136840820
258.000000000 451.136840820
257.000000000 451.136840820
256.000000000 451.136840820
255.000000000 451.136840820
254.000000000 451.136840820
253.000000000 451.136840820
252.000000000 451.136840820
251.000000000 451.136840820
250.000000000 451.136840820
249.000000000 451.136840820
248.000000000 451.136840820
247.000000000 451.136840820
246.000000000 451.136840820
245.000000000 472.331573486
244.000000000 472.331573486
243.000000000 472.331573486
242.000000000 472.331573486
241.000000000 472.331573486
240.000000000 472.331573486
239.000000000 472.331573486
238.000000000 472.331573486
237.000000000 472.331573486
236.000000000 472.331573486
235.000000000 472.331573486
234.000000000 494.584594727
233.000000000 494.584594727
232.000000000 494.584594727
231.000000000 494.584594727
230.000000000 494.584594727
229.000000000 494.584594727
228.000000000 494.584594727
227.000000000 494.584594727
226.000000000 520.798828125
225.000000000 520.798828125
224.000000000 520.798828125
223.000000000 520.798828125
222.000000000 520.798828125
221.000000000 550.093566895
220.000000000 550.093566895
219.000000000 550.093566895
218.000000000 550.093566895
217.000000000 579.885314941
216.000000000 579.885314941
215.000000000 579.885314941
214.000000000 579.885314941
213.000000000 611.580078125
212.000000000 611.580078125
211.000000000 611.580078125
210.000000000 644.737548828
209.000000000 644.737548828
208.000000000 644.737548828
207.000000000 678.332031250
206.000000000 678.332031250
205.000000000 678.332031250
204.000000000 718.115966797
203.000000000 718.115966797
202.000000000 752.615661621
201.000000000 752.615661621
200.000000000 794.374694824
199.000000000 794.374694824
198.000000000 844.409423828
197.000000000 844.409423828
196.000000000 906.390869141
195.000000000 906.390869141
194.000000000 976.874816895
193.000000000 1025.174072266
192.000000000 1076.184082031
191.000000000 1100.000000000
190.000000000 1100.000000000
