260.000000000 488.680480957
259.000000000 488.680480957
258.000000000 488.680480957
257.000000000 488.680480957
256.000000000 488.680480957
255.000000000 488.680480957
254.000000000 488.680480957
253.000000000 488.680480957
252.000000000 488.680480957
251.000000000 488.680480957
250.000000000 488.680480957
249.000000000 488.680480957
248.000000000 488.680480957
247.000000000 488.680480957
246.000000000 488.680480957
245.000000000 488.680480957
244.000000000 488.680480957
243.000000000 512.883972168
242.000000000 512.883972168
241.000000000 512.883972168
240.000000000 512.883972168
239.000000000 512.883972168
238.000000000 512.883972168
237.000000000 512.883972168
236.000000000 512.883972168
235.000000000 512.883972168
234.000000000 512.883972168
233.000000000 538.160034180
232.000000000 538.160034180
231.000000000 538.160034180
230.000000000 538.160034180
229.000000000 538.160034180
228.000000000 538.160034180
227.000000000 538.160034180
226.000000000 565.476806641
225.000000000 565.476806641
224.000000000 565.476806641
223.000000000 565.476806641
222.000000000 565.476806641
221.000000000 596.815612793
220.000000000 596.815612793
219.000000000 596.815612793
218.000000000 596.815612793
217.000000000 625.749877930
216.000000000 625.749877930
215.000000000 625.749877930
214.000000000 655.926940918
213.000000000 655.926940918
212.000000000 655.926940918
211.000000000 693.079345703
210.000000000 693.079345703
209.000000000 693.079345703
208.000000000 732.754638672
207.000000000 732.754638672
206.000000000 732.754638672
205.000000000 774.795104980
204.000000000 774.795104980
203.000000000 774.795104980
202.000000000 813.132812500
201.000000000 813.132812500
200.000000000 813.132812500
199.000000000 861.794921875
198.000000000 861.794921875
197.000000000 861.794921875
196.000000000 919.187500000
195.000000000 919.187500000
194.000000000 919.187500000
193.000000000 986.563171387
192.000000000 986.563171387
191.000000000 1056.545288086
190.000000000 1056.545288086
