260.000000000 488.680480957
259.000000000 488.680480957
258.000000000 488.680480957
257.000000000 488.680480957
256.000000000 488.680480957
255.000000000 488.680480957
254.000000000 488.680480957
253.000000000 488.680480957
252.000000000 488.680480957
251.000000000 488.680480957
250.000000000 488.680480957
249.000000000 488.680480957
248.000000000 488.680480957
247.000000000 488.680480957
246.000000000 488.680480957
245.000000000 488.680480957
244.000000000 488.680480957
243.000000000 488.680480957
242.000000000 488.680480957
241.000000000 517.226623535
240.000000000 517.226623535
239.000000000 517.226623535
238.000000000 517.226623535
237.000000000 517.226623535
236.000000000 517.226623535
235.000000000 517.226623535
234.000000000 517.226623535
233.000000000 517.226623535
232.000000000 517.226623535
231.000000000 545.392883301
230.000000000 545.392883301
229.000000000 545.392883301
228.000000000 545.392883301
227.000000000 545.392883301
226.000000000 545.392883301
225.000000000 545.392883301
224.000000000 573.479980469
223.000000000 573.479980469
222.000000000 573.479980469
221.000000000 573.479980469
220.000000000 603.530700684
219.000000000 603.530700684
218.000000000 603.530700684
217.000000000 603.530700684
216.000000000 635.209411621
215.000000000 635.209411621
214.000000000 635.209411621
213.000000000 635.209411621
212.000000000 678.665710449
211.000000000 678.665710449
210.000000000 678.665710449
209.000000000 718.254882812
208.000000000 718.254882812
207.000000000 718.254882812
206.000000000 758.251281738
205.000000000 758.251281738
204.000000000 758.251281738
203.000000000 795.281677246
202.000000000 795.281677246
201.000000000 795.281677246
200.000000000 840.525207520
199.000000000 840.525207520
198.000000000 840.525207520
197.000000000 892.735534668
196.000000000 892.735534668
195.000000000 892.735534668
194.000000000 950.994018555
193.000000000 950.994018555
192.000000000 1002.409545898
191.000000000 1002.409545898
190.000000000 1081.480468750
