260.000000000 488.680480957
259.000000000 488.680480957
258.000000000 488.680480957
257.000000000 488.680480957
256.000000000 488.680480957
255.000000000 488.680480957
254.000000000 488.680480957
253.000000000 488.680480957
252.000000000 488.680480957
251.000000000 488.680480957
250.000000000 488.680480957
249.000000000 488.680480957
248.000000000 488.680480957
247.000000000 488.680480957
246.000000000 488.680480957
245.000000000 488.680480957
244.000000000 488.680480957
243.000000000 488.680480957
242.000000000 488.680480957
241.000000000 512.944580078
240.000000000 512.944580078
239.000000000 512.944580078
238.000000000 512.944580078
237.000000000 512.944580078
236.000000000 512.944580078
235.000000000 512.944580078
234.000000000 512.944580078
233.000000000 537.748107910
232.000000000 537.748107910
231.000000000 537.748107910
230.000000000 537.748107910
229.000000000 537.748107910
228.000000000 537.748107910
227.000000000 537.748107910
226.000000000 563.843811035
225.000000000 563.843811035
224.000000000 563.843811035
223.000000000 563.843811035
222.000000000 563.843811035
221.000000000 592.223510742
220.000000000 592.223510742
219.000000000 592.223510742
218.000000000 592.223510742
217.000000000 625.976684570
216.000000000 625.976684570
215.000000000 625.976684570
214.000000000 625.976684570
213.000000000 664.053894043
212.000000000 664.053894043
211.000000000 664.053894043
210.000000000 702.364746094
209.000000000 702.364746094
208.000000000 702.364746094
207.000000000 743.920532227
206.000000000 743.920532227
205.000000000 743.920532227
204.000000000 780.945495605
203.000000000 780.945495605
202.000000000 780.945495605
201.000000000 819.215209961
200.000000000 819.215209961
199.000000000 819.215209961
198.000000000 865.390625000
197.000000000 865.390625000
196.000000000 865.390625000
195.000000000 912.793090820
194.000000000 912.793090820
193.000000000 912.793090820
192.000000000 979.003601074
191.000000000 979.003601074
190.000000000 1040.558471680
