260.000000000 488.680480957
259.000000000 488.680480957
258.000000000 488.680480957
257.000000000 488.680480957
256.000000000 488.680480957
255.000000000 488.680480957
254.000000000 488.680480957
253.000000000 488.680480957
252.000000000 488.680480957
251.000000000 488.680480957
250.000000000 488.680480957
249.000000000 488.680480957
248.000000000 488.680480957
247.000000000 488.680480957
246.000000000 488.680480957
245.000000000 488.680480957
244.000000000 488.680480957
243.000000000 514.041564941
242.000000000 514.041564941
241.000000000 514.041564941
240.000000000 514.041564941
239.000000000 514.041564941
238.000000000 514.041564941
237.000000000 514.041564941
236.000000000 514.041564941
235.000000000 514.041564941
234.000000000 514.041564941
233.000000000 539.780273438
232.000000000 539.780273438
231.000000000 539.780273438
230.000000000 539.780273438
229.000000000 539.780273438
228.000000000 539.780273438
227.000000000 539.780273438
226.000000000 567.032836914
225.000000000 567.032836914
224.000000000 567.032836914
223.000000000 567.032836914
222.000000000 594.642456055
221.000000000 594.642456055
220.000000000 594.642456055
219.000000000 594.642456055
218.000000000 594.642456055
217.000000000 632.681579590
216.000000000 632.681579590
215.000000000 632.681579590
214.000000000 632.681579590
213.000000000 671.175598145
212.000000000 671.175598145
211.000000000 671.175598145
210.000000000 710.659301758
209.000000000 710.659301758
208.000000000 710.659301758
207.000000000 757.100708008
206.000000000 757.100708008
205.000000000 757.100708008
204.000000000 806.692077637
203.000000000 806.692077637
202.000000000 806.692077637
201.000000000 857.685424805
200.000000000 857.685424805
199.000000000 905.847717285
198.000000000 905.847717285
197.000000000 958.886413574
196.000000000 958.886413574
195.000000000 1021.037963867
194.000000000 1021.037963867
193.000000000 1100.000000000
192.000000000 1100.000000000
191.000000000 1100.000000000
190.000000000 1100.000000000
