260.000000000 451.136840820
259.000000000 451.136840820
258.000000000 451.136840820
257.000000000 451.136840820
256.000000000 451.136840820
255.000000000 451.136840820
254.000000000 451.136840820
253.000000000 451.136840820
252.000000000 451.136840820
251.000000000 451.136840820
250.000000000 451.136840820
249.000000000 451.136840820
248.000000000 451.136840820
247.000000000 451.136840820
246.000000000 451.136840820
245.000000000 451.136840820
244.000000000 451.136840820
243.000000000 451.136840820
242.000000000 451.136840820
241.000000000 474.054107666
240.000000000 474.054107666
239.000000000 474.054107666
238.000000000 474.054107666
237.000000000 474.054107666
236.000000000 474.054107666
235.000000000 474.054107666
234.000000000 474.054107666
233.000000000 474.054107666
232.000000000 496.588256836
231.000000000 496.588256836
230.000000000 496.588256836
229.000000000 496.588256836
228.000000000 496.588256836
227.000000000 496.588256836
226.000000000 496.588256836
225.000000000 520.975708008
224.000000000 520.975708008
223.000000000 520.975708008
222.000000000 520.975708008
221.000000000 520.975708008
220.000000000 553.056396484
219.000000000 553.056396484
218.000000000 553.056396484
217.000000000 553.056396484
216.000000000 580.274780273
215.000000000 580.274780273
214.000000000 580.274780273
213.000000000 607.736755371
212.000000000 607.736755371
211.000000000 607.736755371
210.000000000 637.638732910
209.000000000 637.638732910
208.000000000 637.638732910
207.000000000 670.155456543
206.000000000 670.155456543
205.000000000 670.155456543
204.000000000 704.122131348
203.000000000 704.122131348
202.000000000 704.122131348
201.000000000 747.287719727
200.000000000 747.287719727
199.000000000 786.206359863
198.000000000 786.206359863
197.000000000 827.264099121
196.000000000 827.264099121
195.000000000 873.630798340
194.000000000 873.630798340
193.000000000 925.693054199
192.000000000 925.693054199
191.000000000 1001.241882324
190.000000000 1051.913452148
