260.000000000 451.136840820
259.000000000 451.136840820
258.000000000 451.136840820
257.000000000 451.136840820
256.000000000 451.136840820
255.000000000 451.136840820
254.000000000 451.136840820
253.000000000 451.136840820
252.000000000 451.136840820
251.000000000 451.136840820
250.000000000 451.136840820
249.000000000 451.136840820
248.000000000 451.136840820
247.000000000 451.136840820
246.000000000 451.136840820
245.000000000 451.136840820
244.000000000 451.136840820
243.000000000 451.136840820
242.000000000 451.136840820
241.000000000 451.136840820
240.000000000 451.136840820
239.000000000 473.803344727
238.000000000 473.803344727
237.000000000 473.803344727
236.000000000 473.803344727
235.000000000 473.803344727
234.000000000 473.803344727
233.000000000 473.803344727
232.000000000 473.803344727
231.000000000 473.803344727
230.000000000 498.810119629
229.000000000 498.810119629
228.000000000 498.810119629
227.000000000 498.810119629
226.000000000 498.810119629
225.000000000 498.810119629
224.000000000 498.810119629
223.000000000 528.692687988
222.000000000 528.692687988
221.000000000 528.692687988
220.000000000 528.692687988
219.000000000 528.692687988
218.000000000 558.997314453
217.000000000 558.997314453
216.000000000 558.997314453
215.000000000 558.997314453
214.000000000 591.332153320
213.000000000 591.332153320
212.000000000 591.332153320
211.000000000 619.855041504
210.000000000 619.855041504
209.000000000 619.855041504
208.000000000 619.855041504
207.000000000 659.458618164
206.000000000 659.458618164
205.000000000 659.458618164
204.000000000 690.690490723
203.000000000 690.690490723
202.000000000 690.690490723
201.000000000 727.193237305
200.000000000 727.193237305
199.000000000 727.193237305
198.000000000 776.046508789
197.000000000 776.046508789
196.000000000 776.046508789
195.000000000 827.304687500
194.000000000 827.304687500
193.000000000 869.443420410
192.000000000 869.443420410
191.000000000 920.916320801
190.000000000 920.916320801
