260.000000000 451.136840820
259.000000000 451.136840820
258.000000000 451.136840820
257.000000000 451.136840820
256.000000000 451.136840820
255.000000000 451.136840820
254.000000000 451.136840820
253.000000000 451.136840820
252.000000000 451.136840820
251.000000000 451.136840820
250.000000000 451.136840820
249.000000000 451.136840820
248.000000000 451.136840820
247.000000000 451.136840820
246.000000000 451.136840820
245.000000000 451.136840820
244.000000000 451.136840820
243.000000000 451.136840820
242.000000000 451.136840820
241.000000000 451.136840820
240.000000000 451.136840820
239.000000000 472.895965576
238.000000000 472.895965576
237.000000000 472.895965576
236.000000000 472.895965576
235.000000000 472.895965576
234.000000000 472.895965576
233.000000000 472.895965576
232.000000000 472.895965576
231.000000000 472.895965576
230.000000000 496.427398682
229.000000000 496.427398682
228.000000000 496.427398682
227.000000000 496.427398682
226.000000000 496.427398682
225.000000000 496.427398682
224.000000000 520.622314453
223.000000000 520.622314453
222.000000000 520.622314453
221.000000000 520.622314453
220.000000000 520.622314453
219.000000000 551.781066895
218.000000000 551.781066895
217.000000000 551.781066895
216.000000000 551.781066895
215.000000000 581.240112305
214.000000000 581.240112305
213.000000000 581.240112305
212.000000000 609.224914551
211.000000000 609.224914551
210.000000000 609.224914551
209.000000000 639.339233398
208.000000000 639.339233398
207.000000000 639.339233398
206.000000000 639.339233398
205.000000000 678.654541016
204.000000000 678.654541016
203.000000000 678.654541016
202.000000000 712.005249023
201.000000000 712.005249023
200.000000000 712.005249023
199.000000000 756.673217773
198.000000000 756.673217773
197.000000000 756.673217773
196.000000000 803.340026855
195.000000000 803.340026855
194.000000000 803.340026855
193.000000000 849.993835449
192.000000000 849.993835449
191.000000000 892.677490234
190.000000000 892.677490234
