260.000000000 451.136840820
259.000000000 451.136840820
258.000000000 451.136840820
257.000000000 451.136840820
256.000000000 451.136840820
255.000000000 451.136840820
254.000000000 451.136840820
253.000000000 451.136840820
252.000000000 451.136840820
251.000000000 451.136840820
250.000000000 451.136840820
249.000000000 451.136840820
248.000000000 451.136840820
247.000000000 451.136840820
246.000000000 451.136840820
245.000000000 451.136840820
244.000000000 451.136840820
243.000000000 473.880126953
242.000000000 473.880126953
241.000000000 473.880126953
240.000000000 473.880126953
239.000000000 473.880126953
238.000000000 473.880126953
237.000000000 473.880126953
236.000000000 473.880126953
235.000000000 473.880126953
234.000000000 473.880126953
233.000000000 496.113739014
232.000000000 496.113739014
231.000000000 496.113739014
230.000000000 496.113739014
229.000000000 496.113739014
228.000000000 496.113739014
227.000000000 496.113739014
226.000000000 520.676025391
225.000000000 520.676025391
224.000000000 520.676025391
223.000000000 520.676025391
222.000000000 520.676025391
221.000000000 548.315429688
220.000000000 548.315429688
219.000000000 548.315429688
218.000000000 548.315429688
217.000000000 576.256652832
216.000000000 576.256652832
215.000000000 576.256652832
214.000000000 576.256652832
213.000000000 610.551574707
212.000000000 610.551574707
211.000000000 610.551574707
210.000000000 641.597229004
209.000000000 641.597229004
208.000000000 641.597229004
207.000000000 673.853637695
206.000000000 673.853637695
205.000000000 673.853637695
204.000000000 714.244384766
203.000000000 714.244384766
202.000000000 714.244384766
201.000000000 763.497497559
200.000000000 763.497497559
199.000000000 805.330627441
198.000000000 805.330627441
197.000000000 852.416809082
196.000000000 852.416809082
195.000000000 908.501586914
194.000000000 908.501586914
193.000000000 979.013610840
192.000000000 979.013610840
191.000000000 1077.099731445
190.000000000 1100.000000000
