260.000000000 488.680480957
259.000000000 488.680480957
258.000000000 488.680480957
257.000000000 488.680480957
256.000000000 488.680480957
255.000000000 488.680480957
254.000000000 488.680480957
253.000000000 488.680480957
252.000000000 488.680480957
251.000000000 488.680480957
250.000000000 488.680480957
249.000000000 488.680480957
248.000000000 488.680480957
247.000000000 488.680480957
246.000000000 488.680480957
245.000000000 488.680480957
244.000000000 488.680480957
243.000000000 488.680480957
242.000000000 513.255310059
241.000000000 513.255310059
240.000000000 513.255310059
239.000000000 513.255310059
238.000000000 513.255310059
237.000000000 513.255310059
236.000000000 513.255310059
235.000000000 513.255310059
234.000000000 513.255310059
233.000000000 513.255310059
232.000000000 540.188232422
231.000000000 540.188232422
230.000000000 540.188232422
229.000000000 540.188232422
228.000000000 540.188232422
227.000000000 540.188232422
226.000000000 540.188232422
225.000000000 566.693603516
224.000000000 566.693603516
223.000000000 566.693603516
222.000000000 566.693603516
221.000000000 595.759826660
220.000000000 595.759826660
219.000000000 595.759826660
218.000000000 595.759826660
217.000000000 626.863647461
216.000000000 626.863647461
215.000000000 626.863647461
214.000000000 626.863647461
213.000000000 666.268310547
212.000000000 666.268310547
211.000000000 666.268310547
210.000000000 700.048339844
209.000000000 700.048339844
208.000000000 700.048339844
207.000000000 741.800170898
206.000000000 741.800170898
205.000000000 741.800170898
204.000000000 783.215881348
203.000000000 783.215881348
202.000000000 783.215881348
201.000000000 821.680053711
200.000000000 821.680053711
199.000000000 821.680053711
198.000000000 865.566955566
197.000000000 865.566955566
196.000000000 865.566955566
195.000000000 912.424133301
194.000000000 912.424133301
193.000000000 912.424133301
192.000000000 971.562255859
191.000000000 971.562255859
190.000000000 1030.310546875
