260.000000000 451.136840820
259.000000000 451.136840820
258.000000000 451.136840820
257.000000000 451.136840820
256.000000000 451.136840820
255.000000000 451.136840820
254.000000000 451.136840820
253.000000000 451.136840820
252.000000000 451.136840820
251.000000000 451.136840820
250.000000000 451.136840820
249.000000000 451.136840820
248.000000000 451.136840820
247.000000000 451.136840820
246.000000000 451.136840820
245.000000000 451.136840820
244.000000000 451.136840820
243.000000000 451.136840820
242.000000000 451.136840820
241.000000000 451.136840820
240.000000000 451.136840820
239.000000000 473.558563232
238.000000000 473.558563232
237.000000000 473.558563232
236.000000000 473.558563232
235.000000000 473.558563232
234.000000000 473.558563232
233.000000000 473.558563232
232.000000000 473.558563232
231.000000000 473.558563232
230.000000000 496.813262939
229.000000000 496.813262939
228.000000000 496.813262939
227.000000000 496.813262939
226.000000000 496.813262939
225.000000000 496.813262939
224.000000000 520.756164551
223.000000000 520.756164551
222.000000000 520.756164551
221.000000000 520.756164551
220.000000000 546.099426270
219.000000000 546.099426270
218.000000000 546.099426270
217.000000000 546.099426270
216.000000000 573.064697266
215.000000000 573.064697266
214.000000000 573.064697266
213.000000000 573.064697266
212.000000000 607.818847656
211.000000000 607.818847656
210.000000000 607.818847656
209.000000000 637.915588379
208.000000000 637.915588379
207.000000000 637.915588379
206.000000000 668.346069336
205.000000000 668.346069336
204.000000000 668.346069336
203.000000000 700.512084961
202.000000000 700.512084961
201.000000000 700.512084961
200.000000000 742.188049316
199.000000000 742.188049316
198.000000000 742.188049316
197.000000000 789.721069336
196.000000000 789.721069336
195.000000000 789.721069336
194.000000000 836.853637695
193.000000000 836.853637695
192.000000000 836.853637695
191.000000000 899.787597656
190.000000000 899.787597656
