260.000000000 488.680480957
259.000000000 488.680480957
258.000000000 488.680480957
257.000000000 488.680480957
256.000000000 488.680480957
255.000000000 488.680480957
254.000000000 488.680480957
253.000000000 488.680480957
252.000000000 488.680480957
251.000000000 488.680480957
250.000000000 488.680480957
249.000000000 488.680480957
248.000000000 488.680480957
247.000000000 488.680480957
246.000000000 488.680480957
245.000000000 488.680480957
244.000000000 512.817504883
243.000000000 512.817504883
242.000000000 512.817504883
241.000000000 512.817504883
240.000000000 512.817504883
239.000000000 512.817504883
238.000000000 512.817504883
237.000000000 512.817504883
236.000000000 512.817504883
235.000000000 512.817504883
234.000000000 512.817504883
233.000000000 537.906677246
232.000000000 537.906677246
231.000000000 537.906677246
230.000000000 537.906677246
229.000000000 537.906677246
228.000000000 537.906677246
227.000000000 537.906677246
226.000000000 568.849975586
225.000000000 568.849975586
224.000000000 568.849975586
223.000000000 568.849975586
222.000000000 568.849975586
221.000000000 597.281677246
220.000000000 597.281677246
219.000000000 597.281677246
218.000000000 597.281677246
217.000000000 628.730102539
216.000000000 628.730102539
215.000000000 628.730102539
214.000000000 628.730102539
213.000000000 669.823181152
212.000000000 669.823181152
211.000000000 669.823181152
210.000000000 711.111145020
209.000000000 711.111145020
208.000000000 711.111145020
207.000000000 752.169128418
206.000000000 752.169128418
205.000000000 752.169128418
204.000000000 799.258361816
203.000000000 799.258361816
202.000000000 799.258361816
201.000000000 847.308044434
200.000000000 847.308044434
199.000000000 892.066711426
198.000000000 892.066711426
197.000000000 936.753417969
196.000000000 936.753417969
195.000000000 982.390808105
194.000000000 982.390808105
193.000000000 1047.446655273
192.000000000 1047.446655273
191.000000000 1100.000000000
190.000000000 1100.000000000
