260.000000000 451.136840820
259.000000000 451.136840820
258.000000000 451.136840820
257.000000000 451.136840820
256.000000000 451.136840820
255.000000000 451.136840820
254.000000000 451.136840820
253.000000000 451.136840820
252.000000000 451.136840820
251.000000000 451.136840820
250.000000000 451.136840820
249.000000000 451.136840820
248.000000000 451.136840820
247.000000000 451.136840820
246.000000000 451.136840820
245.000000000 451.136840820
244.000000000 451.136840820
243.000000000 451.136840820
242.000000000 451.136840820
241.000000000 451.136840820
240.000000000 473.017547607
239.000000000 473.017547607
238.000000000 473.017547607
237.000000000 473.017547607
236.000000000 473.017547607
235.000000000 473.017547607
234.000000000 473.017547607
233.000000000 473.017547607
232.000000000 473.017547607
231.000000000 496.212615967
230.000000000 496.212615967
229.000000000 496.212615967
228.000000000 496.212615967
227.000000000 496.212615967
226.000000000 496.212615967
225.000000000 496.212615967
224.000000000 522.856933594
223.000000000 522.856933594
222.000000000 522.856933594
221.000000000 522.856933594
220.000000000 522.856933594
219.000000000 554.287353516
218.000000000 554.287353516
217.000000000 554.287353516
216.000000000 554.287353516
215.000000000 583.278198242
214.000000000 583.278198242
213.000000000 583.278198242
212.000000000 583.278198242
211.000000000 620.268859863
210.000000000 620.268859863
209.000000000 620.268859863
208.000000000 620.268859863
207.000000000 657.915710449
206.000000000 657.915710449
205.000000000 657.915710449
204.000000000 690.059265137
203.000000000 690.059265137
202.000000000 690.059265137
201.000000000 727.940734863
200.000000000 727.940734863
199.000000000 727.940734863
198.000000000 778.292419434
197.000000000 778.292419434
196.000000000 778.292419434
195.000000000 827.427856445
194.000000000 827.427856445
193.000000000 868.843017578
192.000000000 868.843017578
191.000000000 921.500183105
190.000000000 921.500183105
