260.000000000 488.680480957
259.000000000 488.680480957
258.000000000 488.680480957
257.000000000 488.680480957
256.000000000 488.680480957
255.000000000 488.680480957
254.000000000 488.680480957
253.000000000 488.680480957
252.000000000 488.680480957
251.000000000 488.680480957
250.000000000 488.680480957
249.000000000 488.680480957
248.000000000 488.680480957
247.000000000 488.680480957
246.000000000 488.680480957
245.000000000 488.680480957
244.000000000 513.170837402
243.000000000 513.170837402
242.000000000 513.170837402
241.000000000 513.170837402
240.000000000 513.170837402
239.000000000 513.170837402
238.000000000 513.170837402
237.000000000 513.170837402
236.000000000 513.170837402
235.000000000 513.170837402
234.000000000 538.057678223
233.000000000 538.057678223
232.000000000 538.057678223
231.000000000 538.057678223
230.000000000 538.057678223
229.000000000 538.057678223
228.000000000 538.057678223
227.000000000 538.057678223
226.000000000 565.240234375
225.000000000 565.240234375
224.000000000 565.240234375
223.000000000 565.240234375
222.000000000 565.240234375
221.000000000 598.903320312
220.000000000 598.903320312
219.000000000 598.903320312
218.000000000 598.903320312
217.000000000 629.183105469
216.000000000 629.183105469
215.000000000 629.183105469
214.000000000 629.183105469
213.000000000 667.102722168
212.000000000 667.102722168
211.000000000 667.102722168
210.000000000 708.069702148
209.000000000 708.069702148
208.000000000 708.069702148
207.000000000 751.858093262
206.000000000 751.858093262
205.000000000 751.858093262
204.000000000 792.814331055
203.000000000 792.814331055
202.000000000 792.814331055
201.000000000 840.518554688
200.000000000 840.518554688
199.000000000 840.518554688
198.000000000 895.722290039
197.000000000 895.722290039
196.000000000 939.081542969
195.000000000 939.081542969
194.000000000 985.516052246
193.000000000 985.516052246
192.000000000 1054.940673828
191.000000000 1054.940673828
190.000000000 1100.000000000
