260.000000000 488.680480957
259.000000000 488.680480957
258.000000000 488.680480957
257.000000000 488.680480957
256.000000000 488.680480957
255.000000000 488.680480957
254.000000000 488.680480957
253.000000000 488.680480957
252.000000000 488.680480957
251.000000000 488.680480957
250.000000000 488.680480957
249.000000000 488.680480957
248.000000000 488.680480957
247.000000000 488.680480957
246.000000000 488.680480957
245.000000000 488.680480957
244.000000000 488.680480957
243.000000000 488.680480957
242.000000000 514.093017578
241.000000000 514.093017578
240.000000000 514.093017578
239.000000000 514.093017578
238.000000000 514.093017578
237.000000000 514.093017578
236.000000000 514.093017578
235.000000000 514.093017578
234.000000000 514.093017578
233.000000000 514.093017578
232.000000000 539.455932617
231.000000000 539.455932617
230.000000000 539.455932617
229.000000000 539.455932617
228.000000000 539.455932617
227.000000000 539.455932617
226.000000000 539.455932617
225.000000000 567.423889160
224.000000000 567.423889160
223.000000000 567.423889160
222.000000000 567.423889160
221.000000000 567.423889160
220.000000000 602.992980957
219.000000000 602.992980957
218.000000000 602.992980957
217.000000000 602.992980957
216.000000000 634.288269043
215.000000000 634.288269043
214.000000000 634.288269043
213.000000000 665.952758789
212.000000000 665.952758789
211.000000000 665.952758789
210.000000000 702.920837402
209.000000000 702.920837402
208.000000000 702.920837402
207.000000000 744.036010742
206.000000000 744.036010742
205.000000000 744.036010742
204.000000000 784.487670898
203.000000000 784.487670898
202.000000000 784.487670898
201.000000000 823.151428223
200.000000000 823.151428223
199.000000000 823.151428223
198.000000000 868.449401855
197.000000000 868.449401855
196.000000000 868.449401855
195.000000000 918.998413086
194.000000000 918.998413086
193.000000000 918.998413086
192.000000000 987.431579590
191.000000000 987.431579590
190.000000000 1059.470214844
