260.000000000 488.680480957
259.000000000 488.680480957
258.000000000 488.680480957
257.000000000 488.680480957
256.000000000 488.680480957
255.000000000 488.680480957
254.000000000 488.680480957
253.000000000 488.680480957
252.000000000 488.680480957
251.000000000 488.680480957
250.000000000 488.680480957
249.000000000 488.680480957
248.000000000 488.680480957
247.000000000 488.680480957
246.000000000 488.680480957
245.000000000 488.680480957
244.000000000 488.680480957
243.000000000 513.683105469
242.000000000 513.683105469
241.000000000 513.683105469
240.000000000 513.683105469
239.000000000 513.683105469
238.000000000 513.683105469
237.000000000 513.683105469
236.000000000 513.683105469
235.000000000 513.683105469
234.000000000 513.683105469
233.000000000 513.683105469
232.000000000 542.625427246
231.000000000 542.625427246
230.000000000 542.625427246
229.000000000 542.625427246
228.000000000 542.625427246
227.000000000 542.625427246
226.000000000 542.625427246
225.000000000 572.251342773
224.000000000 572.251342773
223.000000000 572.251342773
222.000000000 572.251342773
221.000000000 601.630859375
220.000000000 601.630859375
219.000000000 601.630859375
218.000000000 601.630859375
217.000000000 631.774169922
216.000000000 631.774169922
215.000000000 631.774169922
214.000000000 631.774169922
213.000000000 668.509460449
212.000000000 668.509460449
211.000000000 668.509460449
210.000000000 708.595947266
209.000000000 708.595947266
208.000000000 708.595947266
207.000000000 756.153442383
206.000000000 756.153442383
205.000000000 756.153442383
204.000000000 804.788085938
203.000000000 804.788085938
202.000000000 804.788085938
201.000000000 862.191711426
200.000000000 862.191711426
199.000000000 911.410949707
198.000000000 911.410949707
197.000000000 966.698120117
196.000000000 966.698120117
195.000000000 1036.543090820
194.000000000 1036.543090820
193.000000000 1100.000000000
192.000000000 1100.000000000
191.000000000 1100.000000000
190.000000000 1100.000000000
