260.000000000 451.136840820
259.000000000 451.136840820
258.000000000 451.136840820
257.000000000 451.136840820
256.000000000 451.136840820
255.000000000 451.136840820
254.000000000 451.136840820
253.000000000 451.136840820
252.000000000 451.136840820
251.000000000 451.136840820
250.000000000 451.136840820
249.000000000 451.136840820
248.000000000 451.136840820
247.000000000 451.136840820
246.000000000 451.136840820
245.000000000 451.136840820
244.000000000 451.136840820
243.000000000 472.542755127
242.000000000 472.542755127
241.000000000 472.542755127
240.000000000 472.542755127
239.000000000 472.542755127
238.000000000 472.542755127
237.000000000 472.542755127
236.000000000 472.542755127
235.000000000 472.542755127
234.000000000 472.542755127
233.000000000 494.696868896
232.000000000 494.696868896
231.000000000 494.696868896
230.000000000 494.696868896
229.000000000 494.696868896
228.000000000 494.696868896
227.000000000 494.696868896
226.000000000 518.800537109
225.000000000 518.800537109
224.000000000 518.800537109
223.000000000 518.800537109
222.000000000 518.800537109
221.000000000 546.806030273
220.000000000 546.806030273
219.000000000 546.806030273
218.000000000 546.806030273
217.000000000 576.562622070
216.000000000 576.562622070
215.000000000 576.562622070
214.000000000 576.562622070
213.000000000 610.206115723
212.000000000 610.206115723
211.000000000 610.206115723
210.000000000 640.607788086
209.000000000 640.607788086
208.000000000 640.607788086
207.000000000 673.998779297
206.000000000 673.998779297
205.000000000 673.998779297
204.000000000 712.631164551
203.000000000 712.631164551
202.000000000 712.631164551
201.000000000 760.159484863
200.000000000 760.159484863
199.000000000 801.031066895
198.000000000 801.031066895
197.000000000 847.786376953
196.000000000 847.786376953
195.000000000 902.022460938
194.000000000 902.022460938
193.000000000 966.067749023
192.000000000 966.067749023
191.000000000 1054.356689453
190.000000000 1100.000000000
