260.000000000 488.680480957
259.000000000 488.680480957
258.000000000 488.680480957
257.000000000 488.680480957
256.000000000 488.680480957
255.000000000 488.680480957
254.000000000 488.680480957
253.000000000 488.680480957
252.000000000 488.680480957
251.000000000 488.680480957
250.000000000 488.680480957
249.000000000 488.680480957
248.000000000 488.680480957
247.000000000 488.680480957
246.000000000 488.680480957
245.000000000 488.680480957
244.000000000 488.680480957
243.000000000 512.906677246
242.000000000 512.906677246
241.000000000 512.906677246
240.000000000 512.906677246
239.000000000 512.906677246
238.000000000 512.906677246
237.000000000 512.906677246
236.000000000 512.906677246
235.000000000 512.906677246
234.000000000 512.906677246
233.000000000 512.906677246
232.000000000 537.926696777
231.000000000 537.926696777
230.000000000 537.926696777
229.000000000 537.926696777
228.000000000 537.926696777
227.000000000 537.926696777
226.000000000 564.059082031
225.000000000 564.059082031
224.000000000 564.059082031
223.000000000 564.059082031
222.000000000 564.059082031
221.000000000 593.129150391
220.000000000 593.129150391
219.000000000 593.129150391
218.000000000 593.129150391
217.000000000 623.084533691
216.000000000 623.084533691
215.000000000 623.084533691
214.000000000 653.710510254
213.000000000 653.710510254
212.000000000 653.710510254
211.000000000 689.470458984
210.000000000 689.470458984
209.000000000 689.470458984
208.000000000 728.804321289
207.000000000 728.804321289
206.000000000 728.804321289
205.000000000 769.104492188
204.000000000 769.104492188
203.000000000 769.104492188
202.000000000 769.104492188
201.000000000 816.908142090
200.000000000 816.908142090
199.000000000 816.908142090
198.000000000 859.550231934
197.000000000 859.550231934
196.000000000 859.550231934
195.000000000 903.221008301
194.000000000 903.221008301
193.000000000 903.221008301
192.000000000 951.091125488
191.000000000 951.091125488
190.000000000 1012.668579102
