260.000000000 451.136840820
259.000000000 451.136840820
258.000000000 451.136840820
257.000000000 451.136840820
256.000000000 451.136840820
255.000000000 451.136840820
254.000000000 451.136840820
253.000000000 451.136840820
252.000000000 451.136840820
251.000000000 451.136840820
250.000000000 451.136840820
249.000000000 451.136840820
248.000000000 451.136840820
247.000000000 451.136840820
246.000000000 451.136840820
245.000000000 451.136840820
244.000000000 451.136840820
243.000000000 451.136840820
242.000000000 451.136840820
241.000000000 474.612792969
240.000000000 474.612792969
239.000000000 474.612792969
238.000000000 474.612792969
237.000000000 474.612792969
236.000000000 474.612792969
235.000000000 474.612792969
234.000000000 474.612792969
233.000000000 474.612792969
232.000000000 474.612792969
231.000000000 497.778533936
230.000000000 497.778533936
229.000000000 497.778533936
228.000000000 497.778533936
227.000000000 497.778533936
226.000000000 497.778533936
225.000000000 497.778533936
224.000000000 527.691528320
223.000000000 527.691528320
222.000000000 527.691528320
221.000000000 527.691528320
220.000000000 527.691528320
219.000000000 558.627807617
218.000000000 558.627807617
217.000000000 558.627807617
216.000000000 558.627807617
215.000000000 588.931274414
214.000000000 588.931274414
213.000000000 588.931274414
212.000000000 588.931274414
211.000000000 624.286071777
210.000000000 624.286071777
209.000000000 624.286071777
208.000000000 656.038024902
207.000000000 656.038024902
206.000000000 656.038024902
205.000000000 688.547302246
204.000000000 688.547302246
203.000000000 688.547302246
202.000000000 727.878906250
201.000000000 727.878906250
200.000000000 727.878906250
199.000000000 780.547363281
198.000000000 780.547363281
197.000000000 817.625183105
196.000000000 817.625183105
195.000000000 863.495849609
194.000000000 863.495849609
193.000000000 914.678955078
192.000000000 914.678955078
191.000000000 984.392150879
190.000000000 1031.601806641
