260.000000000 451.136840820
259.000000000 451.136840820
258.000000000 451.136840820
257.000000000 451.136840820
256.000000000 451.136840820
255.000000000 451.136840820
254.000000000 451.136840820
253.000000000 451.136840820
252.000000000 451.136840820
251.000000000 451.136840820
250.000000000 451.136840820
249.000000000 451.136840820
248.000000000 451.136840820
247.000000000 451.136840820
246.000000000 451.136840820
245.000000000 451.136840820
244.000000000 451.136840820
243.000000000 451.136840820
242.000000000 451.136840820
241.000000000 451.136840820
240.000000000 472.392059326
239.000000000 472.392059326
238.000000000 472.392059326
237.000000000 472.392059326
236.000000000 472.392059326
235.000000000 472.392059326
234.000000000 472.392059326
233.000000000 472.392059326
232.000000000 472.392059326
231.000000000 472.392059326
230.000000000 495.967346191
229.000000000 495.967346191
228.000000000 495.967346191
227.000000000 495.967346191
226.000000000 495.967346191
225.000000000 495.967346191
224.000000000 521.802429199
223.000000000 521.802429199
222.000000000 521.802429199
221.000000000 521.802429199
220.000000000 521.802429199
219.000000000 551.337890625
218.000000000 551.337890625
217.000000000 551.337890625
216.000000000 551.337890625
215.000000000 581.346801758
214.000000000 581.346801758
213.000000000 581.346801758
212.000000000 608.841613770
211.000000000 608.841613770
210.000000000 608.841613770
209.000000000 638.193359375
208.000000000 638.193359375
207.000000000 638.193359375
206.000000000 638.193359375
205.000000000 677.340148926
204.000000000 677.340148926
203.000000000 677.340148926
202.000000000 710.415100098
201.000000000 710.415100098
200.000000000 710.415100098
199.000000000 755.330078125
198.000000000 755.330078125
197.000000000 755.330078125
196.000000000 805.598449707
195.000000000 805.598449707
194.000000000 805.598449707
193.000000000 850.991577148
192.000000000 850.991577148
191.000000000 894.010070801
190.000000000 894.010070801
