260.000000000 451.136840820
259.000000000 451.136840820
258.000000000 451.136840820
257.000000000 451.136840820
256.000000000 451.136840820
255.000000000 451.136840820
254.000000000 451.136840820
253.000000000 451.136840820
252.000000000 451.136840820
251.000000000 451.136840820
250.000000000 451.136840820
249.000000000 451.136840820
248.000000000 451.136840820
247.000000000 451.136840820
246.000000000 451.136840820
245.000000000 451.136840820
244.000000000 451.136840820
243.000000000 451.136840820
242.000000000 451.136840820
241.000000000 472.962799072
240.000000000 472.962799072
239.000000000 472.962799072
238.000000000 472.962799072
237.000000000 472.962799072
236.000000000 472.962799072
235.000000000 472.962799072
234.000000000 472.962799072
233.000000000 472.962799072
232.000000000 472.962799072
231.000000000 497.053863525
230.000000000 497.053863525
229.000000000 497.053863525
228.000000000 497.053863525
227.000000000 497.053863525
226.000000000 497.053863525
225.000000000 497.053863525
224.000000000 524.475463867
223.000000000 524.475463867
222.000000000 524.475463867
221.000000000 524.475463867
220.000000000 549.548950195
219.000000000 549.548950195
218.000000000 549.548950195
217.000000000 549.548950195
216.000000000 575.698974609
215.000000000 575.698974609
214.000000000 575.698974609
213.000000000 575.698974609
212.000000000 610.751892090
211.000000000 610.751892090
210.000000000 610.751892090
209.000000000 641.745849609
208.000000000 641.745849609
207.000000000 641.745849609
206.000000000 672.418640137
205.000000000 672.418640137
204.000000000 672.418640137
203.000000000 706.010681152
202.000000000 706.010681152
201.000000000 706.010681152
200.000000000 749.226135254
199.000000000 749.226135254
198.000000000 749.226135254
197.000000000 804.157043457
196.000000000 804.157043457
195.000000000 841.789672852
194.000000000 841.789672852
193.000000000 887.752563477
192.000000000 887.752563477
191.000000000 945.133666992
190.000000000 990.728088379
