260.000000000 488.680480957
259.000000000 488.680480957
258.000000000 488.680480957
257.000000000 488.680480957
256.000000000 488.680480957
255.000000000 488.680480957
254.000000000 488.680480957
253.000000000 488.680480957
252.000000000 488.680480957
251.000000000 488.680480957
250.000000000 488.680480957
249.000000000 488.680480957
248.000000000 488.680480957
247.000000000 488.680480957
246.000000000 488.680480957
245.000000000 488.680480957
244.000000000 488.680480957
243.000000000 513.012695312
242.000000000 513.012695312
241.000000000 513.012695312
240.000000000 513.012695312
239.000000000 513.012695312
238.000000000 513.012695312
237.000000000 513.012695312
236.000000000 513.012695312
235.000000000 513.012695312
234.000000000 513.012695312
233.000000000 513.012695312
232.000000000 538.236694336
231.000000000 538.236694336
230.000000000 538.236694336
229.000000000 538.236694336
228.000000000 538.236694336
227.000000000 538.236694336
226.000000000 538.236694336
225.000000000 566.473510742
224.000000000 566.473510742
223.000000000 566.473510742
222.000000000 566.473510742
221.000000000 566.473510742
220.000000000 601.790527344
219.000000000 601.790527344
218.000000000 601.790527344
217.000000000 601.790527344
216.000000000 631.975585938
215.000000000 631.975585938
214.000000000 631.975585938
213.000000000 664.355590820
212.000000000 664.355590820
211.000000000 664.355590820
210.000000000 699.134826660
209.000000000 699.134826660
208.000000000 699.134826660
207.000000000 739.739868164
206.000000000 739.739868164
205.000000000 739.739868164
204.000000000 780.019042969
203.000000000 780.019042969
202.000000000 780.019042969
201.000000000 820.864685059
200.000000000 820.864685059
199.000000000 820.864685059
198.000000000 863.763488770
197.000000000 863.763488770
196.000000000 863.763488770
195.000000000 909.078674316
194.000000000 909.078674316
193.000000000 909.078674316
192.000000000 968.795288086
191.000000000 968.795288086
190.000000000 1033.521118164
