260.000000000 488.680480957
259.000000000 488.680480957
258.000000000 488.680480957
257.000000000 488.680480957
256.000000000 488.680480957
255.000000000 488.680480957
254.000000000 488.680480957
253.000000000 488.680480957
252.000000000 488.680480957
251.000000000 488.680480957
250.000000000 488.680480957
249.000000000 488.680480957
248.000000000 488.680480957
247.000000000 488.680480957
246.000000000 488.680480957
245.000000000 488.680480957
244.000000000 512.497192383
243.000000000 512.497192383
242.000000000 512.497192383
241.000000000 512.497192383
240.000000000 512.497192383
239.000000000 512.497192383
238.000000000 512.497192383
237.000000000 512.497192383
236.000000000 512.497192383
235.000000000 512.497192383
234.000000000 512.497192383
233.000000000 541.433105469
232.000000000 541.433105469
231.000000000 541.433105469
230.000000000 541.433105469
229.000000000 541.433105469
228.000000000 541.433105469
227.000000000 541.433105469
226.000000000 541.433105469
225.000000000 574.990661621
224.000000000 574.990661621
223.000000000 574.990661621
222.000000000 574.990661621
221.000000000 574.990661621
220.000000000 607.172912598
219.000000000 607.172912598
218.000000000 607.172912598
217.000000000 607.172912598
216.000000000 641.856323242
215.000000000 641.856323242
214.000000000 641.856323242
213.000000000 673.474243164
212.000000000 673.474243164
211.000000000 673.474243164
210.000000000 711.363342285
209.000000000 711.363342285
208.000000000 711.363342285
207.000000000 752.977844238
206.000000000 752.977844238
205.000000000 752.977844238
204.000000000 801.424011230
203.000000000 801.424011230
202.000000000 801.424011230
201.000000000 853.302795410
200.000000000 853.302795410
199.000000000 853.302795410
198.000000000 914.008666992
197.000000000 914.008666992
196.000000000 960.231140137
195.000000000 960.231140137
194.000000000 1015.309143066
193.000000000 1015.309143066
192.000000000 1089.212646484
191.000000000 1089.212646484
190.000000000 1100.000000000
