260.000000000 451.136840820
259.000000000 451.136840820
258.000000000 451.136840820
257.000000000 451.136840820
256.000000000 451.136840820
255.000000000 451.136840820
254.000000000 451.136840820
253.000000000 451.136840820
252.000000000 451.136840820
251.000000000 451.136840820
250.000000000 451.136840820
249.000000000 451.136840820
248.000000000 451.136840820
247.000000000 451.136840820
246.000000000 451.136840820
245.000000000 451.136840820
244.000000000 451.136840820
243.000000000 451.136840820
242.000000000 451.136840820
241.000000000 451.136840820
240.000000000 473.849822998
239.000000000 473.849822998
238.000000000 473.849822998
237.000000000 473.849822998
236.000000000 473.849822998
235.000000000 473.849822998
234.000000000 473.849822998
233.000000000 473.849822998
232.000000000 473.849822998
231.000000000 473.849822998
230.000000000 498.125396729
229.000000000 498.125396729
228.000000000 498.125396729
227.000000000 498.125396729
226.000000000 498.125396729
225.000000000 498.125396729
224.000000000 522.870300293
223.000000000 522.870300293
222.000000000 522.870300293
221.000000000 522.870300293
220.000000000 548.788696289
219.000000000 548.788696289
218.000000000 548.788696289
217.000000000 548.788696289
216.000000000 575.805603027
215.000000000 575.805603027
214.000000000 575.805603027
213.000000000 575.805603027
212.000000000 611.185424805
211.000000000 611.185424805
210.000000000 611.185424805
209.000000000 640.327453613
208.000000000 640.327453613
207.000000000 640.327453613
206.000000000 640.327453613
205.000000000 678.322875977
204.000000000 678.322875977
203.000000000 678.322875977
202.000000000 716.365905762
201.000000000 716.365905762
200.000000000 716.365905762
199.000000000 761.830200195
198.000000000 761.830200195
197.000000000 798.957031250
196.000000000 798.957031250
195.000000000 798.957031250
194.000000000 854.579467773
193.000000000 854.579467773
192.000000000 901.707214355
191.000000000 901.707214355
190.000000000 967.904296875
