260.000000000 488.680480957
259.000000000 488.680480957
258.000000000 488.680480957
257.000000000 488.680480957
256.000000000 488.680480957
255.000000000 488.680480957
254.000000000 488.680480957
253.000000000 488.680480957
252.000000000 488.680480957
251.000000000 488.680480957
250.000000000 488.680480957
249.000000000 488.680480957
248.000000000 488.680480957
247.000000000 488.680480957
246.000000000 488.680480957
245.000000000 488.680480957
244.000000000 488.680480957
243.000000000 488.680480957
242.000000000 488.680480957
241.000000000 516.086120605
240.000000000 516.086120605
239.000000000 516.086120605
238.000000000 516.086120605
237.000000000 516.086120605
236.000000000 516.086120605
235.000000000 516.086120605
234.000000000 516.086120605
233.000000000 516.086120605
232.000000000 516.086120605
231.000000000 542.301818848
230.000000000 542.301818848
229.000000000 542.301818848
228.000000000 542.301818848
227.000000000 542.301818848
226.000000000 542.301818848
225.000000000 569.040710449
224.000000000 569.040710449
223.000000000 569.040710449
222.000000000 569.040710449
221.000000000 569.040710449
220.000000000 602.246337891
219.000000000 602.246337891
218.000000000 602.246337891
217.000000000 602.246337891
216.000000000 636.124938965
215.000000000 636.124938965
214.000000000 636.124938965
213.000000000 636.124938965
212.000000000 678.029296875
211.000000000 678.029296875
210.000000000 678.029296875
209.000000000 715.302429199
208.000000000 715.302429199
207.000000000 715.302429199
206.000000000 756.370422363
205.000000000 756.370422363
204.000000000 756.370422363
203.000000000 796.716796875
202.000000000 796.716796875
201.000000000 796.716796875
200.000000000 836.034606934
199.000000000 836.034606934
198.000000000 836.034606934
197.000000000 885.082702637
196.000000000 885.082702637
195.000000000 885.082702637
194.000000000 934.983825684
193.000000000 934.983825684
192.000000000 934.983825684
191.000000000 1007.704162598
190.000000000 1007.704162598
