260.000000000 488.680480957
259.000000000 488.680480957
258.000000000 488.680480957
257.000000000 488.680480957
256.000000000 488.680480957
255.000000000 488.680480957
254.000000000 488.680480957
253.000000000 488.680480957
252.000000000 488.680480957
251.000000000 488.680480957
250.000000000 488.680480957
249.000000000 488.680480957
248.000000000 488.680480957
247.000000000 488.680480957
246.000000000 488.680480957
245.000000000 488.680480957
244.000000000 512.788757324
243.000000000 512.788757324
242.000000000 512.788757324
241.000000000 512.788757324
240.000000000 512.788757324
239.000000000 512.788757324
238.000000000 512.788757324
237.000000000 512.788757324
236.000000000 512.788757324
235.000000000 512.788757324
234.000000000 512.788757324
233.000000000 538.565734863
232.000000000 538.565734863
231.000000000 538.565734863
230.000000000 538.565734863
229.000000000 538.565734863
228.000000000 538.565734863
227.000000000 538.565734863
226.000000000 568.701049805
225.000000000 568.701049805
224.000000000 568.701049805
223.000000000 568.701049805
222.000000000 568.701049805
221.000000000 599.796447754
220.000000000 599.796447754
219.000000000 599.796447754
218.000000000 599.796447754
217.000000000 633.471923828
216.000000000 633.471923828
215.000000000 633.471923828
214.000000000 633.471923828
213.000000000 668.862060547
212.000000000 668.862060547
211.000000000 668.862060547
210.000000000 711.681274414
209.000000000 711.681274414
208.000000000 711.681274414
207.000000000 754.882568359
206.000000000 754.882568359
205.000000000 754.882568359
204.000000000 803.063293457
203.000000000 803.063293457
202.000000000 803.063293457
201.000000000 859.187194824
200.000000000 859.187194824
199.000000000 903.541381836
198.000000000 903.541381836
197.000000000 960.862426758
196.000000000 960.862426758
195.000000000 1025.367431641
194.000000000 1025.367431641
193.000000000 1100.000000000
192.000000000 1100.000000000
191.000000000 1100.000000000
190.000000000 1100.000000000
