260.000000000 488.680480957
259.000000000 488.680480957
258.000000000 488.680480957
257.000000000 488.680480957
256.000000000 488.680480957
255.000000000 488.680480957
254.000000000 488.680480957
253.000000000 488.680480957
252.000000000 488.680480957
251.000000000 488.680480957
250.000000000 488.680480957
249.000000000 488.680480957
248.000000000 488.680480957
247.000000000 488.680480957
246.000000000 488.680480957
245.000000000 488.680480957
244.000000000 488.680480957
243.000000000 512.356262207
242.000000000 512.356262207
241.000000000 512.356262207
240.000000000 512.356262207
239.000000000 512.356262207
238.000000000 512.356262207
237.000000000 512.356262207
236.000000000 512.356262207
235.000000000 512.356262207
234.000000000 512.356262207
233.000000000 512.356262207
232.000000000 541.248718262
231.000000000 541.248718262
230.000000000 541.248718262
229.000000000 541.248718262
228.000000000 541.248718262
227.000000000 541.248718262
226.000000000 541.248718262
225.000000000 569.484985352
224.000000000 569.484985352
223.000000000 569.484985352
222.000000000 569.484985352
221.000000000 569.484985352
220.000000000 600.826599121
219.000000000 600.826599121
218.000000000 600.826599121
217.000000000 600.826599121
216.000000000 633.582702637
215.000000000 633.582702637
214.000000000 633.582702637
213.000000000 666.239501953
212.000000000 666.239501953
211.000000000 666.239501953
210.000000000 700.031311035
209.000000000 700.031311035
208.000000000 700.031311035
207.000000000 742.150207520
206.000000000 742.150207520
205.000000000 742.150207520
204.000000000 782.726867676
203.000000000 782.726867676
202.000000000 782.726867676
201.000000000 826.064636230
200.000000000 826.064636230
199.000000000 826.064636230
198.000000000 879.706787109
197.000000000 879.706787109
196.000000000 879.706787109
195.000000000 934.836364746
194.000000000 934.836364746
193.000000000 985.347167969
192.000000000 985.347167969
191.000000000 1049.958129883
190.000000000 1100.000000000
