260.000000000 451.136840820
259.000000000 451.136840820
258.000000000 451.136840820
257.000000000 451.136840820
256.000000000 451.136840820
255.000000000 451.136840820
254.000000000 451.136840820
253.000000000 451.136840820
252.000000000 451.136840820
251.000000000 451.136840820
250.000000000 451.136840820
249.000000000 451.136840820
248.000000000 451.136840820
247.000000000 451.136840820
246.000000000 451.136840820
245.000000000 451.136840820
244.000000000 451.136840820
243.000000000 451.136840820
242.000000000 451.136840820
241.000000000 451.136840820
240.000000000 451.136840820
239.000000000 474.276947021
238.000000000 474.276947021
237.000000000 474.276947021
236.000000000 474.276947021
235.000000000 474.276947021
234.000000000 474.276947021
233.000000000 474.276947021
232.000000000 474.276947021
231.000000000 474.276947021
230.000000000 497.300842285
229.000000000 497.300842285
228.000000000 497.300842285
227.000000000 497.300842285
226.000000000 497.300842285
225.000000000 497.300842285
224.000000000 520.875671387
223.000000000 520.875671387
222.000000000 520.875671387
221.000000000 520.875671387
220.000000000 546.461486816
219.000000000 546.461486816
218.000000000 546.461486816
217.000000000 546.461486816
216.000000000 574.727905273
215.000000000 574.727905273
214.000000000 574.727905273
213.000000000 574.727905273
212.000000000 609.359008789
211.000000000 609.359008789
210.000000000 609.359008789
209.000000000 609.359008789
208.000000000 648.003662109
207.000000000 648.003662109
206.000000000 648.003662109
205.000000000 678.326354980
204.000000000 678.326354980
203.000000000 678.326354980
202.000000000 711.863708496
201.000000000 711.863708496
200.000000000 711.863708496
199.000000000 756.738647461
198.000000000 756.738647461
197.000000000 756.738647461
196.000000000 801.621520996
195.000000000 801.621520996
194.000000000 801.621520996
193.000000000 852.442932129
192.000000000 852.442932129
191.000000000 893.954284668
190.000000000 893.954284668
