260.000000000 488.680480957
259.000000000 488.680480957
258.000000000 488.680480957
257.000000000 488.680480957
256.000000000 488.680480957
255.000000000 488.680480957
254.000000000 488.680480957
253.000000000 488.680480957
252.000000000 488.680480957
251.000000000 488.680480957
250.000000000 488.680480957
249.000000000 488.680480957
248.000000000 488.680480957
247.000000000 488.680480957
246.000000000 488.680480957
245.000000000 488.680480957
244.000000000 512.995361328
243.000000000 512.995361328
242.000000000 512.995361328
241.000000000 512.995361328
240.000000000 512.995361328
239.000000000 512.995361328
238.000000000 512.995361328
237.000000000 512.995361328
236.000000000 512.995361328
235.000000000 512.995361328
234.000000000 538.847106934
233.000000000 538.847106934
232.000000000 538.847106934
231.000000000 538.847106934
230.000000000 538.847106934
229.000000000 538.847106934
228.000000000 538.847106934
227.000000000 538.847106934
226.000000000 568.214660645
225.000000000 568.214660645
224.000000000 568.214660645
223.000000000 568.214660645
222.000000000 568.214660645
221.000000000 601.382568359
220.000000000 601.382568359
219.000000000 601.382568359
218.000000000 601.382568359
217.000000000 632.131530762
216.000000000 632.131530762
215.000000000 632.131530762
214.000000000 632.131530762
213.000000000 670.037780762
212.000000000 670.037780762
211.000000000 670.037780762
210.000000000 710.476562500
209.000000000 710.476562500
208.000000000 710.476562500
207.000000000 754.394775391
206.000000000 754.394775391
205.000000000 754.394775391
204.000000000 807.491271973
203.000000000 807.491271973
202.000000000 807.491271973
201.000000000 858.610168457
200.000000000 858.610168457
199.000000000 904.658203125
198.000000000 904.658203125
197.000000000 960.268310547
196.000000000 960.268310547
195.000000000 1025.781250000
194.000000000 1025.781250000
193.000000000 1100.000000000
192.000000000 1100.000000000
191.000000000 1100.000000000
190.000000000 1100.000000000
