260.000000000 488.680480957
259.000000000 488.680480957
258.000000000 488.680480957
257.000000000 488.680480957
256.000000000 488.680480957
255.000000000 488.680480957
254.000000000 488.680480957
253.000000000 488.680480957
252.000000000 488.680480957
251.000000000 488.680480957
250.000000000 488.680480957
249.000000000 488.680480957
248.000000000 488.680480957
247.000000000 488.680480957
246.000000000 488.680480957
245.000000000 488.680480957
244.000000000 513.307312012
243.000000000 513.307312012
242.000000000 513.307312012
241.000000000 513.307312012
240.000000000 513.307312012
239.000000000 513.307312012
238.000000000 513.307312012
237.000000000 513.307312012
236.000000000 513.307312012
235.000000000 513.307312012
234.000000000 513.307312012
233.000000000 540.509887695
232.000000000 540.509887695
231.000000000 540.509887695
230.000000000 540.509887695
229.000000000 540.509887695
228.000000000 540.509887695
227.000000000 540.509887695
226.000000000 568.199401855
225.000000000 568.199401855
224.000000000 568.199401855
223.000000000 568.199401855
222.000000000 568.199401855
221.000000000 597.894836426
220.000000000 597.894836426
219.000000000 597.894836426
218.000000000 597.894836426
217.000000000 633.212036133
216.000000000 633.212036133
215.000000000 633.212036133
214.000000000 633.212036133
213.000000000 671.442687988
212.000000000 671.442687988
211.000000000 671.442687988
210.000000000 708.066650391
209.000000000 708.066650391
208.000000000 708.066650391
207.000000000 756.765869141
206.000000000 756.765869141
205.000000000 756.765869141
204.000000000 805.361267090
203.000000000 805.361267090
202.000000000 805.361267090
201.000000000 853.434875488
200.000000000 853.434875488
199.000000000 900.646362305
198.000000000 900.646362305
197.000000000 946.149780273
196.000000000 946.149780273
195.000000000 1001.304931641
194.000000000 1001.304931641
193.000000000 1078.182495117
192.000000000 1078.182495117
191.000000000 1100.000000000
190.000000000 1100.000000000
