260.000000000 488.680480957
259.000000000 488.680480957
258.000000000 488.680480957
257.000000000 488.680480957
256.000000000 488.680480957
255.000000000 488.680480957
254.000000000 488.680480957
253.000000000 488.680480957
252.000000000 488.680480957
251.000000000 488.680480957
250.000000000 488.680480957
249.000000000 488.680480957
248.000000000 488.680480957
247.000000000 488.680480957
246.000000000 488.680480957
245.000000000 488.680480957
244.000000000 512.484741211
243.000000000 512.484741211
242.000000000 512.484741211
241.000000000 512.484741211
240.000000000 512.484741211
239.000000000 512.484741211
238.000000000 512.484741211
237.000000000 512.484741211
236.000000000 512.484741211
235.000000000 512.484741211
234.000000000 512.484741211
233.000000000 512.484741211
232.000000000 539.754577637
231.000000000 539.754577637
230.000000000 539.754577637
229.000000000 539.754577637
228.000000000 539.754577637
227.000000000 539.754577637
226.000000000 539.754577637
225.000000000 570.892639160
224.000000000 570.892639160
223.000000000 570.892639160
222.000000000 570.892639160
221.000000000 570.892639160
220.000000000 602.645019531
219.000000000 602.645019531
218.000000000 602.645019531
217.000000000 602.645019531
216.000000000 635.072570801
215.000000000 635.072570801
214.000000000 635.072570801
213.000000000 667.216369629
212.000000000 667.216369629
211.000000000 667.216369629
210.000000000 705.295227051
209.000000000 705.295227051
208.000000000 705.295227051
207.000000000 746.094421387
206.000000000 746.094421387
205.000000000 746.094421387
204.000000000 784.809143066
203.000000000 784.809143066
202.000000000 784.809143066
201.000000000 831.195983887
200.000000000 831.195983887
199.000000000 831.195983887
198.000000000 880.223632812
197.000000000 880.223632812
196.000000000 880.223632812
195.000000000 935.282836914
194.000000000 935.282836914
193.000000000 988.646606445
192.000000000 988.646606445
191.000000000 1050.156982422
190.000000000 1100.000000000
