260.000000000 488.680480957
259.000000000 488.680480957
258.000000000 488.680480957
257.000000000 488.680480957
256.000000000 488.680480957
255.000000000 488.680480957
254.000000000 488.680480957
253.000000000 488.680480957
252.000000000 488.680480957
251.000000000 488.680480957
250.000000000 488.680480957
249.000000000 488.680480957
248.000000000 488.680480957
247.000000000 488.680480957
246.000000000 488.680480957
245.000000000 488.680480957
244.000000000 488.680480957
243.000000000 488.680480957
242.000000000 488.680480957
241.000000000 513.661376953
240.000000000 513.661376953
239.000000000 513.661376953
238.000000000 513.661376953
237.000000000 513.661376953
236.000000000 513.661376953
235.000000000 513.661376953
234.000000000 513.661376953
233.000000000 513.661376953
232.000000000 540.711791992
231.000000000 540.711791992
230.000000000 540.711791992
229.000000000 540.711791992
228.000000000 540.711791992
227.000000000 540.711791992
226.000000000 540.711791992
225.000000000 569.824157715
224.000000000 569.824157715
223.000000000 569.824157715
222.000000000 569.824157715
221.000000000 569.824157715
220.000000000 600.109313965
219.000000000 600.109313965
218.000000000 600.109313965
217.000000000 600.109313965
216.000000000 637.279724121
215.000000000 637.279724121
214.000000000 637.279724121
213.000000000 637.279724121
212.000000000 677.895996094
211.000000000 677.895996094
210.000000000 677.895996094
209.000000000 713.152587891
208.000000000 713.152587891
207.000000000 713.152587891
206.000000000 757.069091797
205.000000000 757.069091797
204.000000000 757.069091797
203.000000000 798.730651855
202.000000000 798.730651855
201.000000000 798.730651855
200.000000000 837.962646484
199.000000000 837.962646484
198.000000000 837.962646484
197.000000000 888.454406738
196.000000000 888.454406738
195.000000000 888.454406738
194.000000000 947.545104980
193.000000000 947.545104980
192.000000000 1000.662109375
191.000000000 1000.662109375
190.000000000 1076.716796875
