260.000000000 451.136840820
259.000000000 451.136840820
258.000000000 451.136840820
257.000000000 451.136840820
256.000000000 451.136840820
255.000000000 451.136840820
254.000000000 451.136840820
253.000000000 451.136840820
252.000000000 451.136840820
251.000000000 451.136840820
250.000000000 451.136840820
249.000000000 451.136840820
248.000000000 451.136840820
247.000000000 451.136840820
246.000000000 451.136840820
245.000000000 451.136840820
244.000000000 451.136840820
243.000000000 472.346496582
242.000000000 472.346496582
241.000000000 472.346496582
240.000000000 472.346496582
239.000000000 472.346496582
238.000000000 472.346496582
237.000000000 472.346496582
236.000000000 472.346496582
235.000000000 472.346496582
234.000000000 472.346496582
233.000000000 494.444702148
232.000000000 494.444702148
231.000000000 494.444702148
230.000000000 494.444702148
229.000000000 494.444702148
228.000000000 494.444702148
227.000000000 494.444702148
226.000000000 519.700073242
225.000000000 519.700073242
224.000000000 519.700073242
223.000000000 519.700073242
222.000000000 519.700073242
221.000000000 546.704162598
220.000000000 546.704162598
219.000000000 546.704162598
218.000000000 546.704162598
217.000000000 573.751525879
216.000000000 573.751525879
215.000000000 573.751525879
214.000000000 573.751525879
213.000000000 608.408630371
212.000000000 608.408630371
211.000000000 608.408630371
210.000000000 641.154052734
209.000000000 641.154052734
208.000000000 641.154052734
207.000000000 672.450927734
206.000000000 672.450927734
205.000000000 672.450927734
204.000000000 709.022399902
203.000000000 709.022399902
202.000000000 709.022399902
201.000000000 756.135192871
200.000000000 756.135192871
199.000000000 799.722839355
198.000000000 799.722839355
197.000000000 843.041381836
196.000000000 843.041381836
195.000000000 892.608886719
194.000000000 892.608886719
193.000000000 954.673461914
192.000000000 954.673461914
191.000000000 1038.445434570
190.000000000 1095.454833984
