260.000000000 488.680480957
259.000000000 488.680480957
258.000000000 488.680480957
257.000000000 488.680480957
256.000000000 488.680480957
255.000000000 488.680480957
254.000000000 488.680480957
253.000000000 488.680480957
252.000000000 488.680480957
251.000000000 488.680480957
250.000000000 488.680480957
249.000000000 488.680480957
248.000000000 488.680480957
247.000000000 488.680480957
246.000000000 488.680480957
245.000000000 488.680480957
244.000000000 488.680480957
243.000000000 488.680480957
242.000000000 515.985290527
241.000000000 515.985290527
240.000000000 515.985290527
239.000000000 515.985290527
238.000000000 515.985290527
237.000000000 515.985290527
236.000000000 515.985290527
235.000000000 515.985290527
234.000000000 515.985290527
233.000000000 541.143737793
232.000000000 541.143737793
231.000000000 541.143737793
230.000000000 541.143737793
229.000000000 541.143737793
228.000000000 541.143737793
227.000000000 541.143737793
226.000000000 568.681884766
225.000000000 568.681884766
224.000000000 568.681884766
223.000000000 568.681884766
222.000000000 568.681884766
221.000000000 597.645324707
220.000000000 597.645324707
219.000000000 597.645324707
218.000000000 597.645324707
217.000000000 629.503967285
216.000000000 629.503967285
215.000000000 629.503967285
214.000000000 629.503967285
213.000000000 670.840332031
212.000000000 670.840332031
211.000000000 670.840332031
210.000000000 711.570068359
209.000000000 711.570068359
208.000000000 711.570068359
207.000000000 755.503845215
206.000000000 755.503845215
205.000000000 755.503845215
204.000000000 804.730468750
203.000000000 804.730468750
202.000000000 804.730468750
201.000000000 854.048706055
200.000000000 854.048706055
199.000000000 900.482177734
198.000000000 900.482177734
197.000000000 944.378356934
196.000000000 944.378356934
195.000000000 1000.824584961
194.000000000 1000.824584961
193.000000000 1072.783935547
192.000000000 1100.000000000
191.000000000 1100.000000000
190.000000000 1100.000000000
