260.000000000 488.680480957
259.000000000 488.680480957
258.000000000 488.680480957
257.000000000 488.680480957
256.000000000 488.680480957
255.000000000 488.680480957
254.000000000 488.680480957
253.000000000 488.680480957
252.000000000 488.680480957
251.000000000 488.680480957
250.000000000 488.680480957
249.000000000 488.680480957
248.000000000 488.680480957
247.000000000 488.680480957
246.000000000 488.680480957
245.000000000 488.680480957
244.000000000 513.631958008
243.000000000 513.631958008
242.000000000 513.631958008
241.000000000 513.631958008
240.000000000 513.631958008
239.000000000 513.631958008
238.000000000 513.631958008
237.000000000 513.631958008
236.000000000 513.631958008
235.000000000 513.631958008
234.000000000 513.631958008
233.000000000 539.379699707
232.000000000 539.379699707
231.000000000 539.379699707
230.000000000 539.379699707
229.000000000 539.379699707
228.000000000 539.379699707
227.000000000 539.379699707
226.000000000 566.791076660
225.000000000 566.791076660
224.000000000 566.791076660
223.000000000 566.791076660
222.000000000 566.791076660
221.000000000 598.847290039
220.000000000 598.847290039
219.000000000 598.847290039
218.000000000 598.847290039
217.000000000 629.878173828
216.000000000 629.878173828
215.000000000 629.878173828
214.000000000 660.852600098
213.000000000 660.852600098
212.000000000 660.852600098
211.000000000 696.497009277
210.000000000 696.497009277
209.000000000 696.497009277
208.000000000 739.953369141
207.000000000 739.953369141
206.000000000 739.953369141
205.000000000 789.121704102
204.000000000 789.121704102
203.000000000 789.121704102
202.000000000 840.418884277
201.000000000 840.418884277
200.000000000 887.659790039
199.000000000 887.659790039
198.000000000 935.252868652
197.000000000 935.252868652
196.000000000 998.876159668
195.000000000 998.876159668
194.000000000 1074.032836914
193.000000000 1100.000000000
192.000000000 1100.000000000
191.000000000 1100.000000000
190.000000000 1100.000000000
