260.000000000 451.136840820
259.000000000 451.136840820
258.000000000 451.136840820
257.000000000 451.136840820
256.000000000 451.136840820
255.000000000 451.136840820
254.000000000 451.136840820
253.000000000 451.136840820
252.000000000 451.136840820
251.000000000 451.136840820
250.000000000 451.136840820
249.000000000 451.136840820
248.000000000 451.136840820
247.000000000 451.136840820
246.000000000 451.136840820
245.000000000 451.136840820
244.000000000 451.136840820
243.000000000 451.136840820
242.000000000 451.136840820
241.000000000 451.136840820
240.000000000 473.498443604
239.000000000 473.498443604
238.000000000 473.498443604
237.000000000 473.498443604
236.000000000 473.498443604
235.000000000 473.498443604
234.000000000 473.498443604
233.000000000 473.498443604
232.000000000 473.498443604
231.000000000 473.498443604
230.000000000 497.700378418
229.000000000 497.700378418
228.000000000 497.700378418
227.000000000 497.700378418
226.000000000 497.700378418
225.000000000 497.700378418
224.000000000 522.277099609
223.000000000 522.277099609
222.000000000 522.277099609
221.000000000 522.277099609
220.000000000 547.255798340
219.000000000 547.255798340
218.000000000 547.255798340
217.000000000 547.255798340
216.000000000 576.513732910
215.000000000 576.513732910
214.000000000 576.513732910
213.000000000 576.513732910
212.000000000 610.920715332
211.000000000 610.920715332
210.000000000 610.920715332
209.000000000 610.920715332
208.000000000 649.420715332
207.000000000 649.420715332
206.000000000 649.420715332
205.000000000 649.420715332
204.000000000 691.187805176
203.000000000 691.187805176
202.000000000 691.187805176
201.000000000 729.907043457
200.000000000 729.907043457
199.000000000 729.907043457
198.000000000 777.328430176
197.000000000 777.328430176
196.000000000 813.917480469
195.000000000 813.917480469
194.000000000 813.917480469
193.000000000 869.785400391
192.000000000 869.785400391
191.000000000 922.691589355
190.000000000 922.691589355
