260.000000000 451.136840820
259.000000000 451.136840820
258.000000000 451.136840820
257.000000000 451.136840820
256.000000000 451.136840820
255.000000000 451.136840820
254.000000000 451.136840820
253.000000000 451.136840820
252.000000000 451.136840820
251.000000000 451.136840820
250.000000000 451.136840820
249.000000000 451.136840820
248.000000000 451.136840820
247.000000000 451.136840820
246.000000000 451.136840820
245.000000000 451.136840820
244.000000000 451.136840820
243.000000000 451.136840820
242.000000000 451.136840820
241.000000000 451.136840820
240.000000000 451.136840820
239.000000000 475.426422119
238.000000000 475.426422119
237.000000000 475.426422119
236.000000000 475.426422119
235.000000000 475.426422119
234.000000000 475.426422119
233.000000000 475.426422119
232.000000000 475.426422119
231.000000000 475.426422119
230.000000000 498.854461670
229.000000000 498.854461670
228.000000000 498.854461670
227.000000000 498.854461670
226.000000000 498.854461670
225.000000000 498.854461670
224.000000000 524.667541504
223.000000000 524.667541504
222.000000000 524.667541504
221.000000000 524.667541504
220.000000000 524.667541504
219.000000000 555.449035645
218.000000000 555.449035645
217.000000000 555.449035645
216.000000000 555.449035645
215.000000000 585.163208008
214.000000000 585.163208008
213.000000000 585.163208008
212.000000000 585.163208008
211.000000000 619.890258789
210.000000000 619.890258789
209.000000000 619.890258789
208.000000000 649.631469727
207.000000000 649.631469727
206.000000000 649.631469727
205.000000000 680.368347168
204.000000000 680.368347168
203.000000000 680.368347168
202.000000000 717.024536133
201.000000000 717.024536133
200.000000000 717.024536133
199.000000000 763.512695312
198.000000000 763.512695312
197.000000000 763.512695312
196.000000000 816.459899902
195.000000000 816.459899902
194.000000000 816.459899902
193.000000000 875.632873535
192.000000000 875.632873535
191.000000000 935.771606445
190.000000000 935.771606445
