260.000000000 488.680480957
259.000000000 488.680480957
258.000000000 488.680480957
257.000000000 488.680480957
256.000000000 488.680480957
255.000000000 488.680480957
254.000000000 488.680480957
253.000000000 488.680480957
252.000000000 488.680480957
251.000000000 488.680480957
250.000000000 488.680480957
249.000000000 488.680480957
248.000000000 488.680480957
247.000000000 488.680480957
246.000000000 488.680480957
245.000000000 488.680480957
244.000000000 488.680480957
243.000000000 488.680480957
242.000000000 488.680480957
241.000000000 514.951110840
240.000000000 514.951110840
239.000000000 514.951110840
238.000000000 514.951110840
237.000000000 514.951110840
236.000000000 514.951110840
235.000000000 514.951110840
234.000000000 514.951110840
233.000000000 514.951110840
232.000000000 540.748596191
231.000000000 540.748596191
230.000000000 540.748596191
229.000000000 540.748596191
228.000000000 540.748596191
227.000000000 540.748596191
226.000000000 540.748596191
225.000000000 567.669433594
224.000000000 567.669433594
223.000000000 567.669433594
222.000000000 567.669433594
221.000000000 595.654724121
220.000000000 595.654724121
219.000000000 595.654724121
218.000000000 595.654724121
217.000000000 624.997802734
216.000000000 624.997802734
215.000000000 624.997802734
214.000000000 624.997802734
213.000000000 662.906311035
212.000000000 662.906311035
211.000000000 662.906311035
210.000000000 701.053833008
209.000000000 701.053833008
208.000000000 701.053833008
207.000000000 740.106384277
206.000000000 740.106384277
205.000000000 740.106384277
204.000000000 781.339904785
203.000000000 781.339904785
202.000000000 781.339904785
201.000000000 821.469909668
200.000000000 821.469909668
199.000000000 821.469909668
198.000000000 864.767333984
197.000000000 864.767333984
196.000000000 864.767333984
195.000000000 864.767333984
194.000000000 919.331726074
193.000000000 919.331726074
192.000000000 919.331726074
191.000000000 988.350219727
190.000000000 988.350219727
