260.000000000 488.680480957
259.000000000 488.680480957
258.000000000 488.680480957
257.000000000 488.680480957
256.000000000 488.680480957
255.000000000 488.680480957
254.000000000 488.680480957
253.000000000 488.680480957
252.000000000 488.680480957
251.000000000 488.680480957
250.000000000 488.680480957
249.000000000 488.680480957
248.000000000 488.680480957
247.000000000 488.680480957
246.000000000 488.680480957
245.000000000 488.680480957
244.000000000 488.680480957
243.000000000 488.680480957
242.000000000 488.680480957
241.000000000 516.338989258
240.000000000 516.338989258
239.000000000 516.338989258
238.000000000 516.338989258
237.000000000 516.338989258
236.000000000 516.338989258
235.000000000 516.338989258
234.000000000 516.338989258
233.000000000 516.338989258
232.000000000 516.338989258
231.000000000 543.657653809
230.000000000 543.657653809
229.000000000 543.657653809
228.000000000 543.657653809
227.000000000 543.657653809
226.000000000 543.657653809
225.000000000 543.657653809
224.000000000 576.215148926
223.000000000 576.215148926
222.000000000 576.215148926
221.000000000 576.215148926
220.000000000 576.215148926
219.000000000 609.493164062
218.000000000 609.493164062
217.000000000 609.493164062
216.000000000 609.493164062
215.000000000 641.523376465
214.000000000 641.523376465
213.000000000 641.523376465
212.000000000 677.119201660
211.000000000 677.119201660
210.000000000 677.119201660
209.000000000 713.589843750
208.000000000 713.589843750
207.000000000 713.589843750
206.000000000 755.145812988
205.000000000 755.145812988
204.000000000 755.145812988
203.000000000 792.227172852
202.000000000 792.227172852
201.000000000 792.227172852
200.000000000 833.734375000
199.000000000 833.734375000
198.000000000 833.734375000
197.000000000 880.023620605
196.000000000 880.023620605
195.000000000 880.023620605
194.000000000 935.032775879
193.000000000 935.032775879
192.000000000 935.032775879
191.000000000 1006.338623047
190.000000000 1006.338623047
