260.000000000 488.680480957
259.000000000 488.680480957
258.000000000 488.680480957
257.000000000 488.680480957
256.000000000 488.680480957
255.000000000 488.680480957
254.000000000 488.680480957
253.000000000 488.680480957
252.000000000 488.680480957
251.000000000 488.680480957
250.000000000 488.680480957
249.000000000 488.680480957
248.000000000 488.680480957
247.000000000 488.680480957
246.000000000 488.680480957
245.000000000 488.680480957
244.000000000 488.680480957
243.000000000 488.680480957
242.000000000 488.680480957
241.000000000 515.521728516
240.000000000 515.521728516
239.000000000 515.521728516
238.000000000 515.521728516
237.000000000 515.521728516
236.000000000 515.521728516
235.000000000 515.521728516
234.000000000 515.521728516
233.000000000 515.521728516
232.000000000 541.762023926
231.000000000 541.762023926
230.000000000 541.762023926
229.000000000 541.762023926
228.000000000 541.762023926
227.000000000 541.762023926
226.000000000 541.762023926
225.000000000 568.315063477
224.000000000 568.315063477
223.000000000 568.315063477
222.000000000 568.315063477
221.000000000 595.754943848
220.000000000 595.754943848
219.000000000 595.754943848
218.000000000 595.754943848
217.000000000 626.932800293
216.000000000 626.932800293
215.000000000 626.932800293
214.000000000 626.932800293
213.000000000 664.097900391
212.000000000 664.097900391
211.000000000 664.097900391
210.000000000 701.750305176
209.000000000 701.750305176
208.000000000 701.750305176
207.000000000 743.385559082
206.000000000 743.385559082
205.000000000 743.385559082
204.000000000 781.493713379
203.000000000 781.493713379
202.000000000 781.493713379
201.000000000 821.954162598
200.000000000 821.954162598
199.000000000 821.954162598
198.000000000 866.143127441
197.000000000 866.143127441
196.000000000 866.143127441
195.000000000 907.910827637
194.000000000 907.910827637
193.000000000 907.910827637
192.000000000 970.745361328
191.000000000 970.745361328
190.000000000 1028.659301758
