260.000000000 451.136840820
259.000000000 451.136840820
258.000000000 451.136840820
257.000000000 451.136840820
256.000000000 451.136840820
255.000000000 451.136840820
254.000000000 451.136840820
253.000000000 451.136840820
252.000000000 451.136840820
251.000000000 451.136840820
250.000000000 451.136840820
249.000000000 451.136840820
248.000000000 451.136840820
247.000000000 451.136840820
246.000000000 451.136840820
245.000000000 451.136840820
244.000000000 451.136840820
243.000000000 451.136840820
242.000000000 451.136840820
241.000000000 451.136840820
240.000000000 473.441467285
239.000000000 473.441467285
238.000000000 473.441467285
237.000000000 473.441467285
236.000000000 473.441467285
235.000000000 473.441467285
234.000000000 473.441467285
233.000000000 473.441467285
232.000000000 473.441467285
231.000000000 473.441467285
230.000000000 498.968139648
229.000000000 498.968139648
228.000000000 498.968139648
227.000000000 498.968139648
226.000000000 498.968139648
225.000000000 498.968139648
224.000000000 498.968139648
223.000000000 528.232543945
222.000000000 528.232543945
221.000000000 528.232543945
220.000000000 528.232543945
219.000000000 554.611083984
218.000000000 554.611083984
217.000000000 554.611083984
216.000000000 554.611083984
215.000000000 583.918579102
214.000000000 583.918579102
213.000000000 583.918579102
212.000000000 583.918579102
211.000000000 621.367004395
210.000000000 621.367004395
209.000000000 621.367004395
208.000000000 621.367004395
207.000000000 658.472961426
206.000000000 658.472961426
205.000000000 658.472961426
204.000000000 690.319763184
203.000000000 690.319763184
202.000000000 690.319763184
201.000000000 728.698303223
200.000000000 728.698303223
199.000000000 762.978088379
198.000000000 762.978088379
197.000000000 762.978088379
196.000000000 816.110534668
195.000000000 816.110534668
194.000000000 856.218566895
193.000000000 856.218566895
192.000000000 904.849304199
191.000000000 904.849304199
190.000000000 972.505920410
