260.000000000 451.136840820
259.000000000 451.136840820
258.000000000 451.136840820
257.000000000 451.136840820
256.000000000 451.136840820
255.000000000 451.136840820
254.000000000 451.136840820
253.000000000 451.136840820
252.000000000 451.136840820
251.000000000 451.136840820
250.000000000 451.136840820
249.000000000 451.136840820
248.000000000 451.136840820
247.000000000 451.136840820
246.000000000 451.136840820
245.000000000 451.136840820
244.000000000 451.136840820
243.000000000 451.136840820
242.000000000 451.136840820
241.000000000 451.136840820
240.000000000 473.104614258
239.000000000 473.104614258
238.000000000 473.104614258
237.000000000 473.104614258
236.000000000 473.104614258
235.000000000 473.104614258
234.000000000 473.104614258
233.000000000 473.104614258
232.000000000 473.104614258
231.000000000 473.104614258
230.000000000 496.007049561
229.000000000 496.007049561
228.000000000 496.007049561
227.000000000 496.007049561
226.000000000 496.007049561
225.000000000 496.007049561
224.000000000 522.486022949
223.000000000 522.486022949
222.000000000 522.486022949
221.000000000 522.486022949
220.000000000 547.222595215
219.000000000 547.222595215
218.000000000 547.222595215
217.000000000 547.222595215
216.000000000 575.454528809
215.000000000 575.454528809
214.000000000 575.454528809
213.000000000 575.454528809
212.000000000 609.369995117
211.000000000 609.369995117
210.000000000 609.369995117
209.000000000 639.011413574
208.000000000 639.011413574
207.000000000 639.011413574
206.000000000 639.011413574
205.000000000 677.782226562
204.000000000 677.782226562
203.000000000 677.782226562
202.000000000 714.012451172
201.000000000 714.012451172
200.000000000 714.012451172
199.000000000 758.616210938
198.000000000 758.616210938
197.000000000 758.616210938
196.000000000 807.068725586
195.000000000 807.068725586
194.000000000 807.068725586
193.000000000 861.887268066
192.000000000 861.887268066
191.000000000 909.520812988
190.000000000 909.520812988
