260.000000000 451.136840820
259.000000000 451.136840820
258.000000000 451.136840820
257.000000000 451.136840820
256.000000000 451.136840820
255.000000000 451.136840820
254.000000000 451.136840820
253.000000000 451.136840820
252.000000000 451.136840820
251.000000000 451.136840820
250.000000000 451.136840820
249.000000000 451.136840820
248.000000000 451.136840820
247.000000000 451.136840820
246.000000000 451.136840820
245.000000000 451.136840820
244.000000000 451.136840820
243.000000000 451.136840820
242.000000000 451.136840820
241.000000000 472.883239746
240.000000000 472.883239746
239.000000000 472.883239746
238.000000000 472.883239746
237.000000000 472.883239746
236.000000000 472.883239746
235.000000000 472.883239746
234.000000000 472.883239746
233.000000000 472.883239746
232.000000000 472.883239746
231.000000000 496.959808350
230.000000000 496.959808350
229.000000000 496.959808350
228.000000000 496.959808350
227.000000000 496.959808350
226.000000000 496.959808350
225.000000000 496.959808350
224.000000000 523.193237305
223.000000000 523.193237305
222.000000000 523.193237305
221.000000000 523.193237305
220.000000000 549.135681152
219.000000000 549.135681152
218.000000000 549.135681152
217.000000000 549.135681152
216.000000000 576.720886230
215.000000000 576.720886230
214.000000000 576.720886230
213.000000000 576.720886230
212.000000000 612.202209473
211.000000000 612.202209473
210.000000000 612.202209473
209.000000000 642.638488770
208.000000000 642.638488770
207.000000000 642.638488770
206.000000000 642.638488770
205.000000000 682.664916992
204.000000000 682.664916992
203.000000000 682.664916992
202.000000000 719.624816895
201.000000000 719.624816895
200.000000000 719.624816895
199.000000000 767.486816406
198.000000000 767.486816406
197.000000000 804.077819824
196.000000000 804.077819824
195.000000000 842.199157715
194.000000000 842.199157715
193.000000000 887.439025879
192.000000000 887.439025879
191.000000000 948.186706543
190.000000000 992.663513184
