260.000000000 488.680480957
259.000000000 488.680480957
258.000000000 488.680480957
257.000000000 488.680480957
256.000000000 488.680480957
255.000000000 488.680480957
254.000000000 488.680480957
253.000000000 488.680480957
252.000000000 488.680480957
251.000000000 488.680480957
250.000000000 488.680480957
249.000000000 488.680480957
248.000000000 488.680480957
247.000000000 488.680480957
246.000000000 488.680480957
245.000000000 488.680480957
244.000000000 488.680480957
243.000000000 488.680480957
242.000000000 488.680480957
241.000000000 517.201293945
240.000000000 517.201293945
239.000000000 517.201293945
238.000000000 517.201293945
237.000000000 517.201293945
236.000000000 517.201293945
235.000000000 517.201293945
234.000000000 517.201293945
233.000000000 517.201293945
232.000000000 517.201293945
231.000000000 545.265258789
230.000000000 545.265258789
229.000000000 545.265258789
228.000000000 545.265258789
227.000000000 545.265258789
226.000000000 545.265258789
225.000000000 545.265258789
224.000000000 573.825866699
223.000000000 573.825866699
222.000000000 573.825866699
221.000000000 573.825866699
220.000000000 603.972961426
219.000000000 603.972961426
218.000000000 603.972961426
217.000000000 603.972961426
216.000000000 637.210693359
215.000000000 637.210693359
214.000000000 637.210693359
213.000000000 637.210693359
212.000000000 678.867736816
211.000000000 678.867736816
210.000000000 678.867736816
209.000000000 718.561950684
208.000000000 718.561950684
207.000000000 718.561950684
206.000000000 759.497680664
205.000000000 759.497680664
204.000000000 759.497680664
203.000000000 799.058593750
202.000000000 799.058593750
201.000000000 799.058593750
200.000000000 840.596069336
199.000000000 840.596069336
198.000000000 840.596069336
197.000000000 888.134338379
196.000000000 888.134338379
195.000000000 888.134338379
194.000000000 949.409301758
193.000000000 949.409301758
192.000000000 1002.029663086
191.000000000 1002.029663086
190.000000000 1078.669555664
