260.000000000 488.680480957
259.000000000 488.680480957
258.000000000 488.680480957
257.000000000 488.680480957
256.000000000 488.680480957
255.000000000 488.680480957
254.000000000 488.680480957
253.000000000 488.680480957
252.000000000 488.680480957
251.000000000 488.680480957
250.000000000 488.680480957
249.000000000 488.680480957
248.000000000 488.680480957
247.000000000 488.680480957
246.000000000 488.680480957
245.000000000 488.680480957
244.000000000 488.680480957
243.000000000 512.820251465
242.000000000 512.820251465
241.000000000 512.820251465
240.000000000 512.820251465
239.000000000 512.820251465
238.000000000 512.820251465
237.000000000 512.820251465
236.000000000 512.820251465
235.000000000 512.820251465
234.000000000 512.820251465
233.000000000 512.820251465
232.000000000 512.820251465
231.000000000 544.263793945
230.000000000 544.263793945
229.000000000 544.263793945
228.000000000 544.263793945
227.000000000 544.263793945
226.000000000 544.263793945
225.000000000 544.263793945
224.000000000 574.638366699
223.000000000 574.638366699
222.000000000 574.638366699
221.000000000 574.638366699
220.000000000 574.638366699
219.000000000 607.049133301
218.000000000 607.049133301
217.000000000 607.049133301
216.000000000 607.049133301
215.000000000 644.360778809
214.000000000 644.360778809
213.000000000 644.360778809
212.000000000 677.504089355
211.000000000 677.504089355
210.000000000 677.504089355
209.000000000 712.713439941
208.000000000 712.713439941
207.000000000 712.713439941
206.000000000 755.792968750
205.000000000 755.792968750
204.000000000 755.792968750
203.000000000 792.756958008
202.000000000 792.756958008
201.000000000 792.756958008
200.000000000 834.932922363
199.000000000 834.932922363
198.000000000 834.932922363
197.000000000 880.590026855
196.000000000 880.590026855
195.000000000 880.590026855
194.000000000 926.324890137
193.000000000 926.324890137
192.000000000 926.324890137
191.000000000 994.650024414
190.000000000 994.650024414
