260.000000000 451.136840820
259.000000000 451.136840820
258.000000000 451.136840820
257.000000000 451.136840820
256.000000000 451.136840820
255.000000000 451.136840820
254.000000000 451.136840820
253.000000000 451.136840820
252.000000000 451.136840820
251.000000000 451.136840820
250.000000000 451.136840820
249.000000000 451.136840820
248.000000000 451.136840820
247.000000000 451.136840820
246.000000000 451.136840820
245.000000000 451.136840820
244.000000000 451.136840820
243.000000000 473.446777344
242.000000000 473.446777344
241.000000000 473.446777344
240.000000000 473.446777344
239.000000000 473.446777344
238.000000000 473.446777344
237.000000000 473.446777344
236.000000000 473.446777344
235.000000000 473.446777344
234.000000000 473.446777344
233.000000000 473.446777344
232.000000000 497.942504883
231.000000000 497.942504883
230.000000000 497.942504883
229.000000000 497.942504883
228.000000000 497.942504883
227.000000000 497.942504883
226.000000000 497.942504883
225.000000000 524.207641602
224.000000000 524.207641602
223.000000000 524.207641602
222.000000000 524.207641602
221.000000000 524.207641602
220.000000000 554.947204590
219.000000000 554.947204590
218.000000000 554.947204590
217.000000000 554.947204590
216.000000000 584.518066406
215.000000000 584.518066406
214.000000000 584.518066406
213.000000000 584.518066406
212.000000000 619.104309082
211.000000000 619.104309082
210.000000000 619.104309082
209.000000000 650.284240723
208.000000000 650.284240723
207.000000000 650.284240723
206.000000000 685.130249023
205.000000000 685.130249023
204.000000000 685.130249023
203.000000000 726.679321289
202.000000000 726.679321289
201.000000000 726.679321289
200.000000000 780.159301758
199.000000000 780.159301758
198.000000000 824.904968262
197.000000000 824.904968262
196.000000000 872.610839844
195.000000000 872.610839844
194.000000000 931.296020508
193.000000000 931.296020508
192.000000000 1010.183166504
191.000000000 1058.347900391
190.000000000 1100.000000000
