260.000000000 488.680480957
259.000000000 488.680480957
258.000000000 488.680480957
257.000000000 488.680480957
256.000000000 488.680480957
255.000000000 488.680480957
254.000000000 488.680480957
253.000000000 488.680480957
252.000000000 488.680480957
251.000000000 488.680480957
250.000000000 488.680480957
249.000000000 488.680480957
248.000000000 488.680480957
247.000000000 488.680480957
246.000000000 488.680480957
245.000000000 488.680480957
244.000000000 488.680480957
243.000000000 513.261230469
242.000000000 513.261230469
241.000000000 513.261230469
240.000000000 513.261230469
239.000000000 513.261230469
238.000000000 513.261230469
237.000000000 513.261230469
236.000000000 513.261230469
235.000000000 513.261230469
234.000000000 513.261230469
233.000000000 539.020935059
232.000000000 539.020935059
231.000000000 539.020935059
230.000000000 539.020935059
229.000000000 539.020935059
228.000000000 539.020935059
227.000000000 539.020935059
226.000000000 569.013732910
225.000000000 569.013732910
224.000000000 569.013732910
223.000000000 569.013732910
222.000000000 569.013732910
221.000000000 598.911132812
220.000000000 598.911132812
219.000000000 598.911132812
218.000000000 598.911132812
217.000000000 632.218505859
216.000000000 632.218505859
215.000000000 632.218505859
214.000000000 632.218505859
213.000000000 672.323913574
212.000000000 672.323913574
211.000000000 672.323913574
210.000000000 708.644531250
209.000000000 708.644531250
208.000000000 708.644531250
207.000000000 755.061218262
206.000000000 755.061218262
205.000000000 755.061218262
204.000000000 802.160095215
203.000000000 802.160095215
202.000000000 802.160095215
201.000000000 854.978149414
200.000000000 854.978149414
199.000000000 901.760986328
198.000000000 901.760986328
197.000000000 954.208068848
196.000000000 954.208068848
195.000000000 1011.628173828
194.000000000 1011.628173828
193.000000000 1088.924438477
192.000000000 1100.000000000
191.000000000 1100.000000000
190.000000000 1100.000000000
