260.000000000 451.136840820
259.000000000 451.136840820
258.000000000 451.136840820
257.000000000 451.136840820
256.000000000 451.136840820
255.000000000 451.136840820
254.000000000 451.136840820
253.000000000 451.136840820
252.000000000 451.136840820
251.000000000 451.136840820
250.000000000 451.136840820
249.000000000 451.136840820
248.000000000 451.136840820
247.000000000 451.136840820
246.000000000 451.136840820
245.000000000 451.136840820
244.000000000 451.136840820
243.000000000 451.136840820
242.000000000 451.136840820
241.000000000 451.136840820
240.000000000 472.540863037
239.000000000 472.540863037
238.000000000 472.540863037
237.000000000 472.540863037
236.000000000 472.540863037
235.000000000 472.540863037
234.000000000 472.540863037
233.000000000 472.540863037
232.000000000 472.540863037
231.000000000 495.284637451
230.000000000 495.284637451
229.000000000 495.284637451
228.000000000 495.284637451
227.000000000 495.284637451
226.000000000 495.284637451
225.000000000 495.284637451
224.000000000 521.593200684
223.000000000 521.593200684
222.000000000 521.593200684
221.000000000 521.593200684
220.000000000 521.593200684
219.000000000 552.019226074
218.000000000 552.019226074
217.000000000 552.019226074
216.000000000 552.019226074
215.000000000 580.655822754
214.000000000 580.655822754
213.000000000 580.655822754
212.000000000 608.031616211
211.000000000 608.031616211
210.000000000 608.031616211
209.000000000 638.668579102
208.000000000 638.668579102
207.000000000 638.668579102
206.000000000 638.668579102
205.000000000 677.116027832
204.000000000 677.116027832
203.000000000 677.116027832
202.000000000 714.584350586
201.000000000 714.584350586
200.000000000 714.584350586
199.000000000 759.866149902
198.000000000 759.866149902
197.000000000 759.866149902
196.000000000 808.879882812
195.000000000 808.879882812
194.000000000 808.879882812
193.000000000 861.628967285
192.000000000 861.628967285
191.000000000 911.644287109
190.000000000 911.644287109
