260.000000000 488.680480957
259.000000000 488.680480957
258.000000000 488.680480957
257.000000000 488.680480957
256.000000000 488.680480957
255.000000000 488.680480957
254.000000000 488.680480957
253.000000000 488.680480957
252.000000000 488.680480957
251.000000000 488.680480957
250.000000000 488.680480957
249.000000000 488.680480957
248.000000000 488.680480957
247.000000000 488.680480957
246.000000000 488.680480957
245.000000000 488.680480957
244.000000000 512.458007812
243.000000000 512.458007812
242.000000000 512.458007812
241.000000000 512.458007812
240.000000000 512.458007812
239.000000000 512.458007812
238.000000000 512.458007812
237.000000000 512.458007812
236.000000000 512.458007812
235.000000000 512.458007812
234.000000000 512.458007812
233.000000000 541.414367676
232.000000000 541.414367676
231.000000000 541.414367676
230.000000000 541.414367676
229.000000000 541.414367676
228.000000000 541.414367676
227.000000000 541.414367676
226.000000000 568.380432129
225.000000000 568.380432129
224.000000000 568.380432129
223.000000000 568.380432129
222.000000000 568.380432129
221.000000000 597.751892090
220.000000000 597.751892090
219.000000000 597.751892090
218.000000000 597.751892090
217.000000000 629.663513184
216.000000000 629.663513184
215.000000000 629.663513184
214.000000000 629.663513184
213.000000000 671.214965820
212.000000000 671.214965820
211.000000000 671.214965820
210.000000000 708.326049805
209.000000000 708.326049805
208.000000000 708.326049805
207.000000000 756.365722656
206.000000000 756.365722656
205.000000000 756.365722656
204.000000000 800.837524414
203.000000000 800.837524414
202.000000000 800.837524414
201.000000000 850.947753906
200.000000000 850.947753906
199.000000000 893.858154297
198.000000000 893.858154297
197.000000000 942.552185059
196.000000000 942.552185059
195.000000000 991.923278809
194.000000000 991.923278809
193.000000000 1064.169189453
192.000000000 1064.169189453
191.000000000 1100.000000000
190.000000000 1100.000000000
