260.000000000 451.136840820
259.000000000 451.136840820
258.000000000 451.136840820
257.000000000 451.136840820
256.000000000 451.136840820
255.000000000 451.136840820
254.000000000 451.136840820
253.000000000 451.136840820
252.000000000 451.136840820
251.000000000 451.136840820
250.000000000 451.136840820
249.000000000 451.136840820
248.000000000 451.136840820
247.000000000 451.136840820
246.000000000 451.136840820
245.000000000 451.136840820
244.000000000 451.136840820
243.000000000 472.625579834
242.000000000 472.625579834
241.000000000 472.625579834
240.000000000 472.625579834
239.000000000 472.625579834
238.000000000 472.625579834
237.000000000 472.625579834
236.000000000 472.625579834
235.000000000 472.625579834
234.000000000 472.625579834
233.000000000 472.625579834
232.000000000 497.487762451
231.000000000 497.487762451
230.000000000 497.487762451
229.000000000 497.487762451
228.000000000 497.487762451
227.000000000 497.487762451
226.000000000 497.487762451
225.000000000 523.772094727
224.000000000 523.772094727
223.000000000 523.772094727
222.000000000 523.772094727
221.000000000 523.772094727
220.000000000 553.180847168
219.000000000 553.180847168
218.000000000 553.180847168
217.000000000 553.180847168
216.000000000 582.367675781
215.000000000 582.367675781
214.000000000 582.367675781
213.000000000 582.367675781
212.000000000 617.151428223
211.000000000 617.151428223
210.000000000 617.151428223
209.000000000 650.337097168
208.000000000 650.337097168
207.000000000 650.337097168
206.000000000 683.815002441
205.000000000 683.815002441
204.000000000 683.815002441
203.000000000 720.560546875
202.000000000 720.560546875
201.000000000 754.686950684
200.000000000 754.686950684
199.000000000 794.182556152
198.000000000 794.182556152
197.000000000 833.287841797
196.000000000 833.287841797
195.000000000 885.345336914
194.000000000 885.345336914
193.000000000 940.339538574
192.000000000 940.339538574
191.000000000 1019.073242188
190.000000000 1074.641235352
