260.000000000 451.136840820
259.000000000 451.136840820
258.000000000 451.136840820
257.000000000 451.136840820
256.000000000 451.136840820
255.000000000 451.136840820
254.000000000 451.136840820
253.000000000 451.136840820
252.000000000 451.136840820
251.000000000 451.136840820
250.000000000 451.136840820
249.000000000 451.136840820
248.000000000 451.136840820
247.000000000 451.136840820
246.000000000 451.136840820
245.000000000 451.136840820
244.000000000 451.136840820
243.000000000 451.136840820
242.000000000 451.136840820
241.000000000 473.722015381
240.000000000 473.722015381
239.000000000 473.722015381
238.000000000 473.722015381
237.000000000 473.722015381
236.000000000 473.722015381
235.000000000 473.722015381
234.000000000 473.722015381
233.000000000 473.722015381
232.000000000 473.722015381
231.000000000 498.750549316
230.000000000 498.750549316
229.000000000 498.750549316
228.000000000 498.750549316
227.000000000 498.750549316
226.000000000 498.750549316
225.000000000 498.750549316
224.000000000 526.881469727
223.000000000 526.881469727
222.000000000 526.881469727
221.000000000 526.881469727
220.000000000 552.212219238
219.000000000 552.212219238
218.000000000 552.212219238
217.000000000 552.212219238
216.000000000 578.899963379
215.000000000 578.899963379
214.000000000 578.899963379
213.000000000 606.051574707
212.000000000 606.051574707
211.000000000 606.051574707
210.000000000 635.373901367
209.000000000 635.373901367
208.000000000 635.373901367
207.000000000 667.022155762
206.000000000 667.022155762
205.000000000 667.022155762
204.000000000 701.205810547
203.000000000 701.205810547
202.000000000 701.205810547
201.000000000 742.013671875
200.000000000 742.013671875
199.000000000 779.191833496
198.000000000 779.191833496
197.000000000 820.165039062
196.000000000 820.165039062
195.000000000 861.567382812
194.000000000 861.567382812
193.000000000 911.267639160
192.000000000 911.267639160
191.000000000 981.855651855
190.000000000 1032.495727539
