260.000000000 451.136840820
259.000000000 451.136840820
258.000000000 451.136840820
257.000000000 451.136840820
256.000000000 451.136840820
255.000000000 451.136840820
254.000000000 451.136840820
253.000000000 451.136840820
252.000000000 451.136840820
251.000000000 451.136840820
250.000000000 451.136840820
249.000000000 451.136840820
248.000000000 451.136840820
247.000000000 451.136840820
246.000000000 451.136840820
245.000000000 451.136840820
244.000000000 451.136840820
243.000000000 451.136840820
242.000000000 451.136840820
241.000000000 451.136840820
240.000000000 451.136840820
239.000000000 473.625885010
238.000000000 473.625885010
237.000000000 473.625885010
236.000000000 473.625885010
235.000000000 473.625885010
234.000000000 473.625885010
233.000000000 473.625885010
232.000000000 473.625885010
231.000000000 473.625885010
230.000000000 497.692443848
229.000000000 497.692443848
228.000000000 497.692443848
227.000000000 497.692443848
226.000000000 497.692443848
225.000000000 497.692443848
224.000000000 521.814392090
223.000000000 521.814392090
222.000000000 521.814392090
221.000000000 521.814392090
220.000000000 546.941345215
219.000000000 546.941345215
218.000000000 546.941345215
217.000000000 546.941345215
216.000000000 573.172424316
215.000000000 573.172424316
214.000000000 573.172424316
213.000000000 573.172424316
212.000000000 609.154785156
211.000000000 609.154785156
210.000000000 609.154785156
209.000000000 609.154785156
208.000000000 647.724243164
207.000000000 647.724243164
206.000000000 647.724243164
205.000000000 647.724243164
204.000000000 688.046936035
203.000000000 688.046936035
202.000000000 688.046936035
201.000000000 725.706848145
200.000000000 725.706848145
199.000000000 725.706848145
198.000000000 772.670837402
197.000000000 772.670837402
196.000000000 772.670837402
195.000000000 818.895751953
194.000000000 818.895751953
193.000000000 818.895751953
192.000000000 873.291564941
191.000000000 873.291564941
190.000000000 925.342041016
