260.000000000 451.136840820
259.000000000 451.136840820
258.000000000 451.136840820
257.000000000 451.136840820
256.000000000 451.136840820
255.000000000 451.136840820
254.000000000 451.136840820
253.000000000 451.136840820
252.000000000 451.136840820
251.000000000 451.136840820
250.000000000 451.136840820
249.000000000 451.136840820
248.000000000 451.136840820
247.000000000 451.136840820
246.000000000 451.136840820
245.000000000 451.136840820
244.000000000 472.726226807
243.000000000 472.726226807
242.000000000 472.726226807
241.000000000 472.726226807
240.000000000 472.726226807
239.000000000 472.726226807
238.000000000 472.726226807
237.000000000 472.726226807
236.000000000 472.726226807
235.000000000 472.726226807
234.000000000 472.726226807
233.000000000 495.213195801
232.000000000 495.213195801
231.000000000 495.213195801
230.000000000 495.213195801
229.000000000 495.213195801
228.000000000 495.213195801
227.000000000 495.213195801
226.000000000 519.073791504
225.000000000 519.073791504
224.000000000 519.073791504
223.000000000 519.073791504
222.000000000 543.608398438
221.000000000 543.608398438
220.000000000 543.608398438
219.000000000 543.608398438
218.000000000 543.608398438
217.000000000 577.617065430
216.000000000 577.617065430
215.000000000 577.617065430
214.000000000 577.617065430
213.000000000 610.196166992
212.000000000 610.196166992
211.000000000 610.196166992
210.000000000 639.885803223
209.000000000 639.885803223
208.000000000 639.885803223
207.000000000 676.493103027
206.000000000 676.493103027
205.000000000 676.493103027
204.000000000 714.247680664
203.000000000 714.247680664
202.000000000 714.247680664
201.000000000 760.741760254
200.000000000 760.741760254
199.000000000 806.542480469
198.000000000 806.542480469
197.000000000 853.658386230
196.000000000 853.658386230
195.000000000 908.698791504
194.000000000 908.698791504
193.000000000 982.170715332
192.000000000 982.170715332
191.000000000 1077.067016602
190.000000000 1100.000000000
