260.000000000 451.136840820
259.000000000 451.136840820
258.000000000 451.136840820
257.000000000 451.136840820
256.000000000 451.136840820
255.000000000 451.136840820
254.000000000 451.136840820
253.000000000 451.136840820
252.000000000 451.136840820
251.000000000 451.136840820
250.000000000 451.136840820
249.000000000 451.136840820
248.000000000 451.136840820
247.000000000 451.136840820
246.000000000 451.136840820
245.000000000 451.136840820
244.000000000 474.235656738
243.000000000 474.235656738
242.000000000 474.235656738
241.000000000 474.235656738
240.000000000 474.235656738
239.000000000 474.235656738
238.000000000 474.235656738
237.000000000 474.235656738
236.000000000 474.235656738
235.000000000 474.235656738
234.000000000 474.235656738
233.000000000 496.426452637
232.000000000 496.426452637
231.000000000 496.426452637
230.000000000 496.426452637
229.000000000 496.426452637
228.000000000 496.426452637
227.000000000 496.426452637
226.000000000 521.451049805
225.000000000 521.451049805
224.000000000 521.451049805
223.000000000 521.451049805
222.000000000 521.451049805
221.000000000 550.200561523
220.000000000 550.200561523
219.000000000 550.200561523
218.000000000 550.200561523
217.000000000 578.265136719
216.000000000 578.265136719
215.000000000 578.265136719
214.000000000 578.265136719
213.000000000 611.243103027
212.000000000 611.243103027
211.000000000 611.243103027
210.000000000 642.437011719
209.000000000 642.437011719
208.000000000 642.437011719
207.000000000 677.723571777
206.000000000 677.723571777
205.000000000 677.723571777
204.000000000 718.420959473
203.000000000 718.420959473
202.000000000 718.420959473
201.000000000 770.593200684
200.000000000 770.593200684
199.000000000 817.682617188
198.000000000 817.682617188
197.000000000 874.871520996
196.000000000 874.871520996
195.000000000 938.428100586
194.000000000 938.428100586
193.000000000 1023.221740723
192.000000000 1076.330200195
191.000000000 1100.000000000
190.000000000 1100.000000000
