260.000000000 451.136840820
259.000000000 451.136840820
258.000000000 451.136840820
257.000000000 451.136840820
256.000000000 451.136840820
255.000000000 451.136840820
254.000000000 451.136840820
253.000000000 451.136840820
252.000000000 451.136840820
251.000000000 451.136840820
250.000000000 451.136840820
249.000000000 451.136840820
248.000000000 451.136840820
247.000000000 451.136840820
246.000000000 451.136840820
245.000000000 451.136840820
244.000000000 451.136840820
243.000000000 451.136840820
242.000000000 473.772125244
241.000000000 473.772125244
240.000000000 473.772125244
239.000000000 473.772125244
238.000000000 473.772125244
237.000000000 473.772125244
236.000000000 473.772125244
235.000000000 473.772125244
234.000000000 473.772125244
233.000000000 473.772125244
232.000000000 497.998016357
231.000000000 497.998016357
230.000000000 497.998016357
229.000000000 497.998016357
228.000000000 497.998016357
227.000000000 497.998016357
226.000000000 497.998016357
225.000000000 523.844604492
224.000000000 523.844604492
223.000000000 523.844604492
222.000000000 523.844604492
221.000000000 523.844604492
220.000000000 554.834289551
219.000000000 554.834289551
218.000000000 554.834289551
217.000000000 554.834289551
216.000000000 583.201904297
215.000000000 583.201904297
214.000000000 583.201904297
213.000000000 583.201904297
212.000000000 617.839111328
211.000000000 617.839111328
210.000000000 617.839111328
209.000000000 650.289367676
208.000000000 650.289367676
207.000000000 650.289367676
206.000000000 683.502197266
205.000000000 683.502197266
204.000000000 683.502197266
203.000000000 721.561401367
202.000000000 721.561401367
201.000000000 755.824035645
200.000000000 755.824035645
199.000000000 794.564941406
198.000000000 794.564941406
197.000000000 835.723571777
196.000000000 835.723571777
195.000000000 883.543334961
194.000000000 883.543334961
193.000000000 945.192871094
192.000000000 945.192871094
191.000000000 1022.118103027
190.000000000 1079.253784180
