260.000000000 488.680480957
259.000000000 488.680480957
258.000000000 488.680480957
257.000000000 488.680480957
256.000000000 488.680480957
255.000000000 488.680480957
254.000000000 488.680480957
253.000000000 488.680480957
252.000000000 488.680480957
251.000000000 488.680480957
250.000000000 488.680480957
249.000000000 488.680480957
248.000000000 488.680480957
247.000000000 488.680480957
246.000000000 488.680480957
245.000000000 488.680480957
244.000000000 488.680480957
243.000000000 512.424682617
242.000000000 512.424682617
241.000000000 512.424682617
240.000000000 512.424682617
239.000000000 512.424682617
238.000000000 512.424682617
237.000000000 512.424682617
236.000000000 512.424682617
235.000000000 512.424682617
234.000000000 537.673706055
233.000000000 537.673706055
232.000000000 537.673706055
231.000000000 537.673706055
230.000000000 537.673706055
229.000000000 537.673706055
228.000000000 537.673706055
227.000000000 537.673706055
226.000000000 566.011230469
225.000000000 566.011230469
224.000000000 566.011230469
223.000000000 566.011230469
222.000000000 566.011230469
221.000000000 598.761352539
220.000000000 598.761352539
219.000000000 598.761352539
218.000000000 598.761352539
217.000000000 633.344238281
216.000000000 633.344238281
215.000000000 633.344238281
214.000000000 633.344238281
213.000000000 669.618713379
212.000000000 669.618713379
211.000000000 669.618713379
210.000000000 711.384887695
209.000000000 711.384887695
208.000000000 711.384887695
207.000000000 754.996459961
206.000000000 754.996459961
205.000000000 754.996459961
204.000000000 806.399780273
203.000000000 806.399780273
202.000000000 806.399780273
201.000000000 865.082702637
200.000000000 865.082702637
199.000000000 913.698730469
198.000000000 913.698730469
197.000000000 966.392883301
196.000000000 966.392883301
195.000000000 1032.676757812
194.000000000 1032.676757812
193.000000000 1100.000000000
192.000000000 1100.000000000
191.000000000 1100.000000000
190.000000000 1100.000000000
