260.000000000 451.136840820
259.000000000 451.136840820
258.000000000 451.136840820
257.000000000 451.136840820
256.000000000 451.136840820
255.000000000 451.136840820
254.000000000 451.136840820
253.000000000 451.136840820
252.000000000 451.136840820
251.000000000 451.136840820
250.000000000 451.136840820
249.000000000 451.136840820
248.000000000 451.136840820
247.000000000 451.136840820
246.000000000 451.136840820
245.000000000 451.136840820
244.000000000 451.136840820
243.000000000 472.669342041
242.000000000 472.669342041
241.000000000 472.669342041
240.000000000 472.669342041
239.000000000 472.669342041
238.000000000 472.669342041
237.000000000 472.669342041
236.000000000 472.669342041
235.000000000 472.669342041
234.000000000 472.669342041
233.000000000 494.851715088
232.000000000 494.851715088
231.000000000 494.851715088
230.000000000 494.851715088
229.000000000 494.851715088
228.000000000 494.851715088
227.000000000 494.851715088
226.000000000 519.251281738
225.000000000 519.251281738
224.000000000 519.251281738
223.000000000 519.251281738
222.000000000 519.251281738
221.000000000 545.518493652
220.000000000 545.518493652
219.000000000 545.518493652
218.000000000 545.518493652
217.000000000 574.847412109
216.000000000 574.847412109
215.000000000 574.847412109
214.000000000 574.847412109
213.000000000 609.614807129
212.000000000 609.614807129
211.000000000 609.614807129
210.000000000 609.614807129
209.000000000 650.050537109
208.000000000 650.050537109
207.000000000 650.050537109
206.000000000 683.670715332
205.000000000 683.670715332
204.000000000 683.670715332
203.000000000 722.669372559
202.000000000 722.669372559
201.000000000 722.669372559
200.000000000 771.248229980
199.000000000 771.248229980
198.000000000 813.471740723
197.000000000 813.471740723
196.000000000 858.626892090
195.000000000 858.626892090
194.000000000 910.643432617
193.000000000 910.643432617
192.000000000 976.086914062
191.000000000 976.086914062
190.000000000 1070.839843750
