260.000000000 488.680480957
259.000000000 488.680480957
258.000000000 488.680480957
257.000000000 488.680480957
256.000000000 488.680480957
255.000000000 488.680480957
254.000000000 488.680480957
253.000000000 488.680480957
252.000000000 488.680480957
251.000000000 488.680480957
250.000000000 488.680480957
249.000000000 488.680480957
248.000000000 488.680480957
247.000000000 488.680480957
246.000000000 488.680480957
245.000000000 488.680480957
244.000000000 488.680480957
243.000000000 488.680480957
242.000000000 516.459716797
241.000000000 516.459716797
240.000000000 516.459716797
239.000000000 516.459716797
238.000000000 516.459716797
237.000000000 516.459716797
236.000000000 516.459716797
235.000000000 516.459716797
234.000000000 516.459716797
233.000000000 516.459716797
232.000000000 544.727600098
231.000000000 544.727600098
230.000000000 544.727600098
229.000000000 544.727600098
228.000000000 544.727600098
227.000000000 544.727600098
226.000000000 544.727600098
225.000000000 573.851135254
224.000000000 573.851135254
223.000000000 573.851135254
222.000000000 573.851135254
221.000000000 573.851135254
220.000000000 608.692443848
219.000000000 608.692443848
218.000000000 608.692443848
217.000000000 608.692443848
216.000000000 640.795959473
215.000000000 640.795959473
214.000000000 640.795959473
213.000000000 672.374450684
212.000000000 672.374450684
211.000000000 672.374450684
210.000000000 708.650451660
209.000000000 708.650451660
208.000000000 708.650451660
207.000000000 755.399963379
206.000000000 755.399963379
205.000000000 755.399963379
204.000000000 799.323974609
203.000000000 799.323974609
202.000000000 799.323974609
201.000000000 849.257629395
200.000000000 849.257629395
199.000000000 849.257629395
198.000000000 908.517822266
197.000000000 908.517822266
196.000000000 908.517822266
195.000000000 973.624694824
194.000000000 973.624694824
193.000000000 1035.311035156
192.000000000 1035.311035156
191.000000000 1100.000000000
190.000000000 1100.000000000
