260.000000000 451.136840820
259.000000000 451.136840820
258.000000000 451.136840820
257.000000000 451.136840820
256.000000000 451.136840820
255.000000000 451.136840820
254.000000000 451.136840820
253.000000000 451.136840820
252.000000000 451.136840820
251.000000000 451.136840820
250.000000000 451.136840820
249.000000000 451.136840820
248.000000000 451.136840820
247.000000000 451.136840820
246.000000000 451.136840820
245.000000000 451.136840820
244.000000000 451.136840820
243.000000000 474.560699463
242.000000000 474.560699463
241.000000000 474.560699463
240.000000000 474.560699463
239.000000000 474.560699463
238.000000000 474.560699463
237.000000000 474.560699463
236.000000000 474.560699463
235.000000000 474.560699463
234.000000000 474.560699463
233.000000000 474.560699463
232.000000000 499.760437012
231.000000000 499.760437012
230.000000000 499.760437012
229.000000000 499.760437012
228.000000000 499.760437012
227.000000000 499.760437012
226.000000000 499.760437012
225.000000000 527.755065918
224.000000000 527.755065918
223.000000000 527.755065918
222.000000000 527.755065918
221.000000000 527.755065918
220.000000000 556.076660156
219.000000000 556.076660156
218.000000000 556.076660156
217.000000000 556.076660156
216.000000000 586.804809570
215.000000000 586.804809570
214.000000000 586.804809570
213.000000000 586.804809570
212.000000000 621.308654785
211.000000000 621.308654785
210.000000000 621.308654785
209.000000000 655.658813477
208.000000000 655.658813477
207.000000000 655.658813477
206.000000000 689.858764648
205.000000000 689.858764648
204.000000000 689.858764648
203.000000000 734.829772949
202.000000000 734.829772949
201.000000000 769.465209961
200.000000000 769.465209961
199.000000000 819.468566895
198.000000000 819.468566895
197.000000000 874.384216309
196.000000000 874.384216309
195.000000000 939.339721680
194.000000000 939.339721680
193.000000000 1023.141784668
192.000000000 1077.901733398
191.000000000 1100.000000000
190.000000000 1100.000000000
