260.000000000 488.680480957
259.000000000 488.680480957
258.000000000 488.680480957
257.000000000 488.680480957
256.000000000 488.680480957
255.000000000 488.680480957
254.000000000 488.680480957
253.000000000 488.680480957
252.000000000 488.680480957
251.000000000 488.680480957
250.000000000 488.680480957
249.000000000 488.680480957
248.000000000 488.680480957
247.000000000 488.680480957
246.000000000 488.680480957
245.000000000 488.680480957
244.000000000 512.567382812
243.000000000 512.567382812
242.000000000 512.567382812
241.000000000 512.567382812
240.000000000 512.567382812
239.000000000 512.567382812
238.000000000 512.567382812
237.000000000 512.567382812
236.000000000 512.567382812
235.000000000 512.567382812
234.000000000 512.567382812
233.000000000 540.325561523
232.000000000 540.325561523
231.000000000 540.325561523
230.000000000 540.325561523
229.000000000 540.325561523
228.000000000 540.325561523
227.000000000 540.325561523
226.000000000 540.325561523
225.000000000 569.696838379
224.000000000 569.696838379
223.000000000 569.696838379
222.000000000 569.696838379
221.000000000 569.696838379
220.000000000 603.966247559
219.000000000 603.966247559
218.000000000 603.966247559
217.000000000 603.966247559
216.000000000 636.353088379
215.000000000 636.353088379
214.000000000 636.353088379
213.000000000 636.353088379
212.000000000 681.375976562
211.000000000 681.375976562
210.000000000 681.375976562
209.000000000 717.317749023
208.000000000 717.317749023
207.000000000 717.317749023
206.000000000 762.556518555
205.000000000 762.556518555
204.000000000 762.556518555
203.000000000 802.067260742
202.000000000 802.067260742
201.000000000 802.067260742
200.000000000 849.010498047
199.000000000 849.010498047
198.000000000 849.010498047
197.000000000 908.890441895
196.000000000 908.890441895
195.000000000 908.890441895
194.000000000 971.483886719
193.000000000 971.483886719
192.000000000 1030.758666992
191.000000000 1030.758666992
190.000000000 1100.000000000
