260.000000000 451.136840820
259.000000000 451.136840820
258.000000000 451.136840820
257.000000000 451.136840820
256.000000000 451.136840820
255.000000000 451.136840820
254.000000000 451.136840820
253.000000000 451.136840820
252.000000000 451.136840820
251.000000000 451.136840820
250.000000000 451.136840820
249.000000000 451.136840820
248.000000000 451.136840820
247.000000000 451.136840820
246.000000000 451.136840820
245.000000000 451.136840820
244.000000000 451.136840820
243.000000000 451.136840820
242.000000000 451.136840820
241.000000000 474.567260742
240.000000000 474.567260742
239.000000000 474.567260742
238.000000000 474.567260742
237.000000000 474.567260742
236.000000000 474.567260742
235.000000000 474.567260742
234.000000000 474.567260742
233.000000000 474.567260742
232.000000000 474.567260742
231.000000000 498.579101562
230.000000000 498.579101562
229.000000000 498.579101562
228.000000000 498.579101562
227.000000000 498.579101562
226.000000000 498.579101562
225.000000000 498.579101562
224.000000000 527.737365723
223.000000000 527.737365723
222.000000000 527.737365723
221.000000000 527.737365723
220.000000000 527.737365723
219.000000000 557.081970215
218.000000000 557.081970215
217.000000000 557.081970215
216.000000000 557.081970215
215.000000000 589.395141602
214.000000000 589.395141602
213.000000000 589.395141602
212.000000000 589.395141602
211.000000000 625.775390625
210.000000000 625.775390625
209.000000000 625.775390625
208.000000000 657.222534180
207.000000000 657.222534180
206.000000000 657.222534180
205.000000000 689.224731445
204.000000000 689.224731445
203.000000000 689.224731445
202.000000000 730.018920898
201.000000000 730.018920898
200.000000000 764.737670898
199.000000000 764.737670898
198.000000000 803.297058105
197.000000000 803.297058105
196.000000000 847.586303711
195.000000000 847.586303711
194.000000000 895.464660645
193.000000000 895.464660645
192.000000000 958.580261230
191.000000000 958.580261230
190.000000000 1046.523559570
