260.000000000 451.136840820
259.000000000 451.136840820
258.000000000 451.136840820
257.000000000 451.136840820
256.000000000 451.136840820
255.000000000 451.136840820
254.000000000 451.136840820
253.000000000 451.136840820
252.000000000 451.136840820
251.000000000 451.136840820
250.000000000 451.136840820
249.000000000 451.136840820
248.000000000 451.136840820
247.000000000 451.136840820
246.000000000 451.136840820
245.000000000 451.136840820
244.000000000 451.136840820
243.000000000 451.136840820
242.000000000 473.630249023
241.000000000 473.630249023
240.000000000 473.630249023
239.000000000 473.630249023
238.000000000 473.630249023
237.000000000 473.630249023
236.000000000 473.630249023
235.000000000 473.630249023
234.000000000 473.630249023
233.000000000 473.630249023
232.000000000 497.146881104
231.000000000 497.146881104
230.000000000 497.146881104
229.000000000 497.146881104
228.000000000 497.146881104
227.000000000 497.146881104
226.000000000 497.146881104
225.000000000 523.677062988
224.000000000 523.677062988
223.000000000 523.677062988
222.000000000 523.677062988
221.000000000 523.677062988
220.000000000 552.310668945
219.000000000 552.310668945
218.000000000 552.310668945
217.000000000 552.310668945
216.000000000 581.132873535
215.000000000 581.132873535
214.000000000 581.132873535
213.000000000 581.132873535
212.000000000 618.738098145
211.000000000 618.738098145
210.000000000 618.738098145
209.000000000 649.735290527
208.000000000 649.735290527
207.000000000 649.735290527
206.000000000 682.930969238
205.000000000 682.930969238
204.000000000 682.930969238
203.000000000 722.031738281
202.000000000 722.031738281
201.000000000 756.018493652
200.000000000 756.018493652
199.000000000 793.584777832
198.000000000 793.584777832
197.000000000 837.330322266
196.000000000 837.330322266
195.000000000 883.473327637
194.000000000 883.473327637
193.000000000 940.944824219
192.000000000 940.944824219
191.000000000 1022.284912109
190.000000000 1075.171142578
