260.000000000 451.136840820
259.000000000 451.136840820
258.000000000 451.136840820
257.000000000 451.136840820
256.000000000 451.136840820
255.000000000 451.136840820
254.000000000 451.136840820
253.000000000 451.136840820
252.000000000 451.136840820
251.000000000 451.136840820
250.000000000 451.136840820
249.000000000 451.136840820
248.000000000 451.136840820
247.000000000 451.136840820
246.000000000 451.136840820
245.000000000 451.136840820
244.000000000 451.136840820
243.000000000 472.554077148
242.000000000 472.554077148
241.000000000 472.554077148
240.000000000 472.554077148
239.000000000 472.554077148
238.000000000 472.554077148
237.000000000 472.554077148
236.000000000 472.554077148
235.000000000 472.554077148
234.000000000 472.554077148
233.000000000 472.554077148
232.000000000 498.029113770
231.000000000 498.029113770
230.000000000 498.029113770
229.000000000 498.029113770
228.000000000 498.029113770
227.000000000 498.029113770
226.000000000 498.029113770
225.000000000 522.751953125
224.000000000 522.751953125
223.000000000 522.751953125
222.000000000 522.751953125
221.000000000 522.751953125
220.000000000 554.084716797
219.000000000 554.084716797
218.000000000 554.084716797
217.000000000 554.084716797
216.000000000 581.284240723
215.000000000 581.284240723
214.000000000 581.284240723
213.000000000 581.284240723
212.000000000 616.952636719
211.000000000 616.952636719
210.000000000 616.952636719
209.000000000 648.056823730
208.000000000 648.056823730
207.000000000 648.056823730
206.000000000 681.502685547
205.000000000 681.502685547
204.000000000 681.502685547
203.000000000 720.603759766
202.000000000 720.603759766
201.000000000 720.603759766
200.000000000 772.018127441
199.000000000 772.018127441
198.000000000 813.349243164
197.000000000 813.349243164
196.000000000 858.160278320
195.000000000 858.160278320
194.000000000 909.977600098
193.000000000 909.977600098
192.000000000 975.555725098
191.000000000 1022.736389160
190.000000000 1072.541503906
