260.000000000 488.680480957
259.000000000 488.680480957
258.000000000 488.680480957
257.000000000 488.680480957
256.000000000 488.680480957
255.000000000 488.680480957
254.000000000 488.680480957
253.000000000 488.680480957
252.000000000 488.680480957
251.000000000 488.680480957
250.000000000 488.680480957
249.000000000 488.680480957
248.000000000 488.680480957
247.000000000 488.680480957
246.000000000 488.680480957
245.000000000 488.680480957
244.000000000 488.680480957
243.000000000 514.284179688
242.000000000 514.284179688
241.000000000 514.284179688
240.000000000 514.284179688
239.000000000 514.284179688
238.000000000 514.284179688
237.000000000 514.284179688
236.000000000 514.284179688
235.000000000 514.284179688
234.000000000 514.284179688
233.000000000 514.284179688
232.000000000 541.061645508
231.000000000 541.061645508
230.000000000 541.061645508
229.000000000 541.061645508
228.000000000 541.061645508
227.000000000 541.061645508
226.000000000 568.713562012
225.000000000 568.713562012
224.000000000 568.713562012
223.000000000 568.713562012
222.000000000 568.713562012
221.000000000 599.276916504
220.000000000 599.276916504
219.000000000 599.276916504
218.000000000 599.276916504
217.000000000 632.119873047
216.000000000 632.119873047
215.000000000 632.119873047
214.000000000 632.119873047
213.000000000 671.819763184
212.000000000 671.819763184
211.000000000 671.819763184
210.000000000 710.564331055
209.000000000 710.564331055
208.000000000 710.564331055
207.000000000 756.088500977
206.000000000 756.088500977
205.000000000 756.088500977
204.000000000 801.041381836
203.000000000 801.041381836
202.000000000 801.041381836
201.000000000 854.480407715
200.000000000 854.480407715
199.000000000 900.015441895
198.000000000 900.015441895
197.000000000 948.113586426
196.000000000 948.113586426
195.000000000 999.391845703
194.000000000 999.391845703
193.000000000 1076.096191406
192.000000000 1076.096191406
191.000000000 1100.000000000
190.000000000 1100.000000000
