260.000000000 451.136840820
259.000000000 451.136840820
258.000000000 451.136840820
257.000000000 451.136840820
256.000000000 451.136840820
255.000000000 451.136840820
254.000000000 451.136840820
253.000000000 451.136840820
252.000000000 451.136840820
251.000000000 451.136840820
250.000000000 451.136840820
249.000000000 451.136840820
248.000000000 451.136840820
247.000000000 451.136840820
246.000000000 451.136840820
245.000000000 451.136840820
244.000000000 451.136840820
243.000000000 451.136840820
242.000000000 451.136840820
241.000000000 451.136840820
240.000000000 451.136840820
239.000000000 474.468688965
238.000000000 474.468688965
237.000000000 474.468688965
236.000000000 474.468688965
235.000000000 474.468688965
234.000000000 474.468688965
233.000000000 474.468688965
232.000000000 474.468688965
231.000000000 474.468688965
230.000000000 474.468688965
229.000000000 501.043731689
228.000000000 501.043731689
227.000000000 501.043731689
226.000000000 501.043731689
225.000000000 501.043731689
224.000000000 501.043731689
223.000000000 526.811950684
222.000000000 526.811950684
221.000000000 526.811950684
220.000000000 526.811950684
219.000000000 553.004882812
218.000000000 553.004882812
217.000000000 553.004882812
216.000000000 553.004882812
215.000000000 583.102661133
214.000000000 583.102661133
213.000000000 583.102661133
212.000000000 583.102661133
211.000000000 617.514709473
210.000000000 617.514709473
209.000000000 617.514709473
208.000000000 646.625061035
207.000000000 646.625061035
206.000000000 646.625061035
205.000000000 678.189208984
204.000000000 678.189208984
203.000000000 678.189208984
202.000000000 712.768432617
201.000000000 712.768432617
200.000000000 712.768432617
199.000000000 757.479492188
198.000000000 757.479492188
197.000000000 757.479492188
196.000000000 803.030212402
195.000000000 803.030212402
194.000000000 803.030212402
193.000000000 851.262329102
192.000000000 851.262329102
191.000000000 891.589965820
190.000000000 891.589965820
