260.000000000 451.136840820
259.000000000 451.136840820
258.000000000 451.136840820
257.000000000 451.136840820
256.000000000 451.136840820
255.000000000 451.136840820
254.000000000 451.136840820
253.000000000 451.136840820
252.000000000 451.136840820
251.000000000 451.136840820
250.000000000 451.136840820
249.000000000 451.136840820
248.000000000 451.136840820
247.000000000 451.136840820
246.000000000 451.136840820
245.000000000 451.136840820
244.000000000 451.136840820
243.000000000 474.239410400
242.000000000 474.239410400
241.000000000 474.239410400
240.000000000 474.239410400
239.000000000 474.239410400
238.000000000 474.239410400
237.000000000 474.239410400
236.000000000 474.239410400
235.000000000 474.239410400
234.000000000 474.239410400
233.000000000 474.239410400
232.000000000 498.893188477
231.000000000 498.893188477
230.000000000 498.893188477
229.000000000 498.893188477
228.000000000 498.893188477
227.000000000 498.893188477
226.000000000 498.893188477
225.000000000 525.791931152
224.000000000 525.791931152
223.000000000 525.791931152
222.000000000 525.791931152
221.000000000 551.936340332
220.000000000 551.936340332
219.000000000 551.936340332
218.000000000 551.936340332
217.000000000 578.405212402
216.000000000 578.405212402
215.000000000 578.405212402
214.000000000 578.405212402
213.000000000 610.847656250
212.000000000 610.847656250
211.000000000 610.847656250
210.000000000 642.049438477
209.000000000 642.049438477
208.000000000 642.049438477
207.000000000 677.437377930
206.000000000 677.437377930
205.000000000 677.437377930
204.000000000 717.380004883
203.000000000 717.380004883
202.000000000 750.935119629
201.000000000 750.935119629
200.000000000 792.393249512
199.000000000 792.393249512
198.000000000 843.728637695
197.000000000 843.728637695
196.000000000 905.496948242
195.000000000 905.496948242
194.000000000 976.852600098
193.000000000 1024.760620117
192.000000000 1074.563232422
191.000000000 1100.000000000
190.000000000 1100.000000000
