260.000000000 488.680480957
259.000000000 488.680480957
258.000000000 488.680480957
257.000000000 488.680480957
256.000000000 488.680480957
255.000000000 488.680480957
254.000000000 488.680480957
253.000000000 488.680480957
252.000000000 488.680480957
251.000000000 488.680480957
250.000000000 488.680480957
249.000000000 488.680480957
248.000000000 488.680480957
247.000000000 488.680480957
246.000000000 488.680480957
245.000000000 488.680480957
244.000000000 488.680480957
243.000000000 512.281860352
242.000000000 512.281860352
241.000000000 512.281860352
240.000000000 512.281860352
239.000000000 512.281860352
238.000000000 512.281860352
237.000000000 512.281860352
236.000000000 512.281860352
235.000000000 512.281860352
234.000000000 512.281860352
233.000000000 512.281860352
232.000000000 541.823120117
231.000000000 541.823120117
230.000000000 541.823120117
229.000000000 541.823120117
228.000000000 541.823120117
227.000000000 541.823120117
226.000000000 541.823120117
225.000000000 541.823120117
224.000000000 573.870056152
223.000000000 573.870056152
222.000000000 573.870056152
221.000000000 573.870056152
220.000000000 573.870056152
219.000000000 609.663696289
218.000000000 609.663696289
217.000000000 609.663696289
216.000000000 609.663696289
215.000000000 643.150207520
214.000000000 643.150207520
213.000000000 643.150207520
212.000000000 674.915466309
211.000000000 674.915466309
210.000000000 674.915466309
209.000000000 716.583496094
208.000000000 716.583496094
207.000000000 716.583496094
206.000000000 753.441467285
205.000000000 753.441467285
204.000000000 753.441467285
203.000000000 797.625061035
202.000000000 797.625061035
201.000000000 797.625061035
200.000000000 839.465637207
199.000000000 839.465637207
198.000000000 839.465637207
197.000000000 880.973937988
196.000000000 880.973937988
195.000000000 880.973937988
194.000000000 934.819946289
193.000000000 934.819946289
192.000000000 934.819946289
191.000000000 1004.929748535
190.000000000 1004.929748535
