260.000000000 488.680480957
259.000000000 488.680480957
258.000000000 488.680480957
257.000000000 488.680480957
256.000000000 488.680480957
255.000000000 488.680480957
254.000000000 488.680480957
253.000000000 488.680480957
252.000000000 488.680480957
251.000000000 488.680480957
250.000000000 488.680480957
249.000000000 488.680480957
248.000000000 488.680480957
247.000000000 488.680480957
246.000000000 488.680480957
245.000000000 488.680480957
244.000000000 512.552917480
243.000000000 512.552917480
242.000000000 512.552917480
241.000000000 512.552917480
240.000000000 512.552917480
239.000000000 512.552917480
238.000000000 512.552917480
237.000000000 512.552917480
236.000000000 512.552917480
235.000000000 512.552917480
234.000000000 537.358337402
233.000000000 537.358337402
232.000000000 537.358337402
231.000000000 537.358337402
230.000000000 537.358337402
229.000000000 537.358337402
228.000000000 537.358337402
227.000000000 537.358337402
226.000000000 568.674438477
225.000000000 568.674438477
224.000000000 568.674438477
223.000000000 568.674438477
222.000000000 568.674438477
221.000000000 599.106201172
220.000000000 599.106201172
219.000000000 599.106201172
218.000000000 599.106201172
217.000000000 630.866027832
216.000000000 630.866027832
215.000000000 630.866027832
214.000000000 630.866027832
213.000000000 672.190429688
212.000000000 672.190429688
211.000000000 672.190429688
210.000000000 711.081848145
209.000000000 711.081848145
208.000000000 711.081848145
207.000000000 756.054626465
206.000000000 756.054626465
205.000000000 756.054626465
204.000000000 800.826049805
203.000000000 800.826049805
202.000000000 800.826049805
201.000000000 854.799255371
200.000000000 854.799255371
199.000000000 900.482238770
198.000000000 900.482238770
197.000000000 953.198303223
196.000000000 953.198303223
195.000000000 1014.676147461
194.000000000 1014.676147461
193.000000000 1091.194213867
192.000000000 1100.000000000
191.000000000 1100.000000000
190.000000000 1100.000000000
