260.000000000 488.680480957
259.000000000 488.680480957
258.000000000 488.680480957
257.000000000 488.680480957
256.000000000 488.680480957
255.000000000 488.680480957
254.000000000 488.680480957
253.000000000 488.680480957
252.000000000 488.680480957
251.000000000 488.680480957
250.000000000 488.680480957
249.000000000 488.680480957
248.000000000 488.680480957
247.000000000 488.680480957
246.000000000 488.680480957
245.000000000 488.680480957
244.000000000 488.680480957
243.000000000 513.657104492
242.000000000 513.657104492
241.000000000 513.657104492
240.000000000 513.657104492
239.000000000 513.657104492
238.000000000 513.657104492
237.000000000 513.657104492
236.000000000 513.657104492
235.000000000 513.657104492
234.000000000 513.657104492
233.000000000 540.037109375
232.000000000 540.037109375
231.000000000 540.037109375
230.000000000 540.037109375
229.000000000 540.037109375
228.000000000 540.037109375
227.000000000 540.037109375
226.000000000 566.940612793
225.000000000 566.940612793
224.000000000 566.940612793
223.000000000 566.940612793
222.000000000 566.940612793
221.000000000 597.443603516
220.000000000 597.443603516
219.000000000 597.443603516
218.000000000 597.443603516
217.000000000 632.173461914
216.000000000 632.173461914
215.000000000 632.173461914
214.000000000 632.173461914
213.000000000 671.927246094
212.000000000 671.927246094
211.000000000 671.927246094
210.000000000 711.412109375
209.000000000 711.412109375
208.000000000 711.412109375
207.000000000 754.194458008
206.000000000 754.194458008
205.000000000 754.194458008
204.000000000 803.840148926
203.000000000 803.840148926
202.000000000 803.840148926
201.000000000 853.317016602
200.000000000 853.317016602
199.000000000 895.434143066
198.000000000 895.434143066
197.000000000 939.541137695
196.000000000 939.541137695
195.000000000 996.013671875
194.000000000 996.013671875
193.000000000 1059.627563477
192.000000000 1100.000000000
191.000000000 1100.000000000
190.000000000 1100.000000000
