260.000000000 451.136840820
259.000000000 451.136840820
258.000000000 451.136840820
257.000000000 451.136840820
256.000000000 451.136840820
255.000000000 451.136840820
254.000000000 451.136840820
253.000000000 451.136840820
252.000000000 451.136840820
251.000000000 451.136840820
250.000000000 451.136840820
249.000000000 451.136840820
248.000000000 451.136840820
247.000000000 451.136840820
246.000000000 451.136840820
245.000000000 451.136840820
244.000000000 451.136840820
243.000000000 451.136840820
242.000000000 451.136840820
241.000000000 451.136840820
240.000000000 473.494232178
239.000000000 473.494232178
238.000000000 473.494232178
237.000000000 473.494232178
236.000000000 473.494232178
235.000000000 473.494232178
234.000000000 473.494232178
233.000000000 473.494232178
232.000000000 473.494232178
231.000000000 473.494232178
230.000000000 497.317504883
229.000000000 497.317504883
228.000000000 497.317504883
227.000000000 497.317504883
226.000000000 497.317504883
225.000000000 497.317504883
224.000000000 523.636047363
223.000000000 523.636047363
222.000000000 523.636047363
221.000000000 523.636047363
220.000000000 523.636047363
219.000000000 553.173217773
218.000000000 553.173217773
217.000000000 553.173217773
216.000000000 553.173217773
215.000000000 581.788269043
214.000000000 581.788269043
213.000000000 581.788269043
212.000000000 610.468505859
211.000000000 610.468505859
210.000000000 610.468505859
209.000000000 639.977172852
208.000000000 639.977172852
207.000000000 639.977172852
206.000000000 639.977172852
205.000000000 677.509521484
204.000000000 677.509521484
203.000000000 677.509521484
202.000000000 714.098876953
201.000000000 714.098876953
200.000000000 714.098876953
199.000000000 762.265686035
198.000000000 762.265686035
197.000000000 762.265686035
196.000000000 810.085632324
195.000000000 810.085632324
194.000000000 849.259887695
193.000000000 849.259887695
192.000000000 892.667724609
191.000000000 892.667724609
190.000000000 956.514526367
