260.000000000 451.136840820
259.000000000 451.136840820
258.000000000 451.136840820
257.000000000 451.136840820
256.000000000 451.136840820
255.000000000 451.136840820
254.000000000 451.136840820
253.000000000 451.136840820
252.000000000 451.136840820
251.000000000 451.136840820
250.000000000 451.136840820
249.000000000 451.136840820
248.000000000 451.136840820
247.000000000 451.136840820
246.000000000 451.136840820
245.000000000 451.136840820
244.000000000 451.136840820
243.000000000 472.502014160
242.000000000 472.502014160
241.000000000 472.502014160
240.000000000 472.502014160
239.000000000 472.502014160
238.000000000 472.502014160
237.000000000 472.502014160
236.000000000 472.502014160
235.000000000 472.502014160
234.000000000 472.502014160
233.000000000 494.972015381
232.000000000 494.972015381
231.000000000 494.972015381
230.000000000 494.972015381
229.000000000 494.972015381
228.000000000 494.972015381
227.000000000 494.972015381
226.000000000 519.075561523
225.000000000 519.075561523
224.000000000 519.075561523
223.000000000 519.075561523
222.000000000 519.075561523
221.000000000 546.789489746
220.000000000 546.789489746
219.000000000 546.789489746
218.000000000 546.789489746
217.000000000 575.879943848
216.000000000 575.879943848
215.000000000 575.879943848
214.000000000 575.879943848
213.000000000 609.036926270
212.000000000 609.036926270
211.000000000 609.036926270
210.000000000 641.113525391
209.000000000 641.113525391
208.000000000 641.113525391
207.000000000 672.171936035
206.000000000 672.171936035
205.000000000 672.171936035
204.000000000 711.832641602
203.000000000 711.832641602
202.000000000 711.832641602
201.000000000 759.387634277
200.000000000 759.387634277
199.000000000 800.229492188
198.000000000 800.229492188
197.000000000 846.280700684
196.000000000 846.280700684
195.000000000 901.618347168
194.000000000 901.618347168
193.000000000 965.070129395
192.000000000 965.070129395
191.000000000 1056.172851562
190.000000000 1100.000000000
