260.000000000 451.136840820
259.000000000 451.136840820
258.000000000 451.136840820
257.000000000 451.136840820
256.000000000 451.136840820
255.000000000 451.136840820
254.000000000 451.136840820
253.000000000 451.136840820
252.000000000 451.136840820
251.000000000 451.136840820
250.000000000 451.136840820
249.000000000 451.136840820
248.000000000 451.136840820
247.000000000 451.136840820
246.000000000 451.136840820
245.000000000 451.136840820
244.000000000 451.136840820
243.000000000 451.136840820
242.000000000 451.136840820
241.000000000 451.136840820
240.000000000 475.242187500
239.000000000 475.242187500
238.000000000 475.242187500
237.000000000 475.242187500
236.000000000 475.242187500
235.000000000 475.242187500
234.000000000 475.242187500
233.000000000 475.242187500
232.000000000 475.242187500
231.000000000 497.874114990
230.000000000 497.874114990
229.000000000 497.874114990
228.000000000 497.874114990
227.000000000 497.874114990
226.000000000 497.874114990
225.000000000 497.874114990
224.000000000 523.797851562
223.000000000 523.797851562
222.000000000 523.797851562
221.000000000 523.797851562
220.000000000 549.346374512
219.000000000 549.346374512
218.000000000 549.346374512
217.000000000 549.346374512
216.000000000 577.172058105
215.000000000 577.172058105
214.000000000 577.172058105
213.000000000 577.172058105
212.000000000 611.558105469
211.000000000 611.558105469
210.000000000 611.558105469
209.000000000 643.607238770
208.000000000 643.607238770
207.000000000 643.607238770
206.000000000 673.951416016
205.000000000 673.951416016
204.000000000 673.951416016
203.000000000 710.288879395
202.000000000 710.288879395
201.000000000 710.288879395
200.000000000 754.284362793
199.000000000 754.284362793
198.000000000 791.692138672
197.000000000 791.692138672
196.000000000 830.699218750
195.000000000 830.699218750
194.000000000 872.970153809
193.000000000 872.970153809
192.000000000 929.144897461
191.000000000 929.144897461
190.000000000 1006.647155762
