260.000000000 451.136840820
259.000000000 451.136840820
258.000000000 451.136840820
257.000000000 451.136840820
256.000000000 451.136840820
255.000000000 451.136840820
254.000000000 451.136840820
253.000000000 451.136840820
252.000000000 451.136840820
251.000000000 451.136840820
250.000000000 451.136840820
249.000000000 451.136840820
248.000000000 451.136840820
247.000000000 451.136840820
246.000000000 451.136840820
245.000000000 451.136840820
244.000000000 451.136840820
243.000000000 472.351684570
242.000000000 472.351684570
241.000000000 472.351684570
240.000000000 472.351684570
239.000000000 472.351684570
238.000000000 472.351684570
237.000000000 472.351684570
236.000000000 472.351684570
235.000000000 472.351684570
234.000000000 472.351684570
233.000000000 494.812591553
232.000000000 494.812591553
231.000000000 494.812591553
230.000000000 494.812591553
229.000000000 494.812591553
228.000000000 494.812591553
227.000000000 494.812591553
226.000000000 521.394409180
225.000000000 521.394409180
224.000000000 521.394409180
223.000000000 521.394409180
222.000000000 521.394409180
221.000000000 548.758483887
220.000000000 548.758483887
219.000000000 548.758483887
218.000000000 548.758483887
217.000000000 577.515747070
216.000000000 577.515747070
215.000000000 577.515747070
214.000000000 577.515747070
213.000000000 611.280273438
212.000000000 611.280273438
211.000000000 611.280273438
210.000000000 641.513732910
209.000000000 641.513732910
208.000000000 641.513732910
207.000000000 675.515014648
206.000000000 675.515014648
205.000000000 675.515014648
204.000000000 713.583801270
203.000000000 713.583801270
202.000000000 713.583801270
201.000000000 763.339477539
200.000000000 763.339477539
199.000000000 808.929931641
198.000000000 808.929931641
197.000000000 859.846679688
196.000000000 859.846679688
195.000000000 917.822143555
194.000000000 917.822143555
193.000000000 992.891174316
192.000000000 1040.685180664
191.000000000 1095.824829102
190.000000000 1100.000000000
