260.000000000 451.136840820
259.000000000 451.136840820
258.000000000 451.136840820
257.000000000 451.136840820
256.000000000 451.136840820
255.000000000 451.136840820
254.000000000 451.136840820
253.000000000 451.136840820
252.000000000 451.136840820
251.000000000 451.136840820
250.000000000 451.136840820
249.000000000 451.136840820
248.000000000 451.136840820
247.000000000 451.136840820
246.000000000 451.136840820
245.000000000 451.136840820
244.000000000 472.682312012
243.000000000 472.682312012
242.000000000 472.682312012
241.000000000 472.682312012
240.000000000 472.682312012
239.000000000 472.682312012
238.000000000 472.682312012
237.000000000 472.682312012
236.000000000 472.682312012
235.000000000 472.682312012
234.000000000 472.682312012
233.000000000 495.073577881
232.000000000 495.073577881
231.000000000 495.073577881
230.000000000 495.073577881
229.000000000 495.073577881
228.000000000 495.073577881
227.000000000 495.073577881
226.000000000 521.180175781
225.000000000 521.180175781
224.000000000 521.180175781
223.000000000 521.180175781
222.000000000 521.180175781
221.000000000 548.728271484
220.000000000 548.728271484
219.000000000 548.728271484
218.000000000 548.728271484
217.000000000 578.872558594
216.000000000 578.872558594
215.000000000 578.872558594
214.000000000 578.872558594
213.000000000 611.098693848
212.000000000 611.098693848
211.000000000 611.098693848
210.000000000 642.062500000
209.000000000 642.062500000
208.000000000 642.062500000
207.000000000 676.189086914
206.000000000 676.189086914
205.000000000 676.189086914
204.000000000 715.835144043
203.000000000 715.835144043
202.000000000 715.835144043
201.000000000 763.808715820
200.000000000 763.808715820
199.000000000 811.455261230
198.000000000 811.455261230
197.000000000 860.717773438
196.000000000 860.717773438
195.000000000 920.811340332
194.000000000 920.811340332
193.000000000 991.806579590
192.000000000 1044.098632812
191.000000000 1096.790161133
190.000000000 1100.000000000
