260.000000000 451.136840820
259.000000000 451.136840820
258.000000000 451.136840820
257.000000000 451.136840820
256.000000000 451.136840820
255.000000000 451.136840820
254.000000000 451.136840820
253.000000000 451.136840820
252.000000000 451.136840820
251.000000000 451.136840820
250.000000000 451.136840820
249.000000000 451.136840820
248.000000000 451.136840820
247.000000000 451.136840820
246.000000000 451.136840820
245.000000000 451.136840820
244.000000000 451.136840820
243.000000000 451.136840820
242.000000000 451.136840820
241.000000000 451.136840820
240.000000000 451.136840820
239.000000000 474.623382568
238.000000000 474.623382568
237.000000000 474.623382568
236.000000000 474.623382568
235.000000000 474.623382568
234.000000000 474.623382568
233.000000000 474.623382568
232.000000000 474.623382568
231.000000000 474.623382568
230.000000000 474.623382568
229.000000000 499.780914307
228.000000000 499.780914307
227.000000000 499.780914307
226.000000000 499.780914307
225.000000000 499.780914307
224.000000000 499.780914307
223.000000000 526.978881836
222.000000000 526.978881836
221.000000000 526.978881836
220.000000000 526.978881836
219.000000000 551.982360840
218.000000000 551.982360840
217.000000000 551.982360840
216.000000000 551.982360840
215.000000000 582.496215820
214.000000000 582.496215820
213.000000000 582.496215820
212.000000000 610.117919922
211.000000000 610.117919922
210.000000000 610.117919922
209.000000000 610.117919922
208.000000000 647.631103516
207.000000000 647.631103516
206.000000000 647.631103516
205.000000000 677.990356445
204.000000000 677.990356445
203.000000000 677.990356445
202.000000000 711.680541992
201.000000000 711.680541992
200.000000000 711.680541992
199.000000000 760.228881836
198.000000000 760.228881836
197.000000000 760.228881836
196.000000000 806.557861328
195.000000000 806.557861328
194.000000000 806.557861328
193.000000000 859.603759766
192.000000000 859.603759766
191.000000000 911.092773438
190.000000000 911.092773438
