260.000000000 451.136840820
259.000000000 451.136840820
258.000000000 451.136840820
257.000000000 451.136840820
256.000000000 451.136840820
255.000000000 451.136840820
254.000000000 451.136840820
253.000000000 451.136840820
252.000000000 451.136840820
251.000000000 451.136840820
250.000000000 451.136840820
249.000000000 451.136840820
248.000000000 451.136840820
247.000000000 451.136840820
246.000000000 451.136840820
245.000000000 451.136840820
244.000000000 451.136840820
243.000000000 451.136840820
242.000000000 451.136840820
241.000000000 451.136840820
240.000000000 473.297393799
239.000000000 473.297393799
238.000000000 473.297393799
237.000000000 473.297393799
236.000000000 473.297393799
235.000000000 473.297393799
234.000000000 473.297393799
233.000000000 473.297393799
232.000000000 473.297393799
231.000000000 473.297393799
230.000000000 497.980224609
229.000000000 497.980224609
228.000000000 497.980224609
227.000000000 497.980224609
226.000000000 497.980224609
225.000000000 497.980224609
224.000000000 523.560119629
223.000000000 523.560119629
222.000000000 523.560119629
221.000000000 523.560119629
220.000000000 549.470825195
219.000000000 549.470825195
218.000000000 549.470825195
217.000000000 549.470825195
216.000000000 577.384765625
215.000000000 577.384765625
214.000000000 577.384765625
213.000000000 577.384765625
212.000000000 612.600036621
211.000000000 612.600036621
210.000000000 612.600036621
209.000000000 642.260620117
208.000000000 642.260620117
207.000000000 642.260620117
206.000000000 642.260620117
205.000000000 682.858642578
204.000000000 682.858642578
203.000000000 682.858642578
202.000000000 716.983764648
201.000000000 716.983764648
200.000000000 716.983764648
199.000000000 766.540954590
198.000000000 766.540954590
197.000000000 803.752929688
196.000000000 803.752929688
195.000000000 842.571166992
194.000000000 842.571166992
193.000000000 885.849304199
192.000000000 885.849304199
191.000000000 947.042114258
190.000000000 947.042114258
