260.000000000 451.136840820
259.000000000 451.136840820
258.000000000 451.136840820
257.000000000 451.136840820
256.000000000 451.136840820
255.000000000 451.136840820
254.000000000 451.136840820
253.000000000 451.136840820
252.000000000 451.136840820
251.000000000 451.136840820
250.000000000 451.136840820
249.000000000 451.136840820
248.000000000 451.136840820
247.000000000 451.136840820
246.000000000 451.136840820
245.000000000 451.136840820
244.000000000 451.136840820
243.000000000 451.136840820
242.000000000 451.136840820
241.000000000 451.136840820
240.000000000 451.136840820
239.000000000 472.653656006
238.000000000 472.653656006
237.000000000 472.653656006
236.000000000 472.653656006
235.000000000 472.653656006
234.000000000 472.653656006
233.000000000 472.653656006
232.000000000 472.653656006
231.000000000 494.926727295
230.000000000 494.926727295
229.000000000 494.926727295
228.000000000 494.926727295
227.000000000 494.926727295
226.000000000 494.926727295
225.000000000 494.926727295
224.000000000 522.131408691
223.000000000 522.131408691
222.000000000 522.131408691
221.000000000 522.131408691
220.000000000 547.284240723
219.000000000 547.284240723
218.000000000 547.284240723
217.000000000 547.284240723
216.000000000 574.697753906
215.000000000 574.697753906
214.000000000 574.697753906
213.000000000 574.697753906
212.000000000 608.857849121
211.000000000 608.857849121
210.000000000 608.857849121
209.000000000 608.857849121
208.000000000 647.959655762
207.000000000 647.959655762
206.000000000 647.959655762
205.000000000 679.207824707
204.000000000 679.207824707
203.000000000 679.207824707
202.000000000 711.302673340
201.000000000 711.302673340
200.000000000 711.302673340
199.000000000 757.557617188
198.000000000 757.557617188
197.000000000 757.557617188
196.000000000 803.570678711
195.000000000 803.570678711
194.000000000 803.570678711
193.000000000 855.904724121
192.000000000 855.904724121
191.000000000 900.930175781
190.000000000 900.930175781
