260.000000000 488.680480957
259.000000000 488.680480957
258.000000000 488.680480957
257.000000000 488.680480957
256.000000000 488.680480957
255.000000000 488.680480957
254.000000000 488.680480957
253.000000000 488.680480957
252.000000000 488.680480957
251.000000000 488.680480957
250.000000000 488.680480957
249.000000000 488.680480957
248.000000000 488.680480957
247.000000000 488.680480957
246.000000000 488.680480957
245.000000000 488.680480957
244.000000000 488.680480957
243.000000000 488.680480957
242.000000000 488.680480957
241.000000000 516.165832520
240.000000000 516.165832520
239.000000000 516.165832520
238.000000000 516.165832520
237.000000000 516.165832520
236.000000000 516.165832520
235.000000000 516.165832520
234.000000000 516.165832520
233.000000000 516.165832520
232.000000000 516.165832520
231.000000000 543.790039062
230.000000000 543.790039062
229.000000000 543.790039062
228.000000000 543.790039062
227.000000000 543.790039062
226.000000000 543.790039062
225.000000000 543.790039062
224.000000000 571.506225586
223.000000000 571.506225586
222.000000000 571.506225586
221.000000000 571.506225586
220.000000000 602.734252930
219.000000000 602.734252930
218.000000000 602.734252930
217.000000000 602.734252930
216.000000000 632.560791016
215.000000000 632.560791016
214.000000000 632.560791016
213.000000000 632.560791016
212.000000000 673.642822266
211.000000000 673.642822266
210.000000000 673.642822266
209.000000000 714.518615723
208.000000000 714.518615723
207.000000000 714.518615723
206.000000000 755.281311035
205.000000000 755.281311035
204.000000000 755.281311035
203.000000000 793.476257324
202.000000000 793.476257324
201.000000000 793.476257324
200.000000000 835.353515625
199.000000000 835.353515625
198.000000000 835.353515625
197.000000000 876.927734375
196.000000000 876.927734375
195.000000000 876.927734375
194.000000000 919.401855469
193.000000000 919.401855469
192.000000000 919.401855469
191.000000000 982.685974121
190.000000000 982.685974121
