260.000000000 488.680480957
259.000000000 488.680480957
258.000000000 488.680480957
257.000000000 488.680480957
256.000000000 488.680480957
255.000000000 488.680480957
254.000000000 488.680480957
253.000000000 488.680480957
252.000000000 488.680480957
251.000000000 488.680480957
250.000000000 488.680480957
249.000000000 488.680480957
248.000000000 488.680480957
247.000000000 488.680480957
246.000000000 488.680480957
245.000000000 488.680480957
244.000000000 488.680480957
243.000000000 512.516357422
242.000000000 512.516357422
241.000000000 512.516357422
240.000000000 512.516357422
239.000000000 512.516357422
238.000000000 512.516357422
237.000000000 512.516357422
236.000000000 512.516357422
235.000000000 512.516357422
234.000000000 512.516357422
233.000000000 537.261352539
232.000000000 537.261352539
231.000000000 537.261352539
230.000000000 537.261352539
229.000000000 537.261352539
228.000000000 537.261352539
227.000000000 537.261352539
226.000000000 537.261352539
225.000000000 569.265380859
224.000000000 569.265380859
223.000000000 569.265380859
222.000000000 569.265380859
221.000000000 569.265380859
220.000000000 603.302917480
219.000000000 603.302917480
218.000000000 603.302917480
217.000000000 603.302917480
216.000000000 633.616577148
215.000000000 633.616577148
214.000000000 633.616577148
213.000000000 633.616577148
212.000000000 675.626586914
211.000000000 675.626586914
210.000000000 675.626586914
209.000000000 714.036682129
208.000000000 714.036682129
207.000000000 714.036682129
206.000000000 756.295654297
205.000000000 756.295654297
204.000000000 756.295654297
203.000000000 794.102355957
202.000000000 794.102355957
201.000000000 794.102355957
200.000000000 835.082946777
199.000000000 835.082946777
198.000000000 835.082946777
197.000000000 835.082946777
196.000000000 886.822814941
195.000000000 886.822814941
194.000000000 886.822814941
193.000000000 936.914550781
192.000000000 936.914550781
191.000000000 936.914550781
190.000000000 1008.555908203
