260.000000000 488.680480957
259.000000000 488.680480957
258.000000000 488.680480957
257.000000000 488.680480957
256.000000000 488.680480957
255.000000000 488.680480957
254.000000000 488.680480957
253.000000000 488.680480957
252.000000000 488.680480957
251.000000000 488.680480957
250.000000000 488.680480957
249.000000000 488.680480957
248.000000000 488.680480957
247.000000000 488.680480957
246.000000000 488.680480957
245.000000000 488.680480957
244.000000000 488.680480957
243.000000000 513.790405273
242.000000000 513.790405273
241.000000000 513.790405273
240.000000000 513.790405273
239.000000000 513.790405273
238.000000000 513.790405273
237.000000000 513.790405273
236.000000000 513.790405273
235.000000000 513.790405273
234.000000000 513.790405273
233.000000000 513.790405273
232.000000000 540.573974609
231.000000000 540.573974609
230.000000000 540.573974609
229.000000000 540.573974609
228.000000000 540.573974609
227.000000000 540.573974609
226.000000000 540.573974609
225.000000000 570.795227051
224.000000000 570.795227051
223.000000000 570.795227051
222.000000000 570.795227051
221.000000000 570.795227051
220.000000000 601.003784180
219.000000000 601.003784180
218.000000000 601.003784180
217.000000000 601.003784180
216.000000000 634.635498047
215.000000000 634.635498047
214.000000000 634.635498047
213.000000000 666.491394043
212.000000000 666.491394043
211.000000000 666.491394043
210.000000000 700.448242188
209.000000000 700.448242188
208.000000000 700.448242188
207.000000000 741.913452148
206.000000000 741.913452148
205.000000000 741.913452148
204.000000000 783.070129395
203.000000000 783.070129395
202.000000000 783.070129395
201.000000000 824.417358398
200.000000000 824.417358398
199.000000000 824.417358398
198.000000000 873.570800781
197.000000000 873.570800781
196.000000000 873.570800781
195.000000000 919.704467773
194.000000000 919.704467773
193.000000000 919.704467773
192.000000000 988.162109375
191.000000000 988.162109375
190.000000000 1062.945312500
