260.000000000 451.136840820
259.000000000 451.136840820
258.000000000 451.136840820
257.000000000 451.136840820
256.000000000 451.136840820
255.000000000 451.136840820
254.000000000 451.136840820
253.000000000 451.136840820
252.000000000 451.136840820
251.000000000 451.136840820
250.000000000 451.136840820
249.000000000 451.136840820
248.000000000 451.136840820
247.000000000 451.136840820
246.000000000 451.136840820
245.000000000 451.136840820
244.000000000 451.136840820
243.000000000 451.136840820
242.000000000 451.136840820
241.000000000 451.136840820
240.000000000 451.136840820
239.000000000 472.569702148
238.000000000 472.569702148
237.000000000 472.569702148
236.000000000 472.569702148
235.000000000 472.569702148
234.000000000 472.569702148
233.000000000 472.569702148
232.000000000 472.569702148
231.000000000 472.569702148
230.000000000 496.566619873
229.000000000 496.566619873
228.000000000 496.566619873
227.000000000 496.566619873
226.000000000 496.566619873
225.000000000 496.566619873
224.000000000 520.365356445
223.000000000 520.365356445
222.000000000 520.365356445
221.000000000 520.365356445
220.000000000 547.196105957
219.000000000 547.196105957
218.000000000 547.196105957
217.000000000 547.196105957
216.000000000 573.871887207
215.000000000 573.871887207
214.000000000 573.871887207
213.000000000 573.871887207
212.000000000 607.747680664
211.000000000 607.747680664
210.000000000 607.747680664
209.000000000 638.887329102
208.000000000 638.887329102
207.000000000 638.887329102
206.000000000 638.887329102
205.000000000 677.747680664
204.000000000 677.747680664
203.000000000 677.747680664
202.000000000 712.618652344
201.000000000 712.618652344
200.000000000 712.618652344
199.000000000 756.715332031
198.000000000 756.715332031
197.000000000 756.715332031
196.000000000 803.090881348
195.000000000 803.090881348
194.000000000 803.090881348
193.000000000 852.919433594
192.000000000 852.919433594
191.000000000 893.634460449
190.000000000 893.634460449
