260.000000000 488.680480957
259.000000000 488.680480957
258.000000000 488.680480957
257.000000000 488.680480957
256.000000000 488.680480957
255.000000000 488.680480957
254.000000000 488.680480957
253.000000000 488.680480957
252.000000000 488.680480957
251.000000000 488.680480957
250.000000000 488.680480957
249.000000000 488.680480957
248.000000000 488.680480957
247.000000000 488.680480957
246.000000000 488.680480957
245.000000000 488.680480957
244.000000000 488.680480957
243.000000000 514.707824707
242.000000000 514.707824707
241.000000000 514.707824707
240.000000000 514.707824707
239.000000000 514.707824707
238.000000000 514.707824707
237.000000000 514.707824707
236.000000000 514.707824707
235.000000000 514.707824707
234.000000000 514.707824707
233.000000000 514.707824707
232.000000000 543.291076660
231.000000000 543.291076660
230.000000000 543.291076660
229.000000000 543.291076660
228.000000000 543.291076660
227.000000000 543.291076660
226.000000000 543.291076660
225.000000000 570.723266602
224.000000000 570.723266602
223.000000000 570.723266602
222.000000000 570.723266602
221.000000000 570.723266602
220.000000000 606.144348145
219.000000000 606.144348145
218.000000000 606.144348145
217.000000000 606.144348145
216.000000000 636.796264648
215.000000000 636.796264648
214.000000000 636.796264648
213.000000000 671.031921387
212.000000000 671.031921387
211.000000000 671.031921387
210.000000000 708.873962402
209.000000000 708.873962402
208.000000000 708.873962402
207.000000000 751.984191895
206.000000000 751.984191895
205.000000000 751.984191895
204.000000000 794.736145020
203.000000000 794.736145020
202.000000000 794.736145020
201.000000000 839.116455078
200.000000000 839.116455078
199.000000000 839.116455078
198.000000000 898.231201172
197.000000000 898.231201172
196.000000000 898.231201172
195.000000000 960.341186523
194.000000000 960.341186523
193.000000000 1016.129699707
192.000000000 1016.129699707
191.000000000 1097.047241211
190.000000000 1100.000000000
