260.000000000 488.680480957
259.000000000 488.680480957
258.000000000 488.680480957
257.000000000 488.680480957
256.000000000 488.680480957
255.000000000 488.680480957
254.000000000 488.680480957
253.000000000 488.680480957
252.000000000 488.680480957
251.000000000 488.680480957
250.000000000 488.680480957
249.000000000 488.680480957
248.000000000 488.680480957
247.000000000 488.680480957
246.000000000 488.680480957
245.000000000 488.680480957
244.000000000 488.680480957
243.000000000 515.045532227
242.000000000 515.045532227
241.000000000 515.045532227
240.000000000 515.045532227
239.000000000 515.045532227
238.000000000 515.045532227
237.000000000 515.045532227
236.000000000 515.045532227
235.000000000 515.045532227
234.000000000 515.045532227
233.000000000 541.312011719
232.000000000 541.312011719
231.000000000 541.312011719
230.000000000 541.312011719
229.000000000 541.312011719
228.000000000 541.312011719
227.000000000 541.312011719
226.000000000 568.722900391
225.000000000 568.722900391
224.000000000 568.722900391
223.000000000 568.722900391
222.000000000 568.722900391
221.000000000 598.302917480
220.000000000 598.302917480
219.000000000 598.302917480
218.000000000 598.302917480
217.000000000 631.671997070
216.000000000 631.671997070
215.000000000 631.671997070
214.000000000 631.671997070
213.000000000 672.414306641
212.000000000 672.414306641
211.000000000 672.414306641
210.000000000 711.355957031
209.000000000 711.355957031
208.000000000 711.355957031
207.000000000 753.141662598
206.000000000 753.141662598
205.000000000 753.141662598
204.000000000 804.457153320
203.000000000 804.457153320
202.000000000 804.457153320
201.000000000 856.493408203
200.000000000 856.493408203
199.000000000 897.984436035
198.000000000 897.984436035
197.000000000 944.969970703
196.000000000 944.969970703
195.000000000 1001.624938965
194.000000000 1001.624938965
193.000000000 1076.708618164
192.000000000 1076.708618164
191.000000000 1100.000000000
190.000000000 1100.000000000
