260.000000000 451.136840820
259.000000000 451.136840820
258.000000000 451.136840820
257.000000000 451.136840820
256.000000000 451.136840820
255.000000000 451.136840820
254.000000000 451.136840820
253.000000000 451.136840820
252.000000000 451.136840820
251.000000000 451.136840820
250.000000000 451.136840820
249.000000000 451.136840820
248.000000000 451.136840820
247.000000000 451.136840820
246.000000000 451.136840820
245.000000000 451.136840820
244.000000000 451.136840820
243.000000000 474.739715576
242.000000000 474.739715576
241.000000000 474.739715576
240.000000000 474.739715576
239.000000000 474.739715576
238.000000000 474.739715576
237.000000000 474.739715576
236.000000000 474.739715576
235.000000000 474.739715576
234.000000000 474.739715576
233.000000000 474.739715576
232.000000000 498.357879639
231.000000000 498.357879639
230.000000000 498.357879639
229.000000000 498.357879639
228.000000000 498.357879639
227.000000000 498.357879639
226.000000000 522.027160645
225.000000000 522.027160645
224.000000000 522.027160645
223.000000000 522.027160645
222.000000000 522.027160645
221.000000000 552.043151855
220.000000000 552.043151855
219.000000000 552.043151855
218.000000000 552.043151855
217.000000000 552.043151855
216.000000000 586.072631836
215.000000000 586.072631836
214.000000000 586.072631836
213.000000000 586.072631836
212.000000000 623.109313965
211.000000000 623.109313965
210.000000000 623.109313965
209.000000000 654.793518066
208.000000000 654.793518066
207.000000000 654.793518066
206.000000000 690.629699707
205.000000000 690.629699707
204.000000000 690.629699707
203.000000000 732.924011230
202.000000000 732.924011230
201.000000000 771.668701172
200.000000000 771.668701172
199.000000000 817.472778320
198.000000000 817.472778320
197.000000000 873.113830566
196.000000000 873.113830566
195.000000000 940.665161133
194.000000000 940.665161133
193.000000000 1019.638916016
192.000000000 1078.813110352
191.000000000 1100.000000000
190.000000000 1100.000000000
