260.000000000 488.680480957
259.000000000 488.680480957
258.000000000 488.680480957
257.000000000 488.680480957
256.000000000 488.680480957
255.000000000 488.680480957
254.000000000 488.680480957
253.000000000 488.680480957
252.000000000 488.680480957
251.000000000 488.680480957
250.000000000 488.680480957
249.000000000 488.680480957
248.000000000 488.680480957
247.000000000 488.680480957
246.000000000 488.680480957
245.000000000 488.680480957
244.000000000 488.680480957
243.000000000 488.680480957
242.000000000 513.501892090
241.000000000 513.501892090
240.000000000 513.501892090
239.000000000 513.501892090
238.000000000 513.501892090
237.000000000 513.501892090
236.000000000 513.501892090
235.000000000 513.501892090
234.000000000 513.501892090
233.000000000 538.392333984
232.000000000 538.392333984
231.000000000 538.392333984
230.000000000 538.392333984
229.000000000 538.392333984
228.000000000 538.392333984
227.000000000 538.392333984
226.000000000 569.190063477
225.000000000 569.190063477
224.000000000 569.190063477
223.000000000 569.190063477
222.000000000 569.190063477
221.000000000 601.678771973
220.000000000 601.678771973
219.000000000 601.678771973
218.000000000 601.678771973
217.000000000 601.678771973
216.000000000 641.553405762
215.000000000 641.553405762
214.000000000 641.553405762
213.000000000 641.553405762
212.000000000 681.452453613
211.000000000 681.452453613
210.000000000 681.452453613
209.000000000 723.199218750
208.000000000 723.199218750
207.000000000 723.199218750
206.000000000 769.824829102
205.000000000 769.824829102
204.000000000 807.141723633
203.000000000 807.141723633
202.000000000 807.141723633
201.000000000 863.032836914
200.000000000 863.032836914
199.000000000 909.098571777
198.000000000 909.098571777
197.000000000 965.721252441
196.000000000 965.721252441
195.000000000 1036.799560547
194.000000000 1036.799560547
193.000000000 1100.000000000
192.000000000 1100.000000000
191.000000000 1100.000000000
190.000000000 1100.000000000
