260.000000000 488.680480957
259.000000000 488.680480957
258.000000000 488.680480957
257.000000000 488.680480957
256.000000000 488.680480957
255.000000000 488.680480957
254.000000000 488.680480957
253.000000000 488.680480957
252.000000000 488.680480957
251.000000000 488.680480957
250.000000000 488.680480957
249.000000000 488.680480957
248.000000000 488.680480957
247.000000000 488.680480957
246.000000000 488.680480957
245.000000000 488.680480957
244.000000000 488.680480957
243.000000000 488.680480957
242.000000000 512.990905762
241.000000000 512.990905762
240.000000000 512.990905762
239.000000000 512.990905762
238.000000000 512.990905762
237.000000000 512.990905762
236.000000000 512.990905762
235.000000000 512.990905762
234.000000000 512.990905762
233.000000000 539.462036133
232.000000000 539.462036133
231.000000000 539.462036133
230.000000000 539.462036133
229.000000000 539.462036133
228.000000000 539.462036133
227.000000000 539.462036133
226.000000000 539.462036133
225.000000000 568.210449219
224.000000000 568.210449219
223.000000000 568.210449219
222.000000000 568.210449219
221.000000000 595.853515625
220.000000000 595.853515625
219.000000000 595.853515625
218.000000000 595.853515625
217.000000000 626.078369141
216.000000000 626.078369141
215.000000000 626.078369141
214.000000000 626.078369141
213.000000000 666.844299316
212.000000000 666.844299316
211.000000000 666.844299316
210.000000000 703.610717773
209.000000000 703.610717773
208.000000000 703.610717773
207.000000000 746.163635254
206.000000000 746.163635254
205.000000000 746.163635254
204.000000000 787.202453613
203.000000000 787.202453613
202.000000000 787.202453613
201.000000000 830.062072754
200.000000000 830.062072754
199.000000000 830.062072754
198.000000000 881.575256348
197.000000000 881.575256348
196.000000000 881.575256348
195.000000000 938.956481934
194.000000000 938.956481934
193.000000000 985.686340332
192.000000000 985.686340332
191.000000000 1053.286010742
190.000000000 1053.286010742
