260.000000000 488.680480957
259.000000000 488.680480957
258.000000000 488.680480957
257.000000000 488.680480957
256.000000000 488.680480957
255.000000000 488.680480957
254.000000000 488.680480957
253.000000000 488.680480957
252.000000000 488.680480957
251.000000000 488.680480957
250.000000000 488.680480957
249.000000000 488.680480957
248.000000000 488.680480957
247.000000000 488.680480957
246.000000000 488.680480957
245.000000000 488.680480957
244.000000000 488.680480957
243.000000000 488.680480957
242.000000000 514.784667969
241.000000000 514.784667969
240.000000000 514.784667969
239.000000000 514.784667969
238.000000000 514.784667969
237.000000000 514.784667969
236.000000000 514.784667969
235.000000000 514.784667969
234.000000000 514.784667969
233.000000000 514.784667969
232.000000000 514.784667969
231.000000000 545.179260254
230.000000000 545.179260254
229.000000000 545.179260254
228.000000000 545.179260254
227.000000000 545.179260254
226.000000000 545.179260254
225.000000000 545.179260254
224.000000000 574.776733398
223.000000000 574.776733398
222.000000000 574.776733398
221.000000000 574.776733398
220.000000000 574.776733398
219.000000000 610.913757324
218.000000000 610.913757324
217.000000000 610.913757324
216.000000000 610.913757324
215.000000000 644.383178711
214.000000000 644.383178711
213.000000000 644.383178711
212.000000000 644.383178711
211.000000000 690.459228516
210.000000000 690.459228516
209.000000000 690.459228516
208.000000000 727.042236328
207.000000000 727.042236328
206.000000000 727.042236328
205.000000000 769.634338379
204.000000000 769.634338379
203.000000000 769.634338379
202.000000000 808.219604492
201.000000000 808.219604492
200.000000000 808.219604492
199.000000000 849.838928223
198.000000000 849.838928223
197.000000000 849.838928223
196.000000000 895.815368652
195.000000000 895.815368652
194.000000000 895.815368652
193.000000000 951.415771484
192.000000000 951.415771484
191.000000000 1008.377624512
190.000000000 1008.377624512
