260.000000000 488.680480957
259.000000000 488.680480957
258.000000000 488.680480957
257.000000000 488.680480957
256.000000000 488.680480957
255.000000000 488.680480957
254.000000000 488.680480957
253.000000000 488.680480957
252.000000000 488.680480957
251.000000000 488.680480957
250.000000000 488.680480957
249.000000000 488.680480957
248.000000000 488.680480957
247.000000000 488.680480957
246.000000000 488.680480957
245.000000000 488.680480957
244.000000000 488.680480957
243.000000000 488.680480957
242.000000000 488.680480957
241.000000000 515.137390137
240.000000000 515.137390137
239.000000000 515.137390137
238.000000000 515.137390137
237.000000000 515.137390137
236.000000000 515.137390137
235.000000000 515.137390137
234.000000000 515.137390137
233.000000000 515.137390137
232.000000000 515.137390137
231.000000000 542.617614746
230.000000000 542.617614746
229.000000000 542.617614746
228.000000000 542.617614746
227.000000000 542.617614746
226.000000000 542.617614746
225.000000000 542.617614746
224.000000000 574.956604004
223.000000000 574.956604004
222.000000000 574.956604004
221.000000000 574.956604004
220.000000000 574.956604004
219.000000000 608.186218262
218.000000000 608.186218262
217.000000000 608.186218262
216.000000000 608.186218262
215.000000000 643.626708984
214.000000000 643.626708984
213.000000000 643.626708984
212.000000000 677.295471191
211.000000000 677.295471191
210.000000000 677.295471191
209.000000000 713.997009277
208.000000000 713.997009277
207.000000000 713.997009277
206.000000000 755.608520508
205.000000000 755.608520508
204.000000000 755.608520508
203.000000000 793.897827148
202.000000000 793.897827148
201.000000000 793.897827148
200.000000000 833.789367676
199.000000000 833.789367676
198.000000000 833.789367676
197.000000000 875.233154297
196.000000000 875.233154297
195.000000000 875.233154297
194.000000000 920.313232422
193.000000000 920.313232422
192.000000000 920.313232422
191.000000000 977.929931641
190.000000000 977.929931641
