260.000000000 488.680480957
259.000000000 488.680480957
258.000000000 488.680480957
257.000000000 488.680480957
256.000000000 488.680480957
255.000000000 488.680480957
254.000000000 488.680480957
253.000000000 488.680480957
252.000000000 488.680480957
251.000000000 488.680480957
250.000000000 488.680480957
249.000000000 488.680480957
248.000000000 488.680480957
247.000000000 488.680480957
246.000000000 488.680480957
245.000000000 488.680480957
244.000000000 488.680480957
243.000000000 513.344909668
242.000000000 513.344909668
241.000000000 513.344909668
240.000000000 513.344909668
239.000000000 513.344909668
238.000000000 513.344909668
237.000000000 513.344909668
236.000000000 513.344909668
235.000000000 513.344909668
234.000000000 513.344909668
233.000000000 538.881469727
232.000000000 538.881469727
231.000000000 538.881469727
230.000000000 538.881469727
229.000000000 538.881469727
228.000000000 538.881469727
227.000000000 538.881469727
226.000000000 538.881469727
225.000000000 569.353881836
224.000000000 569.353881836
223.000000000 569.353881836
222.000000000 569.353881836
221.000000000 569.353881836
220.000000000 604.128112793
219.000000000 604.128112793
218.000000000 604.128112793
217.000000000 604.128112793
216.000000000 636.251098633
215.000000000 636.251098633
214.000000000 636.251098633
213.000000000 636.251098633
212.000000000 678.237670898
211.000000000 678.237670898
210.000000000 678.237670898
209.000000000 713.492858887
208.000000000 713.492858887
207.000000000 713.492858887
206.000000000 754.357849121
205.000000000 754.357849121
204.000000000 754.357849121
203.000000000 798.289550781
202.000000000 798.289550781
201.000000000 798.289550781
200.000000000 839.258422852
199.000000000 839.258422852
198.000000000 839.258422852
197.000000000 891.561584473
196.000000000 891.561584473
195.000000000 891.561584473
194.000000000 946.621520996
193.000000000 946.621520996
192.000000000 1005.783203125
191.000000000 1005.783203125
190.000000000 1080.620239258
