260.000000000 451.136840820
259.000000000 451.136840820
258.000000000 451.136840820
257.000000000 451.136840820
256.000000000 451.136840820
255.000000000 451.136840820
254.000000000 451.136840820
253.000000000 451.136840820
252.000000000 451.136840820
251.000000000 451.136840820
250.000000000 451.136840820
249.000000000 451.136840820
248.000000000 451.136840820
247.000000000 451.136840820
246.000000000 451.136840820
245.000000000 451.136840820
244.000000000 451.136840820
243.000000000 451.136840820
242.000000000 474.425720215
241.000000000 474.425720215
240.000000000 474.425720215
239.000000000 474.425720215
238.000000000 474.425720215
237.000000000 474.425720215
236.000000000 474.425720215
235.000000000 474.425720215
234.000000000 474.425720215
233.000000000 474.425720215
232.000000000 498.208496094
231.000000000 498.208496094
230.000000000 498.208496094
229.000000000 498.208496094
228.000000000 498.208496094
227.000000000 498.208496094
226.000000000 498.208496094
225.000000000 523.636718750
224.000000000 523.636718750
223.000000000 523.636718750
222.000000000 523.636718750
221.000000000 523.636718750
220.000000000 555.078857422
219.000000000 555.078857422
218.000000000 555.078857422
217.000000000 555.078857422
216.000000000 583.565856934
215.000000000 583.565856934
214.000000000 583.565856934
213.000000000 583.565856934
212.000000000 620.246520996
211.000000000 620.246520996
210.000000000 620.246520996
209.000000000 650.811218262
208.000000000 650.811218262
207.000000000 650.811218262
206.000000000 685.924560547
205.000000000 685.924560547
204.000000000 685.924560547
203.000000000 728.547119141
202.000000000 728.547119141
201.000000000 763.160827637
200.000000000 763.160827637
199.000000000 805.715393066
198.000000000 805.715393066
197.000000000 852.260253906
196.000000000 852.260253906
195.000000000 909.679199219
194.000000000 909.679199219
193.000000000 976.803833008
192.000000000 1026.058227539
191.000000000 1076.324707031
190.000000000 1100.000000000
