260.000000000 488.680480957
259.000000000 488.680480957
258.000000000 488.680480957
257.000000000 488.680480957
256.000000000 488.680480957
255.000000000 488.680480957
254.000000000 488.680480957
253.000000000 488.680480957
252.000000000 488.680480957
251.000000000 488.680480957
250.000000000 488.680480957
249.000000000 488.680480957
248.000000000 488.680480957
247.000000000 488.680480957
246.000000000 488.680480957
245.000000000 488.680480957
244.000000000 488.680480957
243.000000000 514.694641113
242.000000000 514.694641113
241.000000000 514.694641113
240.000000000 514.694641113
239.000000000 514.694641113
238.000000000 514.694641113
237.000000000 514.694641113
236.000000000 514.694641113
235.000000000 514.694641113
234.000000000 514.694641113
233.000000000 514.694641113
232.000000000 544.901184082
231.000000000 544.901184082
230.000000000 544.901184082
229.000000000 544.901184082
228.000000000 544.901184082
227.000000000 544.901184082
226.000000000 544.901184082
225.000000000 571.564575195
224.000000000 571.564575195
223.000000000 571.564575195
222.000000000 571.564575195
221.000000000 571.564575195
220.000000000 608.367126465
219.000000000 608.367126465
218.000000000 608.367126465
217.000000000 608.367126465
216.000000000 637.911315918
215.000000000 637.911315918
214.000000000 637.911315918
213.000000000 670.314880371
212.000000000 670.314880371
211.000000000 670.314880371
210.000000000 708.151489258
209.000000000 708.151489258
208.000000000 708.151489258
207.000000000 754.066345215
206.000000000 754.066345215
205.000000000 754.066345215
204.000000000 795.949645996
203.000000000 795.949645996
202.000000000 795.949645996
201.000000000 845.898071289
200.000000000 845.898071289
199.000000000 845.898071289
198.000000000 905.379516602
197.000000000 905.379516602
196.000000000 905.379516602
195.000000000 971.932434082
194.000000000 971.932434082
193.000000000 1034.105590820
192.000000000 1034.105590820
191.000000000 1100.000000000
190.000000000 1100.000000000
