260.000000000 488.680480957
259.000000000 488.680480957
258.000000000 488.680480957
257.000000000 488.680480957
256.000000000 488.680480957
255.000000000 488.680480957
254.000000000 488.680480957
253.000000000 488.680480957
252.000000000 488.680480957
251.000000000 488.680480957
250.000000000 488.680480957
249.000000000 488.680480957
248.000000000 488.680480957
247.000000000 488.680480957
246.000000000 488.680480957
245.000000000 488.680480957
244.000000000 488.680480957
243.000000000 514.441650391
242.000000000 514.441650391
241.000000000 514.441650391
240.000000000 514.441650391
239.000000000 514.441650391
238.000000000 514.441650391
237.000000000 514.441650391
236.000000000 514.441650391
235.000000000 514.441650391
234.000000000 514.441650391
233.000000000 539.402587891
232.000000000 539.402587891
231.000000000 539.402587891
230.000000000 539.402587891
229.000000000 539.402587891
228.000000000 539.402587891
227.000000000 539.402587891
226.000000000 539.402587891
225.000000000 570.698486328
224.000000000 570.698486328
223.000000000 570.698486328
222.000000000 570.698486328
221.000000000 570.698486328
220.000000000 604.598693848
219.000000000 604.598693848
218.000000000 604.598693848
217.000000000 604.598693848
216.000000000 634.937927246
215.000000000 634.937927246
214.000000000 634.937927246
213.000000000 634.937927246
212.000000000 676.910583496
211.000000000 676.910583496
210.000000000 676.910583496
209.000000000 716.499450684
208.000000000 716.499450684
207.000000000 716.499450684
206.000000000 759.356933594
205.000000000 759.356933594
204.000000000 759.356933594
203.000000000 799.130981445
202.000000000 799.130981445
201.000000000 799.130981445
200.000000000 838.462463379
199.000000000 838.462463379
198.000000000 838.462463379
197.000000000 891.472961426
196.000000000 891.472961426
195.000000000 891.472961426
194.000000000 946.141052246
193.000000000 946.141052246
192.000000000 1004.805969238
191.000000000 1004.805969238
190.000000000 1080.564208984
