260.000000000 488.680480957
259.000000000 488.680480957
258.000000000 488.680480957
257.000000000 488.680480957
256.000000000 488.680480957
255.000000000 488.680480957
254.000000000 488.680480957
253.000000000 488.680480957
252.000000000 488.680480957
251.000000000 488.680480957
250.000000000 488.680480957
249.000000000 488.680480957
248.000000000 488.680480957
247.000000000 488.680480957
246.000000000 488.680480957
245.000000000 488.680480957
244.000000000 488.680480957
243.000000000 513.148071289
242.000000000 513.148071289
241.000000000 513.148071289
240.000000000 513.148071289
239.000000000 513.148071289
238.000000000 513.148071289
237.000000000 513.148071289
236.000000000 513.148071289
235.000000000 513.148071289
234.000000000 513.148071289
233.000000000 513.148071289
232.000000000 538.302978516
231.000000000 538.302978516
230.000000000 538.302978516
229.000000000 538.302978516
228.000000000 538.302978516
227.000000000 538.302978516
226.000000000 538.302978516
225.000000000 568.829284668
224.000000000 568.829284668
223.000000000 568.829284668
222.000000000 568.829284668
221.000000000 568.829284668
220.000000000 602.699401855
219.000000000 602.699401855
218.000000000 602.699401855
217.000000000 602.699401855
216.000000000 633.079162598
215.000000000 633.079162598
214.000000000 633.079162598
213.000000000 665.085937500
212.000000000 665.085937500
211.000000000 665.085937500
210.000000000 699.811340332
209.000000000 699.811340332
208.000000000 699.811340332
207.000000000 744.740966797
206.000000000 744.740966797
205.000000000 744.740966797
204.000000000 782.895568848
203.000000000 782.895568848
202.000000000 782.895568848
201.000000000 822.602722168
200.000000000 822.602722168
199.000000000 822.602722168
198.000000000 871.455505371
197.000000000 871.455505371
196.000000000 871.455505371
195.000000000 922.145202637
194.000000000 922.145202637
193.000000000 972.362609863
192.000000000 972.362609863
191.000000000 1035.972412109
190.000000000 1035.972412109
