260.000000000 488.680480957
259.000000000 488.680480957
258.000000000 488.680480957
257.000000000 488.680480957
256.000000000 488.680480957
255.000000000 488.680480957
254.000000000 488.680480957
253.000000000 488.680480957
252.000000000 488.680480957
251.000000000 488.680480957
250.000000000 488.680480957
249.000000000 488.680480957
248.000000000 488.680480957
247.000000000 488.680480957
246.000000000 488.680480957
245.000000000 488.680480957
244.000000000 488.680480957
243.000000000 513.921142578
242.000000000 513.921142578
241.000000000 513.921142578
240.000000000 513.921142578
239.000000000 513.921142578
238.000000000 513.921142578
237.000000000 513.921142578
236.000000000 513.921142578
235.000000000 513.921142578
234.000000000 513.921142578
233.000000000 540.388244629
232.000000000 540.388244629
231.000000000 540.388244629
230.000000000 540.388244629
229.000000000 540.388244629
228.000000000 540.388244629
227.000000000 540.388244629
226.000000000 567.208496094
225.000000000 567.208496094
224.000000000 567.208496094
223.000000000 567.208496094
222.000000000 567.208496094
221.000000000 599.665649414
220.000000000 599.665649414
219.000000000 599.665649414
218.000000000 599.665649414
217.000000000 630.536987305
216.000000000 630.536987305
215.000000000 630.536987305
214.000000000 630.536987305
213.000000000 669.169189453
212.000000000 669.169189453
211.000000000 669.169189453
210.000000000 704.876831055
209.000000000 704.876831055
208.000000000 704.876831055
207.000000000 750.581787109
206.000000000 750.581787109
205.000000000 750.581787109
204.000000000 792.050048828
203.000000000 792.050048828
202.000000000 792.050048828
201.000000000 838.448425293
200.000000000 838.448425293
199.000000000 838.448425293
198.000000000 892.550781250
197.000000000 892.550781250
196.000000000 892.550781250
195.000000000 958.353637695
194.000000000 958.353637695
193.000000000 1015.456909180
192.000000000 1015.456909180
191.000000000 1091.473022461
190.000000000 1100.000000000
