260.000000000 451.136840820
259.000000000 451.136840820
258.000000000 451.136840820
257.000000000 451.136840820
256.000000000 451.136840820
255.000000000 451.136840820
254.000000000 451.136840820
253.000000000 451.136840820
252.000000000 451.136840820
251.000000000 451.136840820
250.000000000 451.136840820
249.000000000 451.136840820
248.000000000 451.136840820
247.000000000 451.136840820
246.000000000 451.136840820
245.000000000 451.136840820
244.000000000 473.260711670
243.000000000 473.260711670
242.000000000 473.260711670
241.000000000 473.260711670
240.000000000 473.260711670
239.000000000 473.260711670
238.000000000 473.260711670
237.000000000 473.260711670
236.000000000 473.260711670
235.000000000 473.260711670
234.000000000 473.260711670
233.000000000 496.451904297
232.000000000 496.451904297
231.000000000 496.451904297
230.000000000 496.451904297
229.000000000 496.451904297
228.000000000 496.451904297
227.000000000 496.451904297
226.000000000 520.318359375
225.000000000 520.318359375
224.000000000 520.318359375
223.000000000 520.318359375
222.000000000 520.318359375
221.000000000 550.401062012
220.000000000 550.401062012
219.000000000 550.401062012
218.000000000 550.401062012
217.000000000 576.817016602
216.000000000 576.817016602
215.000000000 576.817016602
214.000000000 576.817016602
213.000000000 610.070739746
212.000000000 610.070739746
211.000000000 610.070739746
210.000000000 643.130371094
209.000000000 643.130371094
208.000000000 643.130371094
207.000000000 675.414611816
206.000000000 675.414611816
205.000000000 675.414611816
204.000000000 714.235168457
203.000000000 714.235168457
202.000000000 714.235168457
201.000000000 764.036254883
200.000000000 764.036254883
199.000000000 809.952087402
198.000000000 809.952087402
197.000000000 861.462585449
196.000000000 861.462585449
195.000000000 918.865966797
194.000000000 918.865966797
193.000000000 990.798706055
192.000000000 1042.421508789
191.000000000 1100.000000000
190.000000000 1100.000000000
