260.000000000 488.680480957
259.000000000 488.680480957
258.000000000 488.680480957
257.000000000 488.680480957
256.000000000 488.680480957
255.000000000 488.680480957
254.000000000 488.680480957
253.000000000 488.680480957
252.000000000 488.680480957
251.000000000 488.680480957
250.000000000 488.680480957
249.000000000 488.680480957
248.000000000 488.680480957
247.000000000 488.680480957
246.000000000 488.680480957
245.000000000 488.680480957
244.000000000 488.680480957
243.000000000 488.680480957
242.000000000 514.607177734
241.000000000 514.607177734
240.000000000 514.607177734
239.000000000 514.607177734
238.000000000 514.607177734
237.000000000 514.607177734
236.000000000 514.607177734
235.000000000 514.607177734
234.000000000 514.607177734
233.000000000 514.607177734
232.000000000 542.589355469
231.000000000 542.589355469
230.000000000 542.589355469
229.000000000 542.589355469
228.000000000 542.589355469
227.000000000 542.589355469
226.000000000 568.850769043
225.000000000 568.850769043
224.000000000 568.850769043
223.000000000 568.850769043
222.000000000 568.850769043
221.000000000 600.887756348
220.000000000 600.887756348
219.000000000 600.887756348
218.000000000 600.887756348
217.000000000 633.173034668
216.000000000 633.173034668
215.000000000 633.173034668
214.000000000 633.173034668
213.000000000 669.900939941
212.000000000 669.900939941
211.000000000 669.900939941
210.000000000 710.287048340
209.000000000 710.287048340
208.000000000 710.287048340
207.000000000 758.283996582
206.000000000 758.283996582
205.000000000 758.283996582
204.000000000 803.506774902
203.000000000 803.506774902
202.000000000 803.506774902
201.000000000 858.689453125
200.000000000 858.689453125
199.000000000 906.038452148
198.000000000 906.038452148
197.000000000 961.671203613
196.000000000 961.671203613
195.000000000 1025.507446289
194.000000000 1025.507446289
193.000000000 1100.000000000
192.000000000 1100.000000000
191.000000000 1100.000000000
190.000000000 1100.000000000
