260.000000000 488.680480957
259.000000000 488.680480957
258.000000000 488.680480957
257.000000000 488.680480957
256.000000000 488.680480957
255.000000000 488.680480957
254.000000000 488.680480957
253.000000000 488.680480957
252.000000000 488.680480957
251.000000000 488.680480957
250.000000000 488.680480957
249.000000000 488.680480957
248.000000000 488.680480957
247.000000000 488.680480957
246.000000000 488.680480957
245.000000000 488.680480957
244.000000000 488.680480957
243.000000000 514.358398438
242.000000000 514.358398438
241.000000000 514.358398438
240.000000000 514.358398438
239.000000000 514.358398438
238.000000000 514.358398438
237.000000000 514.358398438
236.000000000 514.358398438
235.000000000 514.358398438
234.000000000 514.358398438
233.000000000 514.358398438
232.000000000 541.440917969
231.000000000 541.440917969
230.000000000 541.440917969
229.000000000 541.440917969
228.000000000 541.440917969
227.000000000 541.440917969
226.000000000 568.727966309
225.000000000 568.727966309
224.000000000 568.727966309
223.000000000 568.727966309
222.000000000 568.727966309
221.000000000 601.709899902
220.000000000 601.709899902
219.000000000 601.709899902
218.000000000 601.709899902
217.000000000 601.709899902
216.000000000 640.074951172
215.000000000 640.074951172
214.000000000 640.074951172
213.000000000 672.527954102
212.000000000 672.527954102
211.000000000 672.527954102
210.000000000 708.894897461
209.000000000 708.894897461
208.000000000 708.894897461
207.000000000 757.949584961
206.000000000 757.949584961
205.000000000 757.949584961
204.000000000 803.236694336
203.000000000 803.236694336
202.000000000 803.236694336
201.000000000 863.874145508
200.000000000 863.874145508
199.000000000 909.322448730
198.000000000 909.322448730
197.000000000 965.885253906
196.000000000 965.885253906
195.000000000 1035.248901367
194.000000000 1035.248901367
193.000000000 1100.000000000
192.000000000 1100.000000000
191.000000000 1100.000000000
190.000000000 1100.000000000
