260.000000000 -0.606596274
259.000000000 1.158432316
258.000000000 0.066411532
257.000000000 -0.349353361
256.000000000 -0.936880146
255.000000000 -0.728042504
254.000000000 -1.081482524
253.000000000 -1.025207138
252.000000000 -0.678738623
251.000000000 -0.155619299
250.000000000 -1.035893182
249.000000000 -0.505551556
248.000000000 -0.719830048
247.000000000 0.123944727
246.000000000 -1.850325076
245.000000000 -0.286919155
244.000000000 -1.035894017
243.000000000 -1.118910426
242.000000000 -1.481000347
241.000000000 -2.391531723
240.000000000 -2.419142684
239.000000000 -2.889064262
238.000000000 -3.161422738
237.000000000 -3.572021750
236.000000000 -4.988610099
235.000000000 -3.449940473
234.000000000 -6.076011530
233.000000000 -6.844005868
232.000000000 -7.408923218
231.000000000 -8.619653217
230.000000000 -8.732926443
229.000000000 -10.567519205
228.000000000 -11.963895105
227.000000000 -13.000874247
226.000000000 -13.206660828
225.000000000 -13.856164760
224.000000000 -15.698203803
223.000000000 -15.975278136
222.000000000 -17.248598062
221.000000000 -16.522292827
220.000000000 -16.070108218
219.000000000 -17.195424945
218.000000000 -21.296280372
217.000000000 -21.914197206
216.000000000 -17.199757203
215.000000000 -18.967993635
214.000000000 -23.165688635
213.000000000 -18.523024461
212.000000000 -23.211465684
211.000000000 -19.628849612
210.000000000 -17.479353328
209.000000000 -16.407345180
208.000000000 -23.816035467
207.000000000 -26.120357086
206.000000000 -14.881966632
205.000000000 -19.237774142
204.000000000 -17.072014551
203.000000000 -15.568347538
202.000000000 -16.673133620
201.000000000 -5.466979496
200.000000000 2.867641269
199.000000000 -4.892024735
198.000000000 -1.085964866
197.000000000 -11.462254821
196.000000000 11.670941403
195.000000000 1.788620678
194.000000000 21.834463768
193.000000000 28.674715024
192.000000000 17.354452305
191.000000000 50.090146765
190.000000000 16.333560642
