260.000000000 -0.029997834
259.000000000 -0.291725031
258.000000000 0.417481874
257.000000000 -0.531698625
256.000000000 -1.509614763
255.000000000 -1.174811001
254.000000000 -1.832159472
253.000000000 -1.092426749
252.000000000 -1.492300941
251.000000000 0.033013002
250.000000000 0.883859002
249.000000000 -0.386184064
248.000000000 -0.984946476
247.000000000 -1.347278124
246.000000000 -1.293193551
245.000000000 -1.936144818
244.000000000 -2.292841164
243.000000000 -1.195485712
242.000000000 -2.844598432
241.000000000 -4.458709137
240.000000000 -1.148897101
239.000000000 -3.858049460
238.000000000 -4.902322834
237.000000000 -4.527928461
236.000000000 -5.559260144
235.000000000 -5.589155073
234.000000000 -6.391607335
233.000000000 -6.943741715
232.000000000 -8.915202490
231.000000000 -7.665800370
230.000000000 -9.602694673
229.000000000 -13.767386150
228.000000000 -12.568895876
227.000000000 -12.389799363
226.000000000 -14.216056944
225.000000000 -12.646138702
224.000000000 -17.123234950
223.000000000 -16.831657962
222.000000000 -16.874048424
221.000000000 -17.746521513
220.000000000 -18.042145612
219.000000000 -18.878985465
218.000000000 -18.492772863
217.000000000 -19.452052692
216.000000000 -19.915355032
215.000000000 -18.541541332
214.000000000 -22.275624791
213.000000000 -16.315841666
212.000000000 -21.246068683
211.000000000 -18.849134236
210.000000000 -14.010655050
209.000000000 -13.529019924
208.000000000 -18.359579676
207.000000000 -10.565340952
206.000000000 -10.567330953
205.000000000 -13.337814979
204.000000000 -7.488015874
203.000000000 -15.229621307
202.000000000 -15.598426060
201.000000000 -8.514886655
200.000000000 -7.335859966
199.000000000 -12.384245839
198.000000000 11.558648536
197.000000000 19.076172628
196.000000000 8.086471509
195.000000000 19.974795657
194.000000000 23.312780041
193.000000000 3.687674565
192.000000000 9.566035240
191.000000000 -13.231646450
190.000000000 10.073597769
