260.000000000 -0.833940074
259.000000000 -0.286497223
258.000000000 0.320349607
257.000000000 -0.506892982
256.000000000 -1.680103234
255.000000000 -0.608263187
254.000000000 -0.645187296
253.000000000 -1.220804230
252.000000000 -2.606404553
251.000000000 -0.851920236
250.000000000 -0.642494938
249.000000000 -2.650224906
248.000000000 -1.337423365
247.000000000 -1.404263844
246.000000000 0.168751454
245.000000000 -0.893001805
244.000000000 -1.337741610
243.000000000 -2.982033237
242.000000000 -2.434726982
241.000000000 -2.539029080
240.000000000 -2.680644358
239.000000000 -3.677347797
238.000000000 -2.746364723
237.000000000 -3.851220473
236.000000000 -3.433911982
235.000000000 -6.365412240
234.000000000 -6.786598303
233.000000000 -5.868377366
232.000000000 -7.696330061
231.000000000 -8.252764489
230.000000000 -9.692035796
229.000000000 -10.090497604
228.000000000 -11.214998182
227.000000000 -14.529465953
226.000000000 -11.787828773
225.000000000 -15.935521133
224.000000000 -16.500449412
223.000000000 -15.284686826
222.000000000 -17.722002229
221.000000000 -17.430450037
220.000000000 -18.940323623
219.000000000 -22.002924657
218.000000000 -16.511888713
217.000000000 -26.903393953
216.000000000 -21.696774210
215.000000000 -21.434370685
214.000000000 -19.980098121
213.000000000 -20.882696963
212.000000000 -22.482431759
211.000000000 -26.160110531
210.000000000 -16.040490345
209.000000000 -19.459240724
208.000000000 -25.487806466
207.000000000 -19.772450060
206.000000000 -14.193978780
205.000000000 -16.868441249
204.000000000 -10.800013883
203.000000000 -22.153028832
202.000000000 -5.917116922
201.000000000 -14.031263996
200.000000000 -11.857931623
199.000000000 -3.321518245
198.000000000 10.242559780
197.000000000 5.444515583
196.000000000 16.223058553
195.000000000 19.502756323
194.000000000 9.325994996
193.000000000 37.093991511
192.000000000 33.796547844
191.000000000 40.506693414
190.000000000 -35.685722618
