260.000000000 0.434799933
259.000000000 -1.278541879
258.000000000 -0.554079915
257.000000000 -0.722477904
256.000000000 0.822779475
255.000000000 0.345053651
254.000000000 -0.170528978
253.000000000 -2.316516807
252.000000000 -0.235751849
251.000000000 -2.431063665
250.000000000 -1.172327869
249.000000000 -0.989027469
248.000000000 -1.862097768
247.000000000 0.354581107
246.000000000 -1.081798865
245.000000000 -1.121477504
244.000000000 -1.016333431
243.000000000 -1.293063560
242.000000000 -1.097444037
241.000000000 -2.521374513
240.000000000 -3.660402149
239.000000000 -3.626104987
238.000000000 -3.733299832
237.000000000 -3.471854640
236.000000000 -7.285045383
235.000000000 -5.665202821
234.000000000 -6.633152828
233.000000000 -7.022546147
232.000000000 -7.418119298
231.000000000 -7.377188355
230.000000000 -7.995440265
229.000000000 -9.629465765
228.000000000 -10.853049087
227.000000000 -11.055196077
226.000000000 -10.780647333
225.000000000 -13.373307245
224.000000000 -17.937534843
223.000000000 -15.782791779
222.000000000 -17.403858496
221.000000000 -19.277135878
220.000000000 -18.032502341
219.000000000 -20.583634172
218.000000000 -17.603487497
217.000000000 -20.805542518
216.000000000 -18.129790101
215.000000000 -20.597447135
214.000000000 -14.743845376
213.000000000 -14.792279847
212.000000000 -15.606490119
211.000000000 -19.864799617
210.000000000 -22.553793921
209.000000000 -18.301746450
208.000000000 -15.038507624
207.000000000 -14.548964585
206.000000000 -14.977991939
205.000000000 -17.949950215
204.000000000 -13.836529157
203.000000000 -18.015577182
202.000000000 -12.793541443
201.000000000 -18.171730890
200.000000000 1.424567403
199.000000000 -5.634183489
198.000000000 -2.721901585
197.000000000 -2.297848178
196.000000000 21.946429164
195.000000000 22.055358231
194.000000000 -5.954578633
193.000000000 1.337687196
192.000000000 34.830856804
191.000000000 1.015269293
190.000000000 0.693423709
