260.000000000 -1.159209390
259.000000000 -2.104970821
258.000000000 -1.557390076
257.000000000 0.265672214
256.000000000 -1.292887396
255.000000000 -1.464129216
254.000000000 -1.701225943
253.000000000 -2.645141727
252.000000000 -0.831040652
251.000000000 -1.148291829
250.000000000 -1.732926914
249.000000000 -1.374471613
248.000000000 -1.474675298
247.000000000 -2.596838145
246.000000000 -2.493199043
245.000000000 -1.635614957
244.000000000 -3.589011346
243.000000000 -1.616579172
242.000000000 -2.941403443
241.000000000 -2.848879592
240.000000000 -3.010517750
239.000000000 -4.178466571
238.000000000 -4.150062260
237.000000000 -5.820895696
236.000000000 -4.645505805
235.000000000 -5.074433116
234.000000000 -5.905434492
233.000000000 -6.829022436
232.000000000 -9.848297480
231.000000000 -10.602592761
230.000000000 -9.889355322
229.000000000 -9.007883479
228.000000000 -12.674516024
227.000000000 -14.071675099
226.000000000 -13.473497072
225.000000000 -14.431562154
224.000000000 -16.035775683
223.000000000 -16.278255916
222.000000000 -13.652613453
221.000000000 -16.978312310
220.000000000 -18.075255273
219.000000000 -17.261472057
218.000000000 -17.679751510
217.000000000 -15.056712309
216.000000000 -21.223362977
215.000000000 -14.314358787
214.000000000 -14.790298524
213.000000000 -14.750747367
212.000000000 -17.466619431
211.000000000 -20.128884855
210.000000000 -15.956255087
209.000000000 -15.334844246
208.000000000 -14.532153378
207.000000000 -16.934312418
206.000000000 -24.258605503
205.000000000 -7.675578252
204.000000000 -12.420693240
203.000000000 -12.228010567
202.000000000 -0.918370681
201.000000000 2.068602849
200.000000000 12.611153773
199.000000000 20.289719837
198.000000000 9.808193986
197.000000000 22.453143161
196.000000000 -1.104375197
195.000000000 23.808679814
194.000000000 15.305566167
193.000000000 29.039187837
192.000000000 41.976895219
191.000000000 9.680522443
190.000000000 26.804192937
