260.000000000 -1.340270575
259.000000000 -1.271210471
258.000000000 0.034700862
257.000000000 0.184608889
256.000000000 -0.797035556
255.000000000 0.262076280
254.000000000 -1.243167621
253.000000000 -2.157129363
252.000000000 -2.241609405
251.000000000 -0.807317296
250.000000000 -0.877502380
249.000000000 -1.125940009
248.000000000 -1.775810905
247.000000000 -0.259170106
246.000000000 -2.430296924
245.000000000 -1.301216834
244.000000000 -0.836747135
243.000000000 -1.976984200
242.000000000 -3.164110965
241.000000000 -2.883234040
240.000000000 -3.470330929
239.000000000 -3.560759440
238.000000000 -2.533573904
237.000000000 -4.925009226
236.000000000 -4.484937096
235.000000000 -5.344895189
234.000000000 -6.251955286
233.000000000 -8.079130137
232.000000000 -9.612232567
231.000000000 -8.774536097
230.000000000 -8.613974492
229.000000000 -11.962860545
228.000000000 -14.017825617
227.000000000 -14.542041179
226.000000000 -15.433134950
225.000000000 -15.010234947
224.000000000 -14.835115765
223.000000000 -16.086206481
222.000000000 -17.324618772
221.000000000 -15.379330359
220.000000000 -20.989741648
219.000000000 -19.688141408
218.000000000 -19.503861031
217.000000000 -16.392298065
216.000000000 -18.297072250
215.000000000 -17.092934777
214.000000000 -19.488222386
213.000000000 -17.523846832
212.000000000 -19.846272560
211.000000000 -17.375364948
210.000000000 -16.073995448
209.000000000 -18.656349194
208.000000000 -11.498822097
207.000000000 -19.869285387
206.000000000 -17.417691257
205.000000000 -11.940153666
204.000000000 -11.572581921
203.000000000 -10.934599279
202.000000000 -5.866109715
201.000000000 0.990620281
200.000000000 7.768679379
199.000000000 2.292218283
198.000000000 19.601250084
197.000000000 20.462102969
196.000000000 24.792548050
195.000000000 24.797427883
194.000000000 29.209741723
193.000000000 41.325276673
192.000000000 14.695117570
191.000000000 23.393120477
190.000000000 8.235861524
