260.000000000 -1.945842971
259.000000000 -1.480256665
258.000000000 -0.121235317
257.000000000 -2.369647322
256.000000000 -0.173620314
255.000000000 -0.983160449
254.000000000 -1.697683604
253.000000000 -0.931149380
252.000000000 -0.418246967
251.000000000 -1.509803882
250.000000000 -0.290721852
249.000000000 0.608606947
248.000000000 -0.103961254
247.000000000 -1.347402160
246.000000000 -1.228735704
245.000000000 -1.548266724
244.000000000 -2.739630492
243.000000000 -3.732874232
242.000000000 -1.859260937
241.000000000 -3.300507882
240.000000000 -3.542627019
239.000000000 -3.456977335
238.000000000 -3.596136412
237.000000000 -5.668402726
236.000000000 -5.484784837
235.000000000 -5.188465429
234.000000000 -5.652859217
233.000000000 -6.540786466
232.000000000 -6.720783557
231.000000000 -9.004702306
230.000000000 -10.982453309
229.000000000 -10.533142873
228.000000000 -11.018578214
227.000000000 -13.202299948
226.000000000 -14.467837941
225.000000000 -15.479726509
224.000000000 -16.049501661
223.000000000 -16.610723092
222.000000000 -16.867242759
221.000000000 -16.806197260
220.000000000 -19.218284729
219.000000000 -23.511075531
218.000000000 -17.684044068
217.000000000 -19.096226084
216.000000000 -18.404958060
215.000000000 -20.249871686
214.000000000 -19.943913414
213.000000000 -17.466278309
212.000000000 -15.568380044
211.000000000 -25.798943134
210.000000000 -18.482484198
209.000000000 -20.774887461
208.000000000 -19.252050710
207.000000000 -19.228993191
206.000000000 -8.897910747
205.000000000 -19.806171091
204.000000000 -12.104731783
203.000000000 -8.182604192
202.000000000 -3.791936994
201.000000000 0.348842074
200.000000000 -0.791779979
199.000000000 1.750211441
198.000000000 -10.814790555
197.000000000 9.500846947
196.000000000 15.957498766
195.000000000 17.411540772
194.000000000 4.196057933
193.000000000 -5.327821027
192.000000000 51.146804214
191.000000000 32.052479111
190.000000000 24.129521137
