260.000000000 -1.039660385
259.000000000 -0.342819805
258.000000000 -0.625950747
257.000000000 -0.060892882
256.000000000 0.140175550
255.000000000 -1.436696365
254.000000000 -0.130925720
253.000000000 -1.339243039
252.000000000 -1.818511002
251.000000000 -0.980240025
250.000000000 -0.672298269
249.000000000 -1.326964192
248.000000000 -0.299635144
247.000000000 -1.944951943
246.000000000 0.698973762
245.000000000 -1.655146011
244.000000000 -0.655229224
243.000000000 -2.487089175
242.000000000 -2.259992736
241.000000000 -2.729867620
240.000000000 -3.554058372
239.000000000 -2.578077219
238.000000000 -2.260865043
237.000000000 -5.740167125
236.000000000 -4.287037809
235.000000000 -3.988158923
234.000000000 -5.665534815
233.000000000 -7.456982884
232.000000000 -8.079534808
231.000000000 -8.746096909
230.000000000 -8.675530328
229.000000000 -9.235516170
228.000000000 -10.599638812
227.000000000 -8.668063408
226.000000000 -12.850135211
225.000000000 -13.518446523
224.000000000 -16.233655908
223.000000000 -16.254560706
222.000000000 -16.147906613
221.000000000 -19.845509533
220.000000000 -17.998248706
219.000000000 -15.796857622
218.000000000 -18.221559377
217.000000000 -16.749642681
216.000000000 -16.838888029
215.000000000 -20.831277910
214.000000000 -16.929534787
213.000000000 -15.285352512
212.000000000 -17.714405233
211.000000000 -15.258202344
210.000000000 -16.425032667
209.000000000 -14.383497520
208.000000000 -15.528578167
207.000000000 -10.312711446
206.000000000 -14.450375106
205.000000000 -8.349710689
204.000000000 -9.983676286
203.000000000 -6.047232807
202.000000000 4.096195586
201.000000000 -15.118632564
200.000000000 1.200152201
199.000000000 9.113625785
198.000000000 7.861158149
197.000000000 19.536179481
196.000000000 14.894600202
195.000000000 11.750852108
194.000000000 27.081132164
193.000000000 28.890678709
192.000000000 39.076129966
191.000000000 22.155053931
190.000000000 32.135650386
