260.000000000 -0.849246217
259.000000000 -0.695696127
258.000000000 -0.636299061
257.000000000 -0.178210160
256.000000000 -0.663429323
255.000000000 -1.522613311
254.000000000 -1.393257059
253.000000000 -1.689501226
252.000000000 0.737695527
251.000000000 -0.656311207
250.000000000 -1.399301719
249.000000000 -2.882798298
248.000000000 -2.935365339
247.000000000 -0.805279445
246.000000000 -1.572432357
245.000000000 -0.843147748
244.000000000 -1.769519832
243.000000000 -0.940906243
242.000000000 -2.307528673
241.000000000 -4.628006985
240.000000000 -2.226549140
239.000000000 -3.698716589
238.000000000 -3.031673825
237.000000000 -5.121612898
236.000000000 -3.996894061
235.000000000 -6.161245002
234.000000000 -5.668043656
233.000000000 -6.499709760
232.000000000 -9.427178627
231.000000000 -10.054106309
230.000000000 -11.187837592
229.000000000 -11.889458417
228.000000000 -13.506082163
227.000000000 -11.253584844
226.000000000 -14.929177512
225.000000000 -17.633188357
224.000000000 -13.987190833
223.000000000 -19.220848190
222.000000000 -16.799925189
221.000000000 -17.461973444
220.000000000 -16.562713984
219.000000000 -19.347189492
218.000000000 -16.948366436
217.000000000 -16.561197381
216.000000000 -18.437471261
215.000000000 -21.695424043
214.000000000 -18.137608323
213.000000000 -17.542847893
212.000000000 -19.746907944
211.000000000 -15.291760073
210.000000000 -22.137180212
209.000000000 -16.751029587
208.000000000 -13.548201183
207.000000000 -14.313193389
206.000000000 -20.684162397
205.000000000 -11.706829724
204.000000000 -7.149614563
203.000000000 -13.465839591
202.000000000 2.423578269
201.000000000 -3.122801405
200.000000000 2.139434047
199.000000000 25.742039964
198.000000000 18.758582591
197.000000000 4.603689234
196.000000000 23.800871925
195.000000000 35.048883160
194.000000000 25.384519043
193.000000000 20.189411854
192.000000000 18.755840097
191.000000000 23.122135090
190.000000000 10.935655635
