260.000000000 -2.018783633
259.000000000 -1.441129260
258.000000000 -1.673815414
257.000000000 -1.488820808
256.000000000 -1.572687903
255.000000000 -0.202045528
254.000000000 -0.222475459
253.000000000 1.025282951
252.000000000 -0.839504259
251.000000000 -1.004575128
250.000000000 -0.541950727
249.000000000 -0.765654427
248.000000000 -0.832769507
247.000000000 -2.025263963
246.000000000 -2.280264384
245.000000000 -1.459335926
244.000000000 -2.372138638
243.000000000 -3.190800894
242.000000000 -4.098960905
241.000000000 -3.045033348
240.000000000 -0.551817710
239.000000000 -4.979349836
238.000000000 -3.985271843
237.000000000 -3.554914500
236.000000000 -4.400124956
235.000000000 -6.339131596
234.000000000 -6.306439667
233.000000000 -4.946054602
232.000000000 -8.886839684
231.000000000 -9.886715761
230.000000000 -10.348241097
229.000000000 -12.374052962
228.000000000 -12.903632610
227.000000000 -15.395079838
226.000000000 -11.962905810
225.000000000 -15.055784203
224.000000000 -15.490140870
223.000000000 -18.796583812
222.000000000 -14.748451189
221.000000000 -17.916330348
220.000000000 -14.586733049
219.000000000 -18.732693041
218.000000000 -16.043942661
217.000000000 -19.542252145
216.000000000 -24.184086250
215.000000000 -18.018408770
214.000000000 -19.183796418
213.000000000 -19.774346244
212.000000000 -21.030482752
211.000000000 -23.159147512
210.000000000 -19.328807709
209.000000000 -21.122501237
208.000000000 -17.776336073
207.000000000 -17.779127316
206.000000000 -12.489841347
205.000000000 -16.736125898
204.000000000 -21.825974976
203.000000000 -9.550615635
202.000000000 -14.589565725
201.000000000 -9.627148866
200.000000000 -12.546845051
199.000000000 -5.366420214
198.000000000 14.687620199
197.000000000 -0.841584032
196.000000000 26.458668331
195.000000000 -3.952408458
194.000000000 16.095147461
193.000000000 4.428784506
192.000000000 25.710440303
191.000000000 47.676720138
190.000000000 -12.136593192
