260.000000000 -1.940347852
259.000000000 -0.384900219
258.000000000 -0.990068828
257.000000000 -0.067617612
256.000000000 0.039026804
255.000000000 0.322336578
254.000000000 -1.458125263
253.000000000 0.618402836
252.000000000 -2.257836969
251.000000000 -0.021054465
250.000000000 -1.352993407
249.000000000 -0.988712490
248.000000000 -0.584298238
247.000000000 -1.134479517
246.000000000 -1.090986117
245.000000000 -0.771263320
244.000000000 -1.670823835
243.000000000 -1.432299094
242.000000000 -3.101896947
241.000000000 -1.983079032
240.000000000 -5.512872159
239.000000000 -3.953819505
238.000000000 -3.180135843
237.000000000 -3.929821056
236.000000000 -7.495600737
235.000000000 -5.906003350
234.000000000 -4.994727379
233.000000000 -6.765077688
232.000000000 -6.731921891
231.000000000 -8.393044129
230.000000000 -9.988382909
229.000000000 -9.771629695
228.000000000 -11.848127688
227.000000000 -12.786667856
226.000000000 -11.741507263
225.000000000 -13.350376368
224.000000000 -15.211144936
223.000000000 -16.695480062
222.000000000 -20.824026952
221.000000000 -16.259197616
220.000000000 -19.596261565
219.000000000 -17.626832329
218.000000000 -16.202978998
217.000000000 -17.400818591
216.000000000 -19.485899893
215.000000000 -24.182775400
214.000000000 -20.661337517
213.000000000 -20.897902917
212.000000000 -21.171698621
211.000000000 -17.591038622
210.000000000 -19.323748213
209.000000000 -15.915710273
208.000000000 -24.664434566
207.000000000 -15.283154939
206.000000000 -11.416080033
205.000000000 -15.374275799
204.000000000 -14.702173577
203.000000000 -15.660717979
202.000000000 -18.988503440
201.000000000 1.155858170
200.000000000 -9.809005933
199.000000000 0.100054955
198.000000000 3.170310696
197.000000000 15.482948186
196.000000000 4.313549407
195.000000000 43.967200308
194.000000000 9.989550158
193.000000000 0.068708881
192.000000000 23.017618777
191.000000000 -1.670267259
190.000000000 1.321624364
