260.000000000 -0.686748505
259.000000000 -1.515611720
258.000000000 0.130446558
257.000000000 -0.413116246
256.000000000 -0.025207089
255.000000000 -1.406485674
254.000000000 -0.847187926
253.000000000 -1.768588354
252.000000000 -1.206955374
251.000000000 -0.777326860
250.000000000 -1.200801147
249.000000000 -1.799351674
248.000000000 -2.081009459
247.000000000 -0.636309827
246.000000000 -2.349731535
245.000000000 -1.755413378
244.000000000 -2.431523687
243.000000000 -2.029391498
242.000000000 -0.600119651
241.000000000 -1.993956569
240.000000000 -3.411891599
239.000000000 -1.331272224
238.000000000 -4.651126614
237.000000000 -6.411785302
236.000000000 -5.236770974
235.000000000 -6.538948321
234.000000000 -7.995245323
233.000000000 -6.096209790
232.000000000 -7.673351608
231.000000000 -10.745637933
230.000000000 -11.799763172
229.000000000 -11.304959517
228.000000000 -14.532957235
227.000000000 -14.655860193
226.000000000 -14.794098859
225.000000000 -14.491388829
224.000000000 -16.409959920
223.000000000 -16.406950212
222.000000000 -16.541964421
221.000000000 -19.060444908
220.000000000 -16.717000436
219.000000000 -21.956928505
218.000000000 -20.446387140
217.000000000 -19.982983883
216.000000000 -18.647033014
215.000000000 -20.041398383
214.000000000 -19.778475031
213.000000000 -21.320501466
212.000000000 -20.821207447
211.000000000 -23.685674603
210.000000000 -17.092908093
209.000000000 -12.422373199
208.000000000 -14.830143071
207.000000000 -17.266362634
206.000000000 -14.726080891
205.000000000 -7.691125168
204.000000000 -10.148124633
203.000000000 -8.299479550
202.000000000 -1.042264424
201.000000000 0.543528184
200.000000000 2.393240505
199.000000000 14.955389162
198.000000000 9.744526795
197.000000000 24.989128852
196.000000000 27.239851299
195.000000000 23.521638354
194.000000000 14.955591303
193.000000000 34.546069952
192.000000000 14.243598491
191.000000000 11.473662175
190.000000000 19.694901484
