260.000000000 -0.092582871
259.000000000 -0.415930042
258.000000000 -1.080624697
257.000000000 -0.320442474
256.000000000 0.569619423
255.000000000 -1.100994620
254.000000000 -1.142497827
253.000000000 -1.058520345
252.000000000 -0.303157851
251.000000000 -0.364201067
250.000000000 -1.297846662
249.000000000 -1.514152363
248.000000000 -1.585727801
247.000000000 -1.785430585
246.000000000 -3.201259440
245.000000000 -0.266867248
244.000000000 -2.203767460
243.000000000 -3.334881393
242.000000000 -1.050006009
241.000000000 -3.022857385
240.000000000 -2.407149433
239.000000000 -3.169088623
238.000000000 -5.110210542
237.000000000 -3.198308123
236.000000000 -3.582375911
235.000000000 -6.873840267
234.000000000 -6.900737818
233.000000000 -6.998415875
232.000000000 -8.823728240
231.000000000 -10.453184362
230.000000000 -9.666081197
229.000000000 -10.109192603
228.000000000 -12.018661024
227.000000000 -13.265290960
226.000000000 -14.700892356
225.000000000 -14.344694210
224.000000000 -15.810406660
223.000000000 -13.726571074
222.000000000 -14.642585031
221.000000000 -19.485929112
220.000000000 -17.106014413
219.000000000 -17.716109061
218.000000000 -16.845137122
217.000000000 -17.620723500
216.000000000 -14.184025790
215.000000000 -20.525980744
214.000000000 -14.807033988
213.000000000 -17.499843094
212.000000000 -14.389074392
211.000000000 -20.777365738
210.000000000 -19.921299999
209.000000000 -17.719223351
208.000000000 -17.879611999
207.000000000 -17.921820906
206.000000000 -13.996859307
205.000000000 -14.806430191
204.000000000 -10.486999060
203.000000000 -7.556948575
202.000000000 0.001705211
201.000000000 5.323694770
200.000000000 14.853613775
199.000000000 6.658131961
198.000000000 17.372178996
197.000000000 6.663023604
196.000000000 9.584764638
195.000000000 23.367790476
194.000000000 -1.889782196
193.000000000 1.994644649
192.000000000 38.188998946
191.000000000 36.072242210
190.000000000 16.811301628
