260.000000000 0.213969603
259.000000000 -0.179029810
258.000000000 -0.184843941
257.000000000 -2.977266148
256.000000000 -0.377178245
255.000000000 -0.827254152
254.000000000 -0.642389146
253.000000000 -2.378469112
252.000000000 0.773250070
251.000000000 -1.010102160
250.000000000 -2.644283856
249.000000000 -1.372568081
248.000000000 -2.063840226
247.000000000 -1.105638661
246.000000000 -2.034245927
245.000000000 -3.580227101
244.000000000 -1.659062333
243.000000000 -3.061860735
242.000000000 -1.804667233
241.000000000 -2.500437787
240.000000000 -2.236363069
239.000000000 -2.501602986
238.000000000 -3.538190046
237.000000000 -3.319091879
236.000000000 -4.573496943
235.000000000 -5.221087630
234.000000000 -6.394228883
233.000000000 -6.280604472
232.000000000 -8.050816612
231.000000000 -8.363500587
230.000000000 -9.848973693
229.000000000 -10.175201373
228.000000000 -9.022013037
227.000000000 -11.068691636
226.000000000 -11.835752399
225.000000000 -12.266868397
224.000000000 -15.849050807
223.000000000 -16.481145763
222.000000000 -13.204170314
221.000000000 -13.950404446
220.000000000 -17.166283446
219.000000000 -15.206768056
218.000000000 -16.089480635
217.000000000 -17.642464524
216.000000000 -13.150773824
215.000000000 -19.589177276
214.000000000 -13.967314701
213.000000000 -15.364397001
212.000000000 -18.386504944
211.000000000 -12.883760765
210.000000000 -19.867484935
209.000000000 -8.499980387
208.000000000 -13.976895745
207.000000000 -9.903008240
206.000000000 -21.321039563
205.000000000 -17.527408282
204.000000000 -10.320417007
203.000000000 -5.960369776
202.000000000 -5.172191635
201.000000000 1.406436629
200.000000000 8.764438474
199.000000000 4.359284514
198.000000000 25.275398094
197.000000000 4.583771046
196.000000000 23.708219638
195.000000000 15.355847017
194.000000000 10.824258282
193.000000000 13.813650225
192.000000000 18.404509390
191.000000000 19.852016588
190.000000000 41.384042868
