260.000000000 -0.919473433
259.000000000 -2.307992557
258.000000000 -1.039102686
257.000000000 0.062564030
256.000000000 -1.078162316
255.000000000 -1.235502367
254.000000000 -0.754509826
253.000000000 -0.396982077
252.000000000 -1.332653910
251.000000000 -1.064650490
250.000000000 -2.720479349
249.000000000 -1.970092329
248.000000000 -0.492957891
247.000000000 -1.864505749
246.000000000 -0.620901381
245.000000000 -3.782509528
244.000000000 -1.009989552
243.000000000 -0.461966995
242.000000000 -3.367507146
241.000000000 -1.837720294
240.000000000 -3.347418266
239.000000000 -3.039501168
238.000000000 -3.002519219
237.000000000 -5.465828783
236.000000000 -6.106948438
235.000000000 -5.100672937
234.000000000 -4.825552551
233.000000000 -9.173835293
232.000000000 -10.368958047
231.000000000 -8.724714182
230.000000000 -11.808399883
229.000000000 -9.749497634
228.000000000 -11.717776784
227.000000000 -12.931021606
226.000000000 -14.425173117
225.000000000 -14.420914855
224.000000000 -14.402444019
223.000000000 -14.963218028
222.000000000 -17.078448171
221.000000000 -15.385886308
220.000000000 -17.636435789
219.000000000 -16.955624341
218.000000000 -16.604280736
217.000000000 -18.037530645
216.000000000 -17.637989918
215.000000000 -19.073708832
214.000000000 -21.012482219
213.000000000 -17.281828818
212.000000000 -17.100030830
211.000000000 -18.656073475
210.000000000 -11.247468900
209.000000000 -22.846115541
208.000000000 -23.600935872
207.000000000 -10.097886462
206.000000000 -17.253148028
205.000000000 -14.893211958
204.000000000 -4.710305402
203.000000000 -0.121649624
202.000000000 -4.360874909
201.000000000 3.976899707
200.000000000 3.622838643
199.000000000 14.321828116
198.000000000 18.563720950
197.000000000 12.192971883
196.000000000 16.742238648
195.000000000 18.743065847
194.000000000 35.093377249
193.000000000 16.127342490
192.000000000 34.416695885
191.000000000 21.280007750
190.000000000 40.282896628
