260.000000000 -0.018170609
259.000000000 -0.989874678
258.000000000 -0.304155002
257.000000000 0.537417256
256.000000000 0.034175563
255.000000000 0.337697588
254.000000000 -0.801444671
253.000000000 -1.701300625
252.000000000 -0.662485288
251.000000000 -0.625199663
250.000000000 -1.000272310
249.000000000 -0.462934613
248.000000000 -0.160279714
247.000000000 -0.491136656
246.000000000 -1.419334249
245.000000000 -2.412299121
244.000000000 -2.610654080
243.000000000 -1.822436699
242.000000000 -1.588993326
241.000000000 -3.719718646
240.000000000 -2.847704655
239.000000000 -1.808915788
238.000000000 -2.912566162
237.000000000 -4.786105560
236.000000000 -4.481812997
235.000000000 -5.726941705
234.000000000 -5.476935875
233.000000000 -6.531943461
232.000000000 -8.121823500
231.000000000 -10.263279789
230.000000000 -10.389802922
229.000000000 -11.237046975
228.000000000 -10.966868196
227.000000000 -13.345314175
226.000000000 -12.675184208
225.000000000 -15.502218047
224.000000000 -14.611890523
223.000000000 -18.409846040
222.000000000 -18.280520789
221.000000000 -15.878470995
220.000000000 -18.665171338
219.000000000 -17.300499654
218.000000000 -20.333739725
217.000000000 -20.175838865
216.000000000 -16.054984653
215.000000000 -17.500965758
214.000000000 -21.007240839
213.000000000 -18.704921336
212.000000000 -14.900219687
211.000000000 -24.364781923
210.000000000 -20.803241749
209.000000000 -20.747272207
208.000000000 -23.143452521
207.000000000 -17.551412705
206.000000000 -17.493045622
205.000000000 -14.091449347
204.000000000 -10.176543861
203.000000000 -7.871647208
202.000000000 0.579422253
201.000000000 1.737515676
200.000000000 2.437594629
199.000000000 -2.294243415
198.000000000 13.412871858
197.000000000 11.313634341
196.000000000 0.953793319
195.000000000 18.872487643
194.000000000 15.250965622
193.000000000 19.827172444
192.000000000 22.413878933
191.000000000 27.033268039
190.000000000 33.472149012
