260.000000000 -0.814888157
259.000000000 -0.914819423
258.000000000 -1.337504869
257.000000000 0.097345660
256.000000000 -1.340099922
255.000000000 -2.011066451
254.000000000 0.563573142
253.000000000 0.131222234
252.000000000 -1.481399488
251.000000000 -2.033855167
250.000000000 0.481637616
249.000000000 -1.335831989
248.000000000 -0.862756982
247.000000000 -0.738073662
246.000000000 -0.693090639
245.000000000 -2.055229609
244.000000000 -0.651022828
243.000000000 -2.618021136
242.000000000 -0.836569907
241.000000000 -1.593537337
240.000000000 -0.686959558
239.000000000 -4.276851556
238.000000000 -2.898733872
237.000000000 -4.957965189
236.000000000 -5.040268210
235.000000000 -5.279203941
234.000000000 -7.375356402
233.000000000 -6.939862717
232.000000000 -7.785979378
231.000000000 -10.552700697
230.000000000 -9.235016875
229.000000000 -9.577710489
228.000000000 -14.089352259
227.000000000 -14.313236699
226.000000000 -13.939885484
225.000000000 -14.602019098
224.000000000 -14.009778236
223.000000000 -14.406173286
222.000000000 -17.569110676
221.000000000 -19.463818789
220.000000000 -16.229961635
219.000000000 -20.676611693
218.000000000 -19.197856929
217.000000000 -17.545018543
216.000000000 -21.369808856
215.000000000 -18.371796887
214.000000000 -19.114212985
213.000000000 -17.193171064
212.000000000 -19.339640799
211.000000000 -23.279712156
210.000000000 -19.653301455
209.000000000 -21.933410916
208.000000000 -13.392084613
207.000000000 -24.095047164
206.000000000 -20.481224406
205.000000000 -8.019735224
204.000000000 -19.814232729
203.000000000 -5.359816459
202.000000000 -23.665928300
201.000000000 -13.557487669
200.000000000 -12.458542094
199.000000000 3.074916325
198.000000000 -5.705274762
197.000000000 9.686520287
196.000000000 10.379697619
195.000000000 8.758902302
194.000000000 15.803398711
193.000000000 10.301803875
192.000000000 39.175050396
191.000000000 57.475619718
190.000000000 -2.740166642
