260.000000000 0.697196174
259.000000000 -1.743521942
258.000000000 0.346534476
257.000000000 -0.688380791
256.000000000 -0.972970397
255.000000000 -0.326739379
254.000000000 -1.856976941
253.000000000 0.123123165
252.000000000 -1.680891773
251.000000000 -1.334004636
250.000000000 -1.426751683
249.000000000 -1.595847321
248.000000000 -1.425181010
247.000000000 -0.203386294
246.000000000 -0.724784175
245.000000000 -2.401133944
244.000000000 -2.577653837
243.000000000 -1.272212312
242.000000000 -1.801871203
241.000000000 -4.152486347
240.000000000 -4.130406366
239.000000000 -3.804421278
238.000000000 -3.934102526
237.000000000 -4.323633511
236.000000000 -6.538202634
235.000000000 -4.615590522
234.000000000 -5.441403193
233.000000000 -6.497680711
232.000000000 -7.670587347
231.000000000 -9.272617240
230.000000000 -7.780567291
229.000000000 -13.230324991
228.000000000 -9.100728634
227.000000000 -13.171169764
226.000000000 -13.972206608
225.000000000 -11.652473847
224.000000000 -12.297473073
223.000000000 -16.978231760
222.000000000 -14.746242034
221.000000000 -15.120972818
220.000000000 -15.229279409
219.000000000 -15.286682607
218.000000000 -17.554507045
217.000000000 -18.172838647
216.000000000 -18.999741909
215.000000000 -16.470919212
214.000000000 -18.054673155
213.000000000 -23.193847465
212.000000000 -15.283208404
211.000000000 -18.210558579
210.000000000 -10.561849166
209.000000000 -11.565919217
208.000000000 -18.243587740
207.000000000 -14.978164209
206.000000000 -14.561931046
205.000000000 -13.703532283
204.000000000 -21.161489311
203.000000000 -7.959733760
202.000000000 -11.091562134
201.000000000 6.663604975
200.000000000 0.287105338
199.000000000 15.733155896
198.000000000 22.631526981
197.000000000 17.065154955
196.000000000 8.688295126
195.000000000 18.105493249
194.000000000 17.381194009
193.000000000 23.624977618
192.000000000 33.320432206
191.000000000 -2.283865090
190.000000000 12.612898035
