260.000000000 -0.316936755
259.000000000 -0.671318678
258.000000000 -0.471487189
257.000000000 0.168765493
256.000000000 -1.999139918
255.000000000 -1.102774609
254.000000000 0.142779118
253.000000000 -0.746104667
252.000000000 -0.261908543
251.000000000 0.380093592
250.000000000 0.030682465
249.000000000 -0.564139767
248.000000000 -2.003996977
247.000000000 -0.031556769
246.000000000 -0.911230595
245.000000000 -0.360162199
244.000000000 -1.933450150
243.000000000 -2.083140891
242.000000000 -2.011023628
241.000000000 -2.247950539
240.000000000 -3.089406817
239.000000000 -3.969528887
238.000000000 -1.678953890
237.000000000 -4.859122706
236.000000000 -4.142345109
235.000000000 -6.377224161
234.000000000 -5.480008359
233.000000000 -7.912659131
232.000000000 -8.756860464
231.000000000 -7.918214332
230.000000000 -11.152478041
229.000000000 -10.923271927
228.000000000 -11.557266456
227.000000000 -11.362719721
226.000000000 -13.014451388
225.000000000 -15.523006404
224.000000000 -16.316254931
223.000000000 -15.817516870
222.000000000 -16.188214863
221.000000000 -18.205445068
220.000000000 -19.050493489
219.000000000 -17.648791327
218.000000000 -14.832619646
217.000000000 -20.345652533
216.000000000 -15.033954042
215.000000000 -18.597971957
214.000000000 -18.935964327
213.000000000 -22.802493362
212.000000000 -16.214524916
211.000000000 -23.434010937
210.000000000 -18.958032554
209.000000000 -18.447079814
208.000000000 -11.976478204
207.000000000 -21.209069529
206.000000000 -21.323375736
205.000000000 -4.839299626
204.000000000 -29.630275193
203.000000000 -10.646430352
202.000000000 -20.819537313
201.000000000 -26.341615235
200.000000000 -7.127381429
199.000000000 -3.047911914
198.000000000 16.703132100
197.000000000 2.495808544
196.000000000 0.777891876
195.000000000 11.769511686
194.000000000 17.855186352
193.000000000 29.006406618
192.000000000 0.188007064
191.000000000 -25.278955937
190.000000000 6.759373116
