260.000000000 -0.528919260
259.000000000 -1.462783941
258.000000000 -1.823230266
257.000000000 -0.728077686
256.000000000 0.084300159
255.000000000 0.401508801
254.000000000 -1.543300696
253.000000000 0.212941407
252.000000000 -0.364723977
251.000000000 -2.116368559
250.000000000 0.576361656
249.000000000 -1.282242591
248.000000000 -1.880711230
247.000000000 -0.314135544
246.000000000 -1.197243372
245.000000000 -1.812585185
244.000000000 -0.499420926
243.000000000 -1.839554081
242.000000000 -2.630901280
241.000000000 -2.101507458
240.000000000 -3.034154057
239.000000000 -5.197374839
238.000000000 -3.908203044
237.000000000 -3.999688049
236.000000000 -4.221435778
235.000000000 -5.968542307
234.000000000 -7.716449426
233.000000000 -9.674958035
232.000000000 -7.493888857
231.000000000 -9.026067143
230.000000000 -10.819829759
229.000000000 -10.269045060
228.000000000 -9.523968364
227.000000000 -13.186081805
226.000000000 -11.796949718
225.000000000 -12.865206512
224.000000000 -14.234307942
223.000000000 -16.261140312
222.000000000 -16.303529424
221.000000000 -16.813783152
220.000000000 -20.321797600
219.000000000 -19.843747043
218.000000000 -17.756855016
217.000000000 -20.222992143
216.000000000 -17.422068099
215.000000000 -22.737382601
214.000000000 -23.607130325
213.000000000 -19.531723410
212.000000000 -15.037997361
211.000000000 -19.467889852
210.000000000 -16.532747078
209.000000000 -25.246504662
208.000000000 -19.344063366
207.000000000 -21.612768919
206.000000000 -23.836148371
205.000000000 -15.875653420
204.000000000 -18.125369969
203.000000000 -13.414541131
202.000000000 -13.229461288
201.000000000 -5.546108908
200.000000000 0.759018391
199.000000000 4.102405214
198.000000000 11.829504924
197.000000000 8.252731190
196.000000000 -7.180054071
195.000000000 6.006729494
194.000000000 29.470133311
193.000000000 6.561092114
192.000000000 -18.263736727
191.000000000 -15.749687811
190.000000000 -0.169182473
