260.000000000 0.001484417
259.000000000 -0.663839432
258.000000000 -0.447800161
257.000000000 -0.505895461
256.000000000 -2.651077675
255.000000000 -1.319148765
254.000000000 -1.519016109
253.000000000 -1.043512918
252.000000000 -1.950117762
251.000000000 -0.870730387
250.000000000 -0.349118766
249.000000000 -2.154606407
248.000000000 -3.136192443
247.000000000 -1.760799230
246.000000000 -0.216592567
245.000000000 -2.858096331
244.000000000 -2.552074636
243.000000000 -2.468707370
242.000000000 -1.910052902
241.000000000 -2.281036454
240.000000000 -2.632855560
239.000000000 -3.482055571
238.000000000 -3.746331699
237.000000000 -3.478058675
236.000000000 -5.372187346
235.000000000 -8.234861419
234.000000000 -5.012317922
233.000000000 -8.019230039
232.000000000 -8.583034155
231.000000000 -11.291199320
230.000000000 -9.509181908
229.000000000 -12.751420512
228.000000000 -13.077575631
227.000000000 -14.381068922
226.000000000 -16.006142041
225.000000000 -15.872962044
224.000000000 -17.843754466
223.000000000 -18.652506535
222.000000000 -16.982161483
221.000000000 -19.935471927
220.000000000 -16.635176077
219.000000000 -20.746982514
218.000000000 -19.168607449
217.000000000 -21.577225842
216.000000000 -15.134420439
215.000000000 -20.497811243
214.000000000 -22.186054041
213.000000000 -19.320097444
212.000000000 -16.687450025
211.000000000 -20.693080651
210.000000000 -18.698729863
209.000000000 -13.929503040
208.000000000 -12.424225327
207.000000000 -10.534374031
206.000000000 -17.391518540
205.000000000 -23.303817213
204.000000000 -17.519397940
203.000000000 -11.376203464
202.000000000 -1.959533786
201.000000000 5.188664995
200.000000000 5.923187751
199.000000000 7.455185179
198.000000000 19.628361315
197.000000000 15.320257510
196.000000000 16.519907330
195.000000000 13.247979039
194.000000000 26.148154643
193.000000000 23.737091544
192.000000000 37.380373037
191.000000000 25.043907580
190.000000000 29.169799663
