260.000000000 0.597171266
259.000000000 0.187473627
258.000000000 -0.278539098
257.000000000 -1.252747984
256.000000000 -0.508749875
255.000000000 0.268114800
254.000000000 -1.145087299
253.000000000 -1.228308961
252.000000000 -0.592933126
251.000000000 -2.345952337
250.000000000 -0.933339067
249.000000000 -0.255353930
248.000000000 -2.969927283
247.000000000 0.933432415
246.000000000 -2.694566631
245.000000000 -0.840494627
244.000000000 -0.505941859
243.000000000 -1.235313355
242.000000000 -2.773778883
241.000000000 -3.570886409
240.000000000 -2.468762093
239.000000000 -2.649271706
238.000000000 -3.212482679
237.000000000 -5.392500107
236.000000000 -6.240500693
235.000000000 -7.043211244
234.000000000 -7.103728469
233.000000000 -8.476016571
232.000000000 -8.542509176
231.000000000 -8.836860414
230.000000000 -11.389405645
229.000000000 -11.276647923
228.000000000 -11.114408778
227.000000000 -15.228856439
226.000000000 -12.833969496
225.000000000 -13.390897649
224.000000000 -15.466125160
223.000000000 -15.803261428
222.000000000 -18.385846050
221.000000000 -18.830195538
220.000000000 -17.729485562
219.000000000 -17.866619355
218.000000000 -20.211476802
217.000000000 -19.341625150
216.000000000 -17.414277229
215.000000000 -19.008912491
214.000000000 -22.012912774
213.000000000 -21.000388899
212.000000000 -17.639091876
211.000000000 -15.356017644
210.000000000 -11.894981720
209.000000000 -15.516416216
208.000000000 -16.049540859
207.000000000 -16.636314302
206.000000000 -22.507389789
205.000000000 -9.276383574
204.000000000 -9.810295702
203.000000000 -5.711638425
202.000000000 -9.301124459
201.000000000 0.134751969
200.000000000 -7.614590386
199.000000000 21.292155657
198.000000000 9.839742322
197.000000000 21.680098644
196.000000000 11.008460138
195.000000000 -3.580157185
194.000000000 24.817236415
193.000000000 26.006015087
192.000000000 2.273401156
191.000000000 31.567991895
190.000000000 27.199043520
