260.000000000 1.343465839
259.000000000 -2.309172068
258.000000000 -0.961303537
257.000000000 -1.303282015
256.000000000 -0.962305486
255.000000000 -0.459485212
254.000000000 -1.195167741
253.000000000 -0.745116038
252.000000000 -1.878739154
251.000000000 -1.237806826
250.000000000 -0.845081097
249.000000000 -1.759332147
248.000000000 -2.758585352
247.000000000 -1.573916534
246.000000000 -1.307251616
245.000000000 -2.208477864
244.000000000 -2.038417230
243.000000000 -2.191924824
242.000000000 -2.125975028
241.000000000 -3.735229890
240.000000000 -2.648645718
239.000000000 -1.896741472
238.000000000 -3.638797656
237.000000000 -4.256766119
236.000000000 -4.019048291
235.000000000 -5.534481077
234.000000000 -7.820887137
233.000000000 -7.122774196
232.000000000 -7.381762131
231.000000000 -8.349015488
230.000000000 -11.205557100
229.000000000 -11.263657949
228.000000000 -9.308953139
227.000000000 -11.264356339
226.000000000 -14.384983798
225.000000000 -14.506666847
224.000000000 -15.855323226
223.000000000 -15.105593531
222.000000000 -15.121838860
221.000000000 -14.839106339
220.000000000 -19.586618669
219.000000000 -19.428467091
218.000000000 -18.193633779
217.000000000 -18.678580978
216.000000000 -18.493781741
215.000000000 -14.339960772
214.000000000 -18.557845540
213.000000000 -15.828308149
212.000000000 -19.634859450
211.000000000 -18.676101866
210.000000000 -20.324714929
209.000000000 -20.802793823
208.000000000 -17.956013247
207.000000000 -12.063490967
206.000000000 -16.270417665
205.000000000 -8.569126409
204.000000000 -12.668968978
203.000000000 -12.047055406
202.000000000 -5.697403212
201.000000000 3.401179618
200.000000000 0.573142110
199.000000000 6.743834495
198.000000000 5.749783274
197.000000000 13.024521500
196.000000000 19.639604566
195.000000000 28.098583256
194.000000000 12.550763607
193.000000000 21.209917034
192.000000000 -3.473568129
191.000000000 25.175338677
190.000000000 27.468930165
