260.000000000 0.983359123
259.000000000 -0.105076978
258.000000000 -0.063937471
257.000000000 -0.392374276
256.000000000 -1.702141163
255.000000000 -1.412087933
254.000000000 0.741934338
253.000000000 -0.448771948
252.000000000 -0.569839888
251.000000000 -2.105261726
250.000000000 -1.110218268
249.000000000 -1.826143446
248.000000000 -1.092435502
247.000000000 -2.680917775
246.000000000 -1.886959946
245.000000000 -2.316099484
244.000000000 -2.729475622
243.000000000 -0.914602090
242.000000000 -2.236558036
241.000000000 -2.307788369
240.000000000 -3.384441161
239.000000000 -2.379262061
238.000000000 -4.312977494
237.000000000 -3.477430975
236.000000000 -4.667559043
235.000000000 -8.622238266
234.000000000 -4.278438450
233.000000000 -9.294437893
232.000000000 -6.944763462
231.000000000 -9.861746590
230.000000000 -10.157073057
229.000000000 -10.141399534
228.000000000 -13.208478318
227.000000000 -12.372057784
226.000000000 -11.341843887
225.000000000 -14.909879253
224.000000000 -15.522516575
223.000000000 -16.167660533
222.000000000 -14.996950252
221.000000000 -18.856575037
220.000000000 -21.377391177
219.000000000 -18.633867147
218.000000000 -21.432536244
217.000000000 -16.690174881
216.000000000 -16.443381778
215.000000000 -21.959807065
214.000000000 -17.031095834
213.000000000 -16.357732134
212.000000000 -21.817993557
211.000000000 -18.062337999
210.000000000 -18.284575766
209.000000000 -19.199738549
208.000000000 -21.346677172
207.000000000 -11.459826501
206.000000000 -15.936660096
205.000000000 -15.294242171
204.000000000 -13.290726848
203.000000000 -20.588723063
202.000000000 -8.819659337
201.000000000 -5.008457274
200.000000000 -12.470697497
199.000000000 -13.280852750
198.000000000 -0.469848657
197.000000000 10.742003350
196.000000000 7.751126963
195.000000000 18.269644449
194.000000000 27.472586252
193.000000000 28.245953840
192.000000000 21.761790482
191.000000000 -3.176183152
190.000000000 -50.969548837
