260.000000000 -0.104275642
259.000000000 -1.353983380
258.000000000 -1.513977635
257.000000000 0.546526781
256.000000000 -2.163210877
255.000000000 -0.049278103
254.000000000 -1.547459279
253.000000000 -0.106338225
252.000000000 -1.934650859
251.000000000 -1.586551504
250.000000000 -1.165308380
249.000000000 -3.155871538
248.000000000 -2.466205590
247.000000000 -1.313089609
246.000000000 -3.862449285
245.000000000 -1.736728065
244.000000000 -2.059221435
243.000000000 -0.922899715
242.000000000 -2.124700137
241.000000000 -1.815737238
240.000000000 -2.467200771
239.000000000 -3.375594980
238.000000000 -4.128864619
237.000000000 -4.334103477
236.000000000 -5.676195519
235.000000000 -6.198038277
234.000000000 -6.950300007
233.000000000 -8.395998899
232.000000000 -7.867479654
231.000000000 -7.095314725
230.000000000 -9.547197337
229.000000000 -10.963737908
228.000000000 -10.756579820
227.000000000 -11.354870852
226.000000000 -14.455633654
225.000000000 -13.755664768
224.000000000 -13.751001989
223.000000000 -14.442120319
222.000000000 -13.420621281
221.000000000 -13.394186181
220.000000000 -15.461255509
219.000000000 -18.189614439
218.000000000 -14.220688071
217.000000000 -14.320561494
216.000000000 -17.405620123
215.000000000 -19.433638446
214.000000000 -17.137882826
213.000000000 -18.225861995
212.000000000 -17.181646022
211.000000000 -13.526826892
210.000000000 -11.849653297
209.000000000 -11.655341816
208.000000000 -16.632442256
207.000000000 -15.711131620
206.000000000 -17.896920990
205.000000000 -9.836038607
204.000000000 -5.620699301
203.000000000 -9.542221323
202.000000000 -7.591093388
201.000000000 6.784474459
200.000000000 -1.101461933
199.000000000 6.329196437
198.000000000 13.427778244
197.000000000 18.856166007
196.000000000 5.605351363
195.000000000 37.680295377
194.000000000 21.626233119
193.000000000 9.371705020
192.000000000 13.623229169
191.000000000 38.174563471
190.000000000 54.372245729
