260.000000000 -0.524992487
259.000000000 -0.689104637
258.000000000 -0.812717401
257.000000000 -0.031480809
256.000000000 -1.319993645
255.000000000 0.050247717
254.000000000 -0.834201918
253.000000000 -1.303411278
252.000000000 0.376647413
251.000000000 -3.369438856
250.000000000 -1.449870906
249.000000000 -1.677385321
248.000000000 -1.999036691
247.000000000 -1.014394084
246.000000000 -1.520394633
245.000000000 -1.459684821
244.000000000 -0.799094226
243.000000000 -1.308157724
242.000000000 -2.511867924
241.000000000 -1.025257302
240.000000000 -2.697051704
239.000000000 -2.801169448
238.000000000 -3.816807344
237.000000000 -5.487012708
236.000000000 -4.628959054
235.000000000 -5.949457714
234.000000000 -6.780962475
233.000000000 -6.870922307
232.000000000 -7.361518960
231.000000000 -8.179798708
230.000000000 -8.123377130
229.000000000 -10.775536305
228.000000000 -13.518042696
227.000000000 -11.129206924
226.000000000 -12.811408868
225.000000000 -15.488496638
224.000000000 -15.233193565
223.000000000 -16.584766454
222.000000000 -19.146799627
221.000000000 -20.891797621
220.000000000 -21.012738369
219.000000000 -20.789314525
218.000000000 -21.454739420
217.000000000 -22.863010228
216.000000000 -19.307129192
215.000000000 -19.446410146
214.000000000 -20.499217165
213.000000000 -14.635271458
212.000000000 -18.950787846
211.000000000 -20.633945957
210.000000000 -15.960492729
209.000000000 -15.091381075
208.000000000 -14.835856852
207.000000000 -17.709464212
206.000000000 -17.736941007
205.000000000 -15.800314750
204.000000000 -18.430213658
203.000000000 -13.722122738
202.000000000 -14.127670905
201.000000000 -4.572648829
200.000000000 -12.357068997
199.000000000 -4.787199778
198.000000000 0.397372188
197.000000000 7.745468385
196.000000000 5.820605683
195.000000000 -3.791757863
194.000000000 -1.807648027
193.000000000 19.018497023
192.000000000 12.513608451
191.000000000 8.433197661
190.000000000 40.539753895
