260.000000000 -1.073462098
259.000000000 -1.330712940
258.000000000 0.256740720
257.000000000 -0.091746949
256.000000000 -1.183295048
255.000000000 -2.217268455
254.000000000 -0.551804866
253.000000000 -0.782843731
252.000000000 -2.349188377
251.000000000 -1.263497550
250.000000000 -1.647703465
249.000000000 -1.391702150
248.000000000 -2.697861230
247.000000000 -0.868662936
246.000000000 -1.004863034
245.000000000 -2.842765385
244.000000000 -0.908974749
243.000000000 -2.162266790
242.000000000 -1.348728524
241.000000000 -3.371253106
240.000000000 -2.868408241
239.000000000 -3.372162390
238.000000000 -3.482918273
237.000000000 -3.436377301
236.000000000 -6.955236580
235.000000000 -6.964736156
234.000000000 -5.314131199
233.000000000 -10.493043190
232.000000000 -8.858746023
231.000000000 -8.939685241
230.000000000 -11.430346370
229.000000000 -12.669947909
228.000000000 -13.997711904
227.000000000 -13.450904546
226.000000000 -14.039019105
225.000000000 -18.020003662
224.000000000 -15.725616142
223.000000000 -16.622823431
222.000000000 -15.024497370
221.000000000 -21.230525736
220.000000000 -19.411371856
219.000000000 -19.233271543
218.000000000 -19.282235199
217.000000000 -17.628624295
216.000000000 -17.060414432
215.000000000 -16.594272871
214.000000000 -18.241096500
213.000000000 -18.321038838
212.000000000 -15.929513500
211.000000000 -22.439995037
210.000000000 -19.397725420
209.000000000 -21.313139391
208.000000000 -18.144933804
207.000000000 -12.051593739
206.000000000 -20.244161934
205.000000000 -8.745634579
204.000000000 -9.974837728
203.000000000 -10.518052256
202.000000000 4.184737583
201.000000000 2.683731001
200.000000000 6.958102033
199.000000000 18.220834643
198.000000000 17.280110171
197.000000000 10.003021064
196.000000000 31.137526919
195.000000000 16.645543278
194.000000000 20.005687542
193.000000000 10.604346110
192.000000000 38.104994399
191.000000000 25.902646239
190.000000000 30.476019393
