260.000000000 -1.041854641
259.000000000 -0.670500054
258.000000000 0.526532246
257.000000000 -0.824445289
256.000000000 -1.695096215
255.000000000 -1.161932458
254.000000000 0.654284000
253.000000000 -0.722387558
252.000000000 -2.085490082
251.000000000 -0.278397109
250.000000000 -1.196855413
249.000000000 -1.634984427
248.000000000 -1.992158986
247.000000000 -0.225088459
246.000000000 -0.698417089
245.000000000 -0.572927301
244.000000000 -1.912811377
243.000000000 -2.684989922
242.000000000 -1.740324777
241.000000000 -1.689009122
240.000000000 -2.179908178
239.000000000 -3.970873620
238.000000000 -3.451060140
237.000000000 -4.287431049
236.000000000 -6.149744456
235.000000000 -3.464089004
234.000000000 -5.592682808
233.000000000 -7.976418479
232.000000000 -7.697459277
231.000000000 -9.817605971
230.000000000 -10.628003708
229.000000000 -10.660587935
228.000000000 -10.739733105
227.000000000 -13.648173106
226.000000000 -13.322917219
225.000000000 -14.380706181
224.000000000 -16.008138356
223.000000000 -14.080037770
222.000000000 -17.581371243
221.000000000 -18.267526530
220.000000000 -17.633912994
219.000000000 -17.252799532
218.000000000 -19.850749658
217.000000000 -22.908218316
216.000000000 -21.747573206
215.000000000 -22.255944704
214.000000000 -23.810916780
213.000000000 -20.812469860
212.000000000 -17.854483207
211.000000000 -23.715010292
210.000000000 -20.364372103
209.000000000 -21.216712104
208.000000000 -18.969632653
207.000000000 -10.979674895
206.000000000 -15.539266849
205.000000000 -12.140587706
204.000000000 -17.746074884
203.000000000 -26.104253976
202.000000000 -9.218992188
201.000000000 -20.309876004
200.000000000 -9.529477738
199.000000000 -15.281232426
198.000000000 3.804589114
197.000000000 -1.903409016
196.000000000 -3.350945133
195.000000000 24.410561820
194.000000000 -8.516980594
193.000000000 -9.443693650
192.000000000 60.476293239
191.000000000 27.065100079
190.000000000 13.450006550
