260.000000000 -1.593096817
259.000000000 0.571536150
258.000000000 -0.105748743
257.000000000 -1.065628678
256.000000000 0.504040391
255.000000000 1.363448833
254.000000000 -2.125348414
253.000000000 -1.113862584
252.000000000 -0.350246979
251.000000000 -1.549601162
250.000000000 -1.532272001
249.000000000 -1.334040933
248.000000000 -0.741075810
247.000000000 -2.194661579
246.000000000 -1.962201534
245.000000000 -1.504099891
244.000000000 -0.508473609
243.000000000 -2.681667530
242.000000000 -2.281102176
241.000000000 -1.525773650
240.000000000 -3.770278637
239.000000000 -4.661461200
238.000000000 -3.685109696
237.000000000 -5.309440428
236.000000000 -3.990001457
235.000000000 -5.564887760
234.000000000 -8.353684569
233.000000000 -7.475281457
232.000000000 -9.500302238
231.000000000 -10.871232651
230.000000000 -12.153995793
229.000000000 -11.438247405
228.000000000 -13.007415003
227.000000000 -15.450907052
226.000000000 -16.098771125
225.000000000 -16.657088096
224.000000000 -17.501287996
223.000000000 -19.669616830
222.000000000 -18.748315278
221.000000000 -19.781858656
220.000000000 -19.416788985
219.000000000 -18.924689571
218.000000000 -19.858744100
217.000000000 -17.016304580
216.000000000 -21.881638873
215.000000000 -16.389083455
214.000000000 -17.719209227
213.000000000 -20.773718389
212.000000000 -18.157202726
211.000000000 -20.854748562
210.000000000 -16.585851881
209.000000000 -17.781464168
208.000000000 -20.937823051
207.000000000 -17.916455050
206.000000000 -12.100678818
205.000000000 -15.990355284
204.000000000 -6.588593452
203.000000000 -10.694736561
202.000000000 -13.197925163
201.000000000 -0.566866730
200.000000000 3.837714079
199.000000000 14.162914092
198.000000000 25.516773586
197.000000000 33.571084790
196.000000000 12.780691881
195.000000000 29.021911410
194.000000000 20.821230431
193.000000000 22.166473999
192.000000000 7.186921897
191.000000000 63.918387217
190.000000000 33.679027834
