260.000000000 -0.535731585
259.000000000 -0.321957243
258.000000000 -1.189329334
257.000000000 -1.094318510
256.000000000 -1.273068199
255.000000000 0.145313661
254.000000000 -0.709778859
253.000000000 -0.833418208
252.000000000 -2.713538081
251.000000000 -2.332228758
250.000000000 -1.127568866
249.000000000 -0.783830358
248.000000000 -0.799346178
247.000000000 0.095319518
246.000000000 -1.348942349
245.000000000 -1.804005547
244.000000000 -0.364886132
243.000000000 -2.179865271
242.000000000 -2.675077949
241.000000000 -2.318347591
240.000000000 -3.508758878
239.000000000 -1.853788572
238.000000000 -2.391210303
237.000000000 -6.181224781
236.000000000 -5.552894789
235.000000000 -4.890805868
234.000000000 -6.863814840
233.000000000 -4.791177560
232.000000000 -6.072278177
231.000000000 -8.453877788
230.000000000 -9.947987763
229.000000000 -10.754386251
228.000000000 -11.499274145
227.000000000 -12.359188778
226.000000000 -11.544558483
225.000000000 -14.136947535
224.000000000 -16.044612629
223.000000000 -15.801908047
222.000000000 -15.731697783
221.000000000 -16.054476864
220.000000000 -19.075604375
219.000000000 -18.977620621
218.000000000 -20.809703155
217.000000000 -20.168295502
216.000000000 -18.023577124
215.000000000 -17.222164598
214.000000000 -18.284204072
213.000000000 -17.580256873
212.000000000 -18.150090650
211.000000000 -20.877061059
210.000000000 -18.081522307
209.000000000 -17.419846152
208.000000000 -13.735452787
207.000000000 -16.725871581
206.000000000 -9.927924627
205.000000000 -7.585607543
204.000000000 -8.891335960
203.000000000 -2.719063110
202.000000000 -5.287025553
201.000000000 0.511582125
200.000000000 2.261591428
199.000000000 0.382618147
198.000000000 -2.702125985
197.000000000 4.307913465
196.000000000 34.922687040
195.000000000 19.836456558
194.000000000 17.107030058
193.000000000 3.943670277
192.000000000 27.191019345
191.000000000 2.999374824
190.000000000 -16.125335339
