260.000000000 0.447157939
259.000000000 0.940531147
258.000000000 -1.543156425
257.000000000 -2.577524831
256.000000000 -1.953084331
255.000000000 -1.160163565
254.000000000 0.121939787
253.000000000 -0.074327961
252.000000000 -1.356716030
251.000000000 -1.438336940
250.000000000 -2.009321795
249.000000000 -0.430585222
248.000000000 -2.330491991
247.000000000 -1.097844257
246.000000000 -1.392420369
245.000000000 -2.868663493
244.000000000 -2.601092156
243.000000000 -0.263533191
242.000000000 -2.087307539
241.000000000 -2.559217866
240.000000000 -3.148125254
239.000000000 -2.995334539
238.000000000 -4.677898386
237.000000000 -4.734364994
236.000000000 -8.139485154
235.000000000 -6.221934386
234.000000000 -5.462625754
233.000000000 -8.079798473
232.000000000 -8.753061636
231.000000000 -8.874237841
230.000000000 -9.593425031
229.000000000 -12.180408357
228.000000000 -12.612823136
227.000000000 -12.320910147
226.000000000 -14.764079937
225.000000000 -15.248127186
224.000000000 -18.744816194
223.000000000 -17.491802188
222.000000000 -17.698397498
221.000000000 -18.662409657
220.000000000 -17.940907913
219.000000000 -21.234035770
218.000000000 -19.629519777
217.000000000 -18.027748098
216.000000000 -21.180244691
215.000000000 -16.440991684
214.000000000 -24.642076445
213.000000000 -18.994356239
212.000000000 -17.927593834
211.000000000 -17.402293289
210.000000000 -12.099517670
209.000000000 -15.386319234
208.000000000 -20.186244069
207.000000000 -18.138857335
206.000000000 -12.572848337
205.000000000 -23.108039727
204.000000000 -8.875768187
203.000000000 -7.768909190
202.000000000 -2.181400594
201.000000000 -2.886241030
200.000000000 6.637093958
199.000000000 2.112127525
198.000000000 22.869193790
197.000000000 23.696149903
196.000000000 26.280847398
195.000000000 10.099688732
194.000000000 28.819809514
193.000000000 48.651346446
192.000000000 32.736451938
191.000000000 15.410726936
190.000000000 8.797268259
