260.000000000 -0.908017574
259.000000000 -0.683327720
258.000000000 0.362895224
257.000000000 -0.501628061
256.000000000 0.349129921
255.000000000 -1.692784124
254.000000000 -0.350073096
253.000000000 -0.683207814
252.000000000 -0.648755990
251.000000000 -2.060701660
250.000000000 -1.681546428
249.000000000 -0.744098628
248.000000000 -0.842043481
247.000000000 -2.566041838
246.000000000 -0.266223823
245.000000000 -2.058293818
244.000000000 -1.681120018
243.000000000 -2.376563707
242.000000000 -2.216428171
241.000000000 -2.841732024
240.000000000 -2.867194262
239.000000000 -3.295378724
238.000000000 -3.533157621
237.000000000 -4.290757579
236.000000000 -4.857939992
235.000000000 -6.605971039
234.000000000 -6.053324234
233.000000000 -9.786710580
232.000000000 -7.141702592
231.000000000 -9.142955133
230.000000000 -7.903518674
229.000000000 -10.142552783
228.000000000 -13.069037378
227.000000000 -14.082240532
226.000000000 -14.228495951
225.000000000 -14.427312349
224.000000000 -12.620930548
223.000000000 -20.347878963
222.000000000 -17.222753913
221.000000000 -20.734326276
220.000000000 -18.900204023
219.000000000 -18.126905143
218.000000000 -18.000978767
217.000000000 -19.907744839
216.000000000 -22.623056818
215.000000000 -18.591015615
214.000000000 -19.931608560
213.000000000 -17.508424960
212.000000000 -19.984864433
211.000000000 -23.108319257
210.000000000 -15.412765500
209.000000000 -25.388891921
208.000000000 -19.572058751
207.000000000 -19.865198102
206.000000000 -12.894074116
205.000000000 -9.656495722
204.000000000 -17.912982819
203.000000000 -7.405476809
202.000000000 -7.698660227
201.000000000 -2.458883845
200.000000000 -4.764086394
199.000000000 -5.300471506
198.000000000 3.459087534
197.000000000 17.790017121
196.000000000 12.754047716
195.000000000 17.760311526
194.000000000 32.903155232
193.000000000 26.909469826
192.000000000 20.112865299
191.000000000 33.912014793
190.000000000 31.800203353
