260.000000000 -1.614861560
259.000000000 0.142401046
258.000000000 -1.217619174
257.000000000 0.565735982
256.000000000 -0.475651478
255.000000000 -1.520804839
254.000000000 -2.869350843
253.000000000 -1.649377905
252.000000000 -2.108516785
251.000000000 -1.328489299
250.000000000 -2.426030034
249.000000000 1.086713380
248.000000000 -0.970888665
247.000000000 -1.046319949
246.000000000 -1.455833448
245.000000000 -0.531892677
244.000000000 -0.854621409
243.000000000 -2.484981726
242.000000000 -2.155505463
241.000000000 -2.429445136
240.000000000 -3.311868989
239.000000000 -3.472799950
238.000000000 -4.232359001
237.000000000 -3.703748656
236.000000000 -5.068704517
235.000000000 -5.010702828
234.000000000 -8.973184240
233.000000000 -5.227875160
232.000000000 -7.430720711
231.000000000 -6.642298535
230.000000000 -8.921025047
229.000000000 -10.582972195
228.000000000 -8.958854935
227.000000000 -12.442079495
226.000000000 -10.575217082
225.000000000 -13.395420781
224.000000000 -15.040327942
223.000000000 -16.769116481
222.000000000 -14.940316456
221.000000000 -19.031334806
220.000000000 -17.378611612
219.000000000 -18.086327068
218.000000000 -20.240812033
217.000000000 -17.322776964
216.000000000 -17.470291261
215.000000000 -21.648647769
214.000000000 -20.809430818
213.000000000 -21.416815309
212.000000000 -18.791493246
211.000000000 -17.566204462
210.000000000 -23.276377833
209.000000000 -13.718704396
208.000000000 -23.263938669
207.000000000 -20.309071594
206.000000000 -22.954706240
205.000000000 -18.704757507
204.000000000 -22.215587250
203.000000000 -10.558998088
202.000000000 -5.733240517
201.000000000 -14.294586085
200.000000000 -4.353334854
199.000000000 -12.583760611
198.000000000 -13.562515405
197.000000000 -8.104435431
196.000000000 23.716892602
195.000000000 20.246794440
194.000000000 -14.333455383
193.000000000 4.842613335
192.000000000 19.950482798
191.000000000 58.650369651
190.000000000 40.422351521
