260.000000000 0.015603650
259.000000000 0.107689651
258.000000000 -1.031738305
257.000000000 -0.257351727
256.000000000 -0.446422735
255.000000000 -1.296565838
254.000000000 -0.604789222
253.000000000 0.166451379
252.000000000 -0.749172779
251.000000000 -2.037111904
250.000000000 1.385904650
249.000000000 -2.474846399
248.000000000 -0.631645822
247.000000000 -2.603800455
246.000000000 -1.193882131
245.000000000 -1.265484411
244.000000000 -2.483781963
243.000000000 -0.677747538
242.000000000 -3.134331041
241.000000000 -2.224127152
240.000000000 -1.704227014
239.000000000 -3.186647477
238.000000000 -4.795948110
237.000000000 -3.840502379
236.000000000 -5.183729010
235.000000000 -6.108297110
234.000000000 -6.775679502
233.000000000 -8.746278253
232.000000000 -10.064820981
231.000000000 -8.506342186
230.000000000 -8.682563326
229.000000000 -11.069937394
228.000000000 -12.198299762
227.000000000 -13.046721676
226.000000000 -13.480796626
225.000000000 -12.866744188
224.000000000 -13.583887320
223.000000000 -15.659507492
222.000000000 -16.060681915
221.000000000 -15.538682487
220.000000000 -17.976188979
219.000000000 -17.534298673
218.000000000 -16.200548280
217.000000000 -15.653745609
216.000000000 -17.065888589
215.000000000 -15.968827111
214.000000000 -19.736824583
213.000000000 -16.891675892
212.000000000 -11.726488757
211.000000000 -15.469199632
210.000000000 -15.368263261
209.000000000 -18.129115909
208.000000000 -14.603228397
207.000000000 -13.246437296
206.000000000 -16.323765088
205.000000000 -5.397184018
204.000000000 -19.326221383
203.000000000 -11.706080653
202.000000000 -4.243582744
201.000000000 7.150595782
200.000000000 -1.139343690
199.000000000 11.063699859
198.000000000 12.840783138
197.000000000 21.013888436
196.000000000 18.815733324
195.000000000 28.218113591
194.000000000 0.778536054
193.000000000 46.278619167
192.000000000 47.413876363
191.000000000 5.962097014
190.000000000 7.273729017
