260.000000000 -0.758177733
259.000000000 0.376256990
258.000000000 0.113837382
257.000000000 0.645425166
256.000000000 -0.352020175
255.000000000 -1.379236718
254.000000000 -1.209340023
253.000000000 -2.151607596
252.000000000 -1.479023079
251.000000000 0.183970791
250.000000000 -0.989758521
249.000000000 -0.125197685
248.000000000 -1.491481880
247.000000000 -0.698761459
246.000000000 -1.942370826
245.000000000 -0.816863962
244.000000000 -2.130180043
243.000000000 -1.718042638
242.000000000 -1.052723881
241.000000000 -1.210777817
240.000000000 -3.393032890
239.000000000 -3.347320718
238.000000000 -3.410828319
237.000000000 -4.482417897
236.000000000 -5.082421369
235.000000000 -3.966183695
234.000000000 -5.398198290
233.000000000 -8.083251764
232.000000000 -8.433359031
231.000000000 -8.156006411
230.000000000 -9.625641585
229.000000000 -10.534639937
228.000000000 -11.708000238
227.000000000 -14.765102315
226.000000000 -11.117799207
225.000000000 -15.810082461
224.000000000 -17.788758732
223.000000000 -15.563960650
222.000000000 -17.875715747
221.000000000 -18.466512201
220.000000000 -19.248296649
219.000000000 -20.195295742
218.000000000 -15.486594649
217.000000000 -20.702442646
216.000000000 -20.579169131
215.000000000 -19.039577531
214.000000000 -13.488455423
213.000000000 -20.639210322
212.000000000 -18.068394264
211.000000000 -22.024253660
210.000000000 -12.227255339
209.000000000 -11.322496682
208.000000000 -21.419509138
207.000000000 -19.111878197
206.000000000 -18.053134619
205.000000000 -4.929335222
204.000000000 -11.039952396
203.000000000 -7.718833639
202.000000000 -8.127484518
201.000000000 -13.628182836
200.000000000 -9.540149959
199.000000000 10.116541411
198.000000000 7.298418086
197.000000000 10.174202564
196.000000000 -1.824061549
195.000000000 3.502728142
194.000000000 12.300057861
193.000000000 28.035646040
192.000000000 -20.567539759
191.000000000 75.236182471
190.000000000 7.548659841
