260.000000000 -0.137420435
259.000000000 -2.622658880
258.000000000 -1.030443925
257.000000000 -0.642333106
256.000000000 -0.082957489
255.000000000 -0.821601862
254.000000000 -0.811685701
253.000000000 -2.539817964
252.000000000 -1.556017586
251.000000000 -1.097496698
250.000000000 -2.734814375
249.000000000 -1.961535897
248.000000000 -0.479808648
247.000000000 -0.244964089
246.000000000 -3.025350956
245.000000000 -2.249310636
244.000000000 -0.905854781
243.000000000 -0.716489099
242.000000000 -2.337571861
241.000000000 -3.270207884
240.000000000 -3.111753907
239.000000000 -1.977726660
238.000000000 -4.556616395
237.000000000 -4.640605952
236.000000000 -6.592277907
235.000000000 -5.931998970
234.000000000 -5.062940119
233.000000000 -7.818735919
232.000000000 -7.288555130
231.000000000 -8.765760146
230.000000000 -11.291163690
229.000000000 -12.601842397
228.000000000 -12.759668749
227.000000000 -15.461047252
226.000000000 -16.162205166
225.000000000 -14.311621295
224.000000000 -16.261499334
223.000000000 -19.983678480
222.000000000 -19.259156460
221.000000000 -19.049467411
220.000000000 -20.150761551
219.000000000 -18.995658270
218.000000000 -16.494530896
217.000000000 -16.800003913
216.000000000 -20.506400241
215.000000000 -17.576616602
214.000000000 -18.780582219
213.000000000 -19.286969955
212.000000000 -20.604732094
211.000000000 -16.345693475
210.000000000 -22.936853153
209.000000000 -20.212729640
208.000000000 -14.240188817
207.000000000 -9.744883042
206.000000000 -23.788559239
205.000000000 -15.531072199
204.000000000 -4.496539478
203.000000000 -16.082774145
202.000000000 -3.118573619
201.000000000 -3.901730646
200.000000000 -2.953250503
199.000000000 9.680833382
198.000000000 7.344939418
197.000000000 3.684203556
196.000000000 31.459737544
195.000000000 28.637649127
194.000000000 24.047760702
193.000000000 26.275354955
192.000000000 -1.766071849
191.000000000 28.354170457
190.000000000 29.059528469
