260.000000000 -0.914151691
259.000000000 0.220161002
258.000000000 -0.728501224
257.000000000 -0.768502939
256.000000000 -0.300268869
255.000000000 -0.503624396
254.000000000 -1.954507623
253.000000000 -0.534815182
252.000000000 -0.864463656
251.000000000 -0.853918797
250.000000000 -1.322306267
249.000000000 -3.062322035
248.000000000 -1.201401861
247.000000000 -2.554859344
246.000000000 -1.670140977
245.000000000 -1.666062185
244.000000000 -1.478262632
243.000000000 -1.217457744
242.000000000 -1.318368838
241.000000000 -2.706473943
240.000000000 -1.896595745
239.000000000 -4.098271036
238.000000000 -3.482948682
237.000000000 -5.964750775
236.000000000 -6.437176004
235.000000000 -6.485920164
234.000000000 -7.141290386
233.000000000 -7.738965205
232.000000000 -8.886864183
231.000000000 -11.671669225
230.000000000 -10.712703973
229.000000000 -12.279997249
228.000000000 -12.160605820
227.000000000 -16.407209857
226.000000000 -15.115505383
225.000000000 -15.281165473
224.000000000 -14.559100738
223.000000000 -17.873541659
222.000000000 -18.544909918
221.000000000 -18.626539078
220.000000000 -16.334192587
219.000000000 -21.170866769
218.000000000 -19.449373135
217.000000000 -19.772777164
216.000000000 -21.079029889
215.000000000 -17.716979860
214.000000000 -13.809869072
213.000000000 -13.427349451
212.000000000 -16.358527928
211.000000000 -17.471783243
210.000000000 -19.734753263
209.000000000 -19.081357682
208.000000000 -22.025836571
207.000000000 -13.174016603
206.000000000 -11.741503602
205.000000000 -16.356053798
204.000000000 -8.944513356
203.000000000 -1.487844307
202.000000000 9.511217103
201.000000000 -0.977567611
200.000000000 8.432690996
199.000000000 4.937133769
198.000000000 12.591066635
197.000000000 17.057362971
196.000000000 22.013346816
195.000000000 31.172592453
194.000000000 26.428981705
193.000000000 31.321188268
192.000000000 20.019504415
191.000000000 41.171209488
190.000000000 6.247703421
