260.000000000 0.247721241
259.000000000 0.532911743
258.000000000 -0.912808843
257.000000000 -1.429471406
256.000000000 0.017630633
255.000000000 -0.412590486
254.000000000 -0.725321558
253.000000000 0.087074770
252.000000000 -1.883514156
251.000000000 -2.787535205
250.000000000 -1.880153937
249.000000000 -0.691923656
248.000000000 -1.805771607
247.000000000 -1.822923973
246.000000000 -1.866303274
245.000000000 0.438392243
244.000000000 -1.981404275
243.000000000 -1.815196031
242.000000000 -1.470120840
241.000000000 -1.730138807
240.000000000 -1.182111961
239.000000000 -2.088309080
238.000000000 -4.514127045
237.000000000 -4.276369822
236.000000000 -4.933525145
235.000000000 -5.536042393
234.000000000 -5.345894158
233.000000000 -6.732259267
232.000000000 -8.865731808
231.000000000 -7.830326785
230.000000000 -7.167474314
229.000000000 -9.440916417
228.000000000 -11.725455818
227.000000000 -9.718608700
226.000000000 -12.867698284
225.000000000 -13.068092412
224.000000000 -11.386186081
223.000000000 -16.850111438
222.000000000 -14.886258868
221.000000000 -16.290083392
220.000000000 -13.200535532
219.000000000 -15.367847965
218.000000000 -17.616262106
217.000000000 -21.234876118
216.000000000 -17.734526965
215.000000000 -14.409970300
214.000000000 -13.273200282
213.000000000 -17.837900703
212.000000000 -20.664284809
211.000000000 -19.539757123
210.000000000 -19.623003253
209.000000000 -15.110286025
208.000000000 -18.273214357
207.000000000 -18.785162151
206.000000000 -15.178160284
205.000000000 -10.438441613
204.000000000 -15.844416005
203.000000000 -13.542324448
202.000000000 -4.767455075
201.000000000 -3.911666683
200.000000000 -7.124214198
199.000000000 7.230194171
198.000000000 4.729203924
197.000000000 9.178091152
196.000000000 16.566228751
195.000000000 17.854235304
194.000000000 19.242768616
193.000000000 20.910248177
192.000000000 19.651833409
191.000000000 0.634177306
190.000000000 49.150751185
