260.000000000 -1.824486375
259.000000000 -0.422973276
258.000000000 -1.258127923
257.000000000 -0.749686959
256.000000000 -1.417375970
255.000000000 -0.716228697
254.000000000 -0.361056512
253.000000000 -1.977772632
252.000000000 -1.955684300
251.000000000 -0.426578359
250.000000000 -2.019025188
249.000000000 0.228821743
248.000000000 -3.001684819
247.000000000 -1.405969463
246.000000000 -1.298561501
245.000000000 -2.727329765
244.000000000 -1.752072017
243.000000000 -1.724107222
242.000000000 -2.147018759
241.000000000 -2.550034931
240.000000000 -0.903981673
239.000000000 -1.103310536
238.000000000 -2.754691730
237.000000000 -3.167057032
236.000000000 -7.253043821
235.000000000 -4.850080653
234.000000000 -5.312669207
233.000000000 -6.803021346
232.000000000 -9.229250498
231.000000000 -8.392554295
230.000000000 -7.804203931
229.000000000 -9.755874260
228.000000000 -9.768119482
227.000000000 -13.678060860
226.000000000 -14.024622531
225.000000000 -15.297515488
224.000000000 -16.350103933
223.000000000 -16.375400025
222.000000000 -17.579123479
221.000000000 -18.149893925
220.000000000 -15.464297951
219.000000000 -19.178976264
218.000000000 -18.176503193
217.000000000 -15.772158226
216.000000000 -16.256018920
215.000000000 -18.104975419
214.000000000 -16.408104626
213.000000000 -19.152474643
212.000000000 -14.568073260
211.000000000 -19.038297839
210.000000000 -13.715523789
209.000000000 -15.340941496
208.000000000 -15.795915434
207.000000000 -12.317545029
206.000000000 -6.909093308
205.000000000 -7.036397796
204.000000000 -12.078484967
203.000000000 -15.178907985
202.000000000 6.960202536
201.000000000 -2.571012409
200.000000000 4.317314171
199.000000000 -5.271181957
198.000000000 10.246178558
197.000000000 13.679444465
196.000000000 15.730566618
195.000000000 26.204646722
194.000000000 10.392861995
193.000000000 4.337625764
192.000000000 13.044624385
191.000000000 10.882727326
190.000000000 18.961934402
