260.000000000 -1.404022762
259.000000000 -0.601127617
258.000000000 -1.737054144
257.000000000 -1.569981785
256.000000000 -1.290002622
255.000000000 -1.138823797
254.000000000 -0.204228098
253.000000000 -2.672307779
252.000000000 -2.072442437
251.000000000 -1.026307806
250.000000000 -0.138487782
249.000000000 -1.911896024
248.000000000 -1.898093754
247.000000000 -0.469137578
246.000000000 -0.893544016
245.000000000 -0.203731277
244.000000000 -1.863485778
243.000000000 -2.138091327
242.000000000 -3.361119320
241.000000000 -3.914754036
240.000000000 -2.603933723
239.000000000 -2.125926088
238.000000000 -4.763471059
237.000000000 -3.760632599
236.000000000 -5.989997171
235.000000000 -5.482272338
234.000000000 -5.334975747
233.000000000 -7.002924388
232.000000000 -8.703991285
231.000000000 -9.580975015
230.000000000 -10.118774431
229.000000000 -9.650209915
228.000000000 -13.561095177
227.000000000 -13.085709682
226.000000000 -13.347303998
225.000000000 -11.570369571
224.000000000 -14.485368299
223.000000000 -14.552146104
222.000000000 -19.618428391
221.000000000 -16.118450361
220.000000000 -16.023360071
219.000000000 -17.784236829
218.000000000 -19.601261996
217.000000000 -19.827526151
216.000000000 -16.345548963
215.000000000 -18.921287968
214.000000000 -21.073822689
213.000000000 -17.144675297
212.000000000 -17.345173954
211.000000000 -12.629222280
210.000000000 -20.128660299
209.000000000 -16.943102089
208.000000000 -23.333756557
207.000000000 -19.426658066
206.000000000 -15.794466110
205.000000000 -10.824310491
204.000000000 -9.589728977
203.000000000 -5.796531377
202.000000000 -1.029043587
201.000000000 0.645961787
200.000000000 1.396200870
199.000000000 0.094329046
198.000000000 6.430059021
197.000000000 26.336538341
196.000000000 38.227362361
195.000000000 27.216540759
194.000000000 22.460564475
193.000000000 23.293667395
192.000000000 21.145110943
191.000000000 31.998017837
190.000000000 8.596480979
