260.000000000 -0.827561335
259.000000000 -0.290744335
258.000000000 -1.973966585
257.000000000 -0.610666636
256.000000000 -1.073080070
255.000000000 -1.941957970
254.000000000 0.513541069
253.000000000 -1.655013575
252.000000000 -0.522660096
251.000000000 0.501458279
250.000000000 -0.438805485
249.000000000 0.818137008
248.000000000 -0.052671074
247.000000000 -1.514311314
246.000000000 -1.277369757
245.000000000 -0.618739678
244.000000000 -1.678005556
243.000000000 -2.546048282
242.000000000 -1.220054110
241.000000000 -3.146588699
240.000000000 -2.002629516
239.000000000 -1.810939621
238.000000000 -3.504293038
237.000000000 -3.778140461
236.000000000 -4.034306298
235.000000000 -6.533114977
234.000000000 -4.086646636
233.000000000 -4.861976465
232.000000000 -6.910627507
231.000000000 -8.444756415
230.000000000 -9.081738540
229.000000000 -9.155932162
228.000000000 -10.909484554
227.000000000 -11.577854828
226.000000000 -15.693661342
225.000000000 -13.994907971
224.000000000 -14.073465169
223.000000000 -15.210357902
222.000000000 -12.763879375
221.000000000 -15.150676674
220.000000000 -15.670206275
219.000000000 -17.459946454
218.000000000 -20.204210104
217.000000000 -17.999971518
216.000000000 -17.609186231
215.000000000 -19.771172746
214.000000000 -15.788218634
213.000000000 -13.769188491
212.000000000 -13.861433241
211.000000000 -15.282533243
210.000000000 -16.096016481
209.000000000 -18.888373645
208.000000000 -14.559097038
207.000000000 -16.495154745
206.000000000 -11.226908423
205.000000000 -3.942126262
204.000000000 -6.566576225
203.000000000 -6.293683356
202.000000000 3.167066878
201.000000000 -5.918579028
200.000000000 1.321345194
199.000000000 8.866606533
198.000000000 19.888692016
197.000000000 -2.860466627
196.000000000 14.392503487
195.000000000 33.585926316
194.000000000 30.397617091
193.000000000 5.689869601
192.000000000 36.793429926
191.000000000 -13.482435883
190.000000000 18.692525743
