260.000000000 -0.175343085
259.000000000 -0.566036878
258.000000000 -0.613311932
257.000000000 -0.366237495
256.000000000 -1.110116480
255.000000000 0.760240635
254.000000000 -0.769485099
253.000000000 -0.887704529
252.000000000 -1.698354494
251.000000000 -1.377327348
250.000000000 -0.094357370
249.000000000 -2.502127611
248.000000000 -0.506825077
247.000000000 -1.053138590
246.000000000 -0.975732953
245.000000000 -2.337455071
244.000000000 -1.060658229
243.000000000 -2.349470666
242.000000000 -3.548321834
241.000000000 -2.320779233
240.000000000 -2.905727648
239.000000000 -3.679922965
238.000000000 -4.185498975
237.000000000 -4.419652144
236.000000000 -4.046903676
235.000000000 -4.721844234
234.000000000 -5.599783615
233.000000000 -7.731913521
232.000000000 -6.722146386
231.000000000 -9.170034189
230.000000000 -10.645966614
229.000000000 -9.321182064
228.000000000 -10.411964387
227.000000000 -13.548412409
226.000000000 -12.448563018
225.000000000 -15.345278490
224.000000000 -12.415325618
223.000000000 -15.021070544
222.000000000 -16.129848362
221.000000000 -16.175556479
220.000000000 -16.350076742
219.000000000 -14.981493935
218.000000000 -17.933488086
217.000000000 -19.157762927
216.000000000 -20.349683086
215.000000000 -19.069361554
214.000000000 -19.332431211
213.000000000 -18.651731593
212.000000000 -21.714067907
211.000000000 -17.088787023
210.000000000 -18.086448534
209.000000000 -16.716905294
208.000000000 -20.434582890
207.000000000 -23.037380690
206.000000000 -13.329421818
205.000000000 -18.162275405
204.000000000 -12.214840044
203.000000000 -3.950772016
202.000000000 -5.260416830
201.000000000 3.287244169
200.000000000 6.321135673
199.000000000 -5.074242885
198.000000000 5.921232360
197.000000000 2.542300443
196.000000000 16.923165477
195.000000000 22.323222754
194.000000000 11.222389742
193.000000000 31.927472210
192.000000000 27.131308894
191.000000000 19.476441941
190.000000000 31.129020571
