260.000000000 -1.211935670
259.000000000 -0.996862308
258.000000000 -0.592434563
257.000000000 -1.328915810
256.000000000 -0.690055208
255.000000000 -0.923379840
254.000000000 -1.373995969
253.000000000 -1.080851631
252.000000000 -0.593224903
251.000000000 -1.707912001
250.000000000 -1.775281400
249.000000000 -0.540536520
248.000000000 -0.669696008
247.000000000 -1.380633484
246.000000000 -0.745889161
245.000000000 -2.282268795
244.000000000 -1.755405091
243.000000000 0.257069773
242.000000000 -1.428749390
241.000000000 -3.220504158
240.000000000 -3.506161517
239.000000000 -2.655071110
238.000000000 -2.617571964
237.000000000 -4.332301890
236.000000000 -4.855097837
235.000000000 -7.801627038
234.000000000 -5.962124679
233.000000000 -5.457410499
232.000000000 -8.227828495
231.000000000 -7.311013008
230.000000000 -9.364133350
229.000000000 -10.362693034
228.000000000 -11.737858824
227.000000000 -10.084681538
226.000000000 -12.629940970
225.000000000 -12.932975214
224.000000000 -13.769266848
223.000000000 -13.793822127
222.000000000 -19.825440446
221.000000000 -13.060841217
220.000000000 -16.259022148
219.000000000 -14.063046459
218.000000000 -18.235255477
217.000000000 -13.630408382
216.000000000 -15.423594063
215.000000000 -15.712217514
214.000000000 -16.364876783
213.000000000 -13.392681453
212.000000000 -18.463229749
211.000000000 -15.884109020
210.000000000 -15.589598543
209.000000000 -17.694593012
208.000000000 -13.495403318
207.000000000 -20.550210420
206.000000000 -18.652177016
205.000000000 -16.728050321
204.000000000 -15.261540838
203.000000000 0.888945304
202.000000000 -7.773657700
201.000000000 0.806378944
200.000000000 14.357572191
199.000000000 3.386812233
198.000000000 9.512590803
197.000000000 15.237489486
196.000000000 13.265594218
195.000000000 11.846393619
194.000000000 24.304491803
193.000000000 22.626435067
192.000000000 38.349339797
191.000000000 14.994129672
190.000000000 11.358318125
