260.000000000 -1.573330938
259.000000000 0.481912030
258.000000000 -0.261115505
257.000000000 0.491672634
256.000000000 -0.937600407
255.000000000 -0.483467870
254.000000000 -0.956297152
253.000000000 -1.523973830
252.000000000 -0.057528499
251.000000000 -2.554482010
250.000000000 -1.700309535
249.000000000 -2.178729667
248.000000000 -0.328657345
247.000000000 -1.879262425
246.000000000 -0.493608629
245.000000000 -1.225121394
244.000000000 -0.527313518
243.000000000 -1.833038999
242.000000000 -2.235149215
241.000000000 -0.898552325
240.000000000 -3.641319349
239.000000000 -3.657434370
238.000000000 -4.966725212
237.000000000 -4.013793020
236.000000000 -4.261316842
235.000000000 -7.586865632
234.000000000 -7.470359765
233.000000000 -9.874265086
232.000000000 -9.265507486
231.000000000 -10.685557122
230.000000000 -10.616865485
229.000000000 -10.053970647
228.000000000 -12.252728327
227.000000000 -11.690098291
226.000000000 -12.596750498
225.000000000 -14.617020581
224.000000000 -14.743050405
223.000000000 -14.913430723
222.000000000 -16.532518921
221.000000000 -17.586045374
220.000000000 -18.574903784
219.000000000 -20.226426469
218.000000000 -18.644149738
217.000000000 -22.810584726
216.000000000 -20.548824153
215.000000000 -20.236907374
214.000000000 -16.514732604
213.000000000 -21.982459052
212.000000000 -25.501104527
211.000000000 -22.314207310
210.000000000 -14.700472641
209.000000000 -25.953115882
208.000000000 -19.104814930
207.000000000 -17.136842847
206.000000000 -14.978192970
205.000000000 -20.576120892
204.000000000 -16.776497586
203.000000000 -7.288086832
202.000000000 -1.416007426
201.000000000 -1.103687149
200.000000000 -5.423124407
199.000000000 7.649796931
198.000000000 15.418136339
197.000000000 -4.724952685
196.000000000 15.567944243
195.000000000 21.878564952
194.000000000 14.771380801
193.000000000 20.821355371
192.000000000 24.827147793
191.000000000 67.912200002
190.000000000 5.629613811
