260.000000000 0.238021560
259.000000000 0.601149252
258.000000000 -0.677604778
257.000000000 -1.031099634
256.000000000 -0.307543798
255.000000000 1.287359427
254.000000000 -1.891396083
253.000000000 -0.990699491
252.000000000 -0.939047108
251.000000000 -2.386502218
250.000000000 0.724224269
249.000000000 -1.068151320
248.000000000 0.362577948
247.000000000 -1.465273730
246.000000000 -1.651523263
245.000000000 -1.366217569
244.000000000 -3.200479471
243.000000000 -1.108514551
242.000000000 -1.861425088
241.000000000 -2.359463115
240.000000000 -2.258682800
239.000000000 -1.651071262
238.000000000 -3.639867987
237.000000000 -4.611929071
236.000000000 -6.624084658
235.000000000 -4.622632077
234.000000000 -5.805626724
233.000000000 -5.010318232
232.000000000 -8.809118103
231.000000000 -9.679502629
230.000000000 -9.013179013
229.000000000 -11.128295981
228.000000000 -10.025951727
227.000000000 -12.871280868
226.000000000 -11.626258810
225.000000000 -13.360737841
224.000000000 -17.166835199
223.000000000 -14.593348632
222.000000000 -17.055727982
221.000000000 -17.054719339
220.000000000 -15.116219181
219.000000000 -19.139682567
218.000000000 -17.588922303
217.000000000 -19.645858710
216.000000000 -20.882680939
215.000000000 -21.994132843
214.000000000 -20.263132512
213.000000000 -19.363912611
212.000000000 -20.993219417
211.000000000 -24.565436604
210.000000000 -15.549310821
209.000000000 -21.249835151
208.000000000 -25.731965459
207.000000000 -14.802137884
206.000000000 -30.202305973
205.000000000 -10.706758754
204.000000000 -8.360229679
203.000000000 -12.289637109
202.000000000 -15.048506606
201.000000000 2.054726770
200.000000000 10.757147146
199.000000000 0.694670022
198.000000000 -3.567263197
197.000000000 0.188740748
196.000000000 2.495052898
195.000000000 5.232156730
194.000000000 0.063849181
193.000000000 -15.113913187
192.000000000 20.836328227
191.000000000 12.272023148
190.000000000 -8.003062927
