260.000000000 0.637844901
259.000000000 -0.001781800
258.000000000 -1.157825291
257.000000000 -0.627534969
256.000000000 -1.303758170
255.000000000 -0.743284133
254.000000000 -0.430820412
253.000000000 -1.618404465
252.000000000 -1.681212352
251.000000000 0.489492206
250.000000000 0.215020294
249.000000000 -1.333544765
248.000000000 -0.807306913
247.000000000 -2.042425162
246.000000000 -1.867360658
245.000000000 -1.136003640
244.000000000 -1.313961754
243.000000000 -3.565773323
242.000000000 -2.520408612
241.000000000 -2.938824018
240.000000000 -2.741194214
239.000000000 -2.625962604
238.000000000 -2.756513147
237.000000000 -3.077241399
236.000000000 -4.945164340
235.000000000 -5.277912047
234.000000000 -7.954690046
233.000000000 -8.995149472
232.000000000 -7.860908720
231.000000000 -8.797011842
230.000000000 -10.189290341
229.000000000 -12.086817358
228.000000000 -13.190583284
227.000000000 -10.606244514
226.000000000 -13.334180069
225.000000000 -15.983806094
224.000000000 -14.999275240
223.000000000 -14.933356701
222.000000000 -16.556907662
221.000000000 -15.896886547
220.000000000 -16.978887323
219.000000000 -19.189151917
218.000000000 -18.969017501
217.000000000 -21.455473971
216.000000000 -22.121770813
215.000000000 -21.067669020
214.000000000 -18.971101770
213.000000000 -18.451065616
212.000000000 -19.242011361
211.000000000 -19.557387621
210.000000000 -18.735794762
209.000000000 -23.309641464
208.000000000 -24.790661631
207.000000000 -13.256911071
206.000000000 -16.796622679
205.000000000 -19.603505304
204.000000000 -11.992923643
203.000000000 -15.879751926
202.000000000 2.579791161
201.000000000 -20.621266376
200.000000000 -23.015102876
199.000000000 -17.320313919
198.000000000 -11.098571075
197.000000000 -14.779326905
196.000000000 2.406037542
195.000000000 17.784508536
194.000000000 33.411477580
193.000000000 55.013634040
192.000000000 6.762879382
191.000000000 38.231454589
190.000000000 16.430595728
