260.000000000 -0.355072124
259.000000000 1.087855184
258.000000000 -0.090946069
257.000000000 -0.167331306
256.000000000 -0.477863054
255.000000000 -1.361928457
254.000000000 -2.318296328
253.000000000 -1.808392876
252.000000000 0.724288791
251.000000000 -0.957635223
250.000000000 -1.017287914
249.000000000 -0.862327531
248.000000000 -2.929407892
247.000000000 -1.514041094
246.000000000 -0.886679166
245.000000000 -2.221895709
244.000000000 -1.415499512
243.000000000 -2.285209702
242.000000000 -2.841633667
241.000000000 -1.923127976
240.000000000 -1.785891373
239.000000000 -4.597995040
238.000000000 -2.747725600
237.000000000 -4.195692433
236.000000000 -3.542323273
235.000000000 -5.351965624
234.000000000 -6.971693409
233.000000000 -6.633481264
232.000000000 -8.359325077
231.000000000 -10.942666611
230.000000000 -8.687892756
229.000000000 -12.354471111
228.000000000 -12.266092811
227.000000000 -11.200051651
226.000000000 -10.833089707
225.000000000 -12.327306657
224.000000000 -14.501340646
223.000000000 -14.360187918
222.000000000 -16.095946234
221.000000000 -20.103770949
220.000000000 -16.573977840
219.000000000 -18.452930651
218.000000000 -19.654948425
217.000000000 -20.351457682
216.000000000 -17.903960813
215.000000000 -18.301293853
214.000000000 -19.753936093
213.000000000 -21.175071665
212.000000000 -23.174470670
211.000000000 -18.717389935
210.000000000 -18.624633965
209.000000000 -25.620201810
208.000000000 -14.867472337
207.000000000 -15.817784730
206.000000000 -16.678391334
205.000000000 -13.543083972
204.000000000 -11.945078582
203.000000000 -18.685667457
202.000000000 -11.683544877
201.000000000 -4.992067549
200.000000000 -9.227170336
199.000000000 -1.102516372
198.000000000 -3.318348603
197.000000000 1.360238361
196.000000000 19.342062020
195.000000000 5.443082272
194.000000000 11.466538975
193.000000000 16.406675979
192.000000000 13.989760983
191.000000000 38.075998391
190.000000000 -1.737602113
