260.000000000 1.007509781
259.000000000 -0.926850116
258.000000000 -0.425561655
257.000000000 -1.037531468
256.000000000 -1.644201103
255.000000000 -0.186202184
254.000000000 -0.051598112
253.000000000 0.192258706
252.000000000 -0.001678210
251.000000000 -0.380551416
250.000000000 -0.230483000
249.000000000 -1.549843377
248.000000000 -2.205622429
247.000000000 0.713773321
246.000000000 -1.078864871
245.000000000 -2.402330432
244.000000000 -1.850475325
243.000000000 -0.125181704
242.000000000 -1.199539392
241.000000000 -1.870128900
240.000000000 -2.752997075
239.000000000 -1.901704449
238.000000000 -4.100208472
237.000000000 -4.381438040
236.000000000 -5.084351735
235.000000000 -6.903108438
234.000000000 -7.117298885
233.000000000 -8.020596556
232.000000000 -8.673531974
231.000000000 -8.933761992
230.000000000 -12.034019572
229.000000000 -11.685981056
228.000000000 -14.336753804
227.000000000 -14.817421918
226.000000000 -11.691430050
225.000000000 -13.983433280
224.000000000 -18.019595273
223.000000000 -17.413074269
222.000000000 -17.944962030
221.000000000 -19.003758058
220.000000000 -19.411609399
219.000000000 -19.548345833
218.000000000 -17.536316152
217.000000000 -18.790385692
216.000000000 -16.626980236
215.000000000 -17.882220454
214.000000000 -19.616521650
213.000000000 -19.358195982
212.000000000 -16.503383234
211.000000000 -16.174803793
210.000000000 -13.724626723
209.000000000 -19.383638154
208.000000000 -17.940322681
207.000000000 -14.947520883
206.000000000 -12.553322453
205.000000000 -9.221828848
204.000000000 -12.094040696
203.000000000 -5.650529933
202.000000000 -2.070766098
201.000000000 0.808242084
200.000000000 -1.162370277
199.000000000 9.693389775
198.000000000 -4.142726494
197.000000000 3.976198745
196.000000000 30.086301642
195.000000000 28.273182580
194.000000000 14.439519625
193.000000000 13.809426221
192.000000000 24.027441851
191.000000000 10.145698673
190.000000000 7.222442907
