260.000000000 0.730085025
259.000000000 -1.472122965
258.000000000 -0.455677765
257.000000000 0.055773940
256.000000000 -1.770564767
255.000000000 -0.991281954
254.000000000 -0.227387266
253.000000000 -0.249853570
252.000000000 -2.022081164
251.000000000 -1.497499166
250.000000000 -1.395081060
249.000000000 -1.138503475
248.000000000 -2.811118797
247.000000000 -2.315021579
246.000000000 0.230904958
245.000000000 -2.471762866
244.000000000 -1.262853588
243.000000000 -2.740271088
242.000000000 -1.568711937
241.000000000 -2.482843508
240.000000000 -2.158620203
239.000000000 -3.238100121
238.000000000 -4.184920288
237.000000000 -5.282778760
236.000000000 -4.969538885
235.000000000 -6.410680280
234.000000000 -5.558944975
233.000000000 -7.451670706
232.000000000 -9.068680501
231.000000000 -6.231243335
230.000000000 -10.508994224
229.000000000 -11.516735669
228.000000000 -13.600850456
227.000000000 -13.403345048
226.000000000 -15.551852826
225.000000000 -15.412607962
224.000000000 -15.508337761
223.000000000 -15.927699410
222.000000000 -16.178719249
221.000000000 -16.514399327
220.000000000 -19.584298830
219.000000000 -16.429680358
218.000000000 -16.079954586
217.000000000 -19.037913466
216.000000000 -14.225751442
215.000000000 -15.425766453
214.000000000 -12.198989140
213.000000000 -17.983545318
212.000000000 -15.289453868
211.000000000 -15.462343227
210.000000000 -22.568591602
209.000000000 -19.651849609
208.000000000 -11.797305914
207.000000000 -13.399869773
206.000000000 -17.259350595
205.000000000 -14.299708617
204.000000000 -10.478182394
203.000000000 -1.618715843
202.000000000 -5.245024933
201.000000000 7.485923127
200.000000000 0.177975523
199.000000000 21.431256185
198.000000000 9.876113941
197.000000000 11.795983632
196.000000000 17.993874573
195.000000000 24.606658863
194.000000000 10.507217400
193.000000000 43.848841466
192.000000000 11.575450126
191.000000000 15.426296756
190.000000000 38.105438510
