260.000000000 -0.760526780
259.000000000 -0.126245038
258.000000000 -0.140924961
257.000000000 -0.371435120
256.000000000 -0.809642043
255.000000000 -1.966774067
254.000000000 -0.867506774
253.000000000 -1.670765021
252.000000000 -0.371697374
251.000000000 0.410142042
250.000000000 -1.307036068
249.000000000 -1.696338116
248.000000000 -0.857912125
247.000000000 -0.995891226
246.000000000 -1.469607497
245.000000000 -0.065839179
244.000000000 -0.845028811
243.000000000 -0.567839622
242.000000000 -1.899511026
241.000000000 -1.642876838
240.000000000 -2.435038365
239.000000000 -2.784866941
238.000000000 -3.424590618
237.000000000 -4.502956307
236.000000000 -5.316112144
235.000000000 -4.840679292
234.000000000 -5.555271627
233.000000000 -7.719999328
232.000000000 -5.856249989
231.000000000 -8.397898027
230.000000000 -10.698104188
229.000000000 -11.137395087
228.000000000 -10.345862200
227.000000000 -9.761901684
226.000000000 -13.129680208
225.000000000 -12.476840018
224.000000000 -16.068337797
223.000000000 -18.141367896
222.000000000 -15.424850498
221.000000000 -21.806029770
220.000000000 -16.210697436
219.000000000 -20.059060368
218.000000000 -16.212738722
217.000000000 -20.364405831
216.000000000 -20.530444734
215.000000000 -24.275909665
214.000000000 -19.670911313
213.000000000 -20.960532902
212.000000000 -17.869848062
211.000000000 -20.792263573
210.000000000 -26.690430062
209.000000000 -20.502917111
208.000000000 -19.432224280
207.000000000 -13.058750067
206.000000000 -15.113091650
205.000000000 -15.275095370
204.000000000 -9.125211177
203.000000000 -12.552003076
202.000000000 -5.923753153
201.000000000 -14.009111719
200.000000000 -12.240268560
199.000000000 -7.623703945
198.000000000 9.363492179
197.000000000 -3.106425052
196.000000000 -23.890329818
195.000000000 -16.275417606
194.000000000 17.183464974
193.000000000 37.499148162
192.000000000 -44.675685839
191.000000000 9.082854161
190.000000000 8.485856475
