260.000000000 0.028465756
259.000000000 -1.488623564
258.000000000 0.065773900
257.000000000 -0.267664240
256.000000000 -0.479253097
255.000000000 -2.112851672
254.000000000 -1.336297173
253.000000000 -1.281900548
252.000000000 -0.442451352
251.000000000 -1.508525599
250.000000000 -1.276190562
249.000000000 -1.666516967
248.000000000 -1.341613437
247.000000000 -1.816974295
246.000000000 -2.391160450
245.000000000 -0.221542067
244.000000000 -2.250239285
243.000000000 -1.076286444
242.000000000 -2.516375831
241.000000000 -1.172898125
240.000000000 -4.152397529
239.000000000 -2.819626159
238.000000000 -4.612593800
237.000000000 -4.074496899
236.000000000 -5.830292397
235.000000000 -4.421038500
234.000000000 -6.275149318
233.000000000 -6.639115768
232.000000000 -7.057354467
231.000000000 -10.421415591
230.000000000 -12.559193017
229.000000000 -12.889152681
228.000000000 -15.681199014
227.000000000 -12.918415125
226.000000000 -14.240815145
225.000000000 -14.908948405
224.000000000 -13.952169271
223.000000000 -19.308121050
222.000000000 -17.535540549
221.000000000 -19.543041100
220.000000000 -17.862993089
219.000000000 -21.499884028
218.000000000 -20.090067760
217.000000000 -19.161335957
216.000000000 -17.615688322
215.000000000 -19.596186166
214.000000000 -20.161172878
213.000000000 -19.073162887
212.000000000 -20.159236696
211.000000000 -19.520266050
210.000000000 -24.297284051
209.000000000 -19.239522706
208.000000000 -23.588674177
207.000000000 -17.379450109
206.000000000 -9.881353526
205.000000000 -3.921468688
204.000000000 -17.251256580
203.000000000 -3.724447333
202.000000000 -8.046466010
201.000000000 10.360391446
200.000000000 8.756387527
199.000000000 24.226776052
198.000000000 27.060802648
197.000000000 16.184266620
196.000000000 18.311523698
195.000000000 21.513855287
194.000000000 25.381014463
193.000000000 19.861290545
192.000000000 31.213105291
191.000000000 32.388128986
190.000000000 27.730015113
