260.000000000 -0.199803068
259.000000000 -0.318687486
258.000000000 -0.271014406
257.000000000 -1.040035958
256.000000000 -0.997664482
255.000000000 -0.088807827
254.000000000 -0.805527956
253.000000000 -1.469432439
252.000000000 -1.342259407
251.000000000 -2.219224407
250.000000000 -0.856736177
249.000000000 -2.104545130
248.000000000 -1.716883681
247.000000000 0.763903300
246.000000000 -2.019703140
245.000000000 -2.861886762
244.000000000 -2.876749885
243.000000000 -2.556395988
242.000000000 -0.707873878
241.000000000 -2.482720541
240.000000000 -1.424136261
239.000000000 -1.701647072
238.000000000 -4.220111886
237.000000000 -3.239094871
236.000000000 -4.332894225
235.000000000 -4.502153083
234.000000000 -5.857553820
233.000000000 -7.686664579
232.000000000 -9.726046423
231.000000000 -7.853775832
230.000000000 -10.027415080
229.000000000 -9.797422387
228.000000000 -9.568823376
227.000000000 -11.816480839
226.000000000 -11.758558977
225.000000000 -14.805802806
224.000000000 -14.026003417
223.000000000 -16.690793754
222.000000000 -16.595792487
221.000000000 -14.227531165
220.000000000 -17.423600475
219.000000000 -21.442819482
218.000000000 -18.899768103
217.000000000 -19.610655211
216.000000000 -21.367949266
215.000000000 -18.537371872
214.000000000 -23.320804235
213.000000000 -16.472826782
212.000000000 -20.895052949
211.000000000 -16.762410736
210.000000000 -18.575157626
209.000000000 -13.084370234
208.000000000 -19.575057876
207.000000000 -14.428536920
206.000000000 -8.554961492
205.000000000 -21.554617829
204.000000000 -11.712244969
203.000000000 -8.032213842
202.000000000 -11.651051433
201.000000000 -6.893153454
200.000000000 -9.501731258
199.000000000 13.552952071
198.000000000 6.542287475
197.000000000 11.808440468
196.000000000 22.652295233
195.000000000 -3.073469279
194.000000000 -3.577918101
193.000000000 23.968081799
192.000000000 13.621653098
191.000000000 14.834949243
190.000000000 8.570954897
