260.000000000 -1.657861530
259.000000000 -1.776643045
258.000000000 0.795964442
257.000000000 -0.321607816
256.000000000 -0.893603030
255.000000000 -0.529206264
254.000000000 0.294788971
253.000000000 -1.921417518
252.000000000 -1.144355308
251.000000000 -1.784321880
250.000000000 -0.474573706
249.000000000 -0.710894948
248.000000000 -0.991249357
247.000000000 -0.906118840
246.000000000 -0.401843468
245.000000000 -1.209215394
244.000000000 -2.146358888
243.000000000 -2.099882156
242.000000000 -2.512096260
241.000000000 -2.427211832
240.000000000 -4.073780974
239.000000000 -3.340648576
238.000000000 -3.879281062
237.000000000 -3.038701247
236.000000000 -5.459314991
235.000000000 -7.193072021
234.000000000 -6.503834023
233.000000000 -8.061668233
232.000000000 -7.846323570
231.000000000 -9.520250350
230.000000000 -9.474553365
229.000000000 -10.542752633
228.000000000 -12.446609523
227.000000000 -15.760555496
226.000000000 -12.402089094
225.000000000 -14.543069318
224.000000000 -18.105307188
223.000000000 -19.307818306
222.000000000 -18.591059358
221.000000000 -17.493316726
220.000000000 -17.508526154
219.000000000 -14.793390349
218.000000000 -15.930541993
217.000000000 -15.902669499
216.000000000 -17.341731118
215.000000000 -22.752140582
214.000000000 -24.495579130
213.000000000 -13.595913437
212.000000000 -21.085661402
211.000000000 -16.634963220
210.000000000 -17.648288541
209.000000000 -15.686850822
208.000000000 -21.688578556
207.000000000 -19.376636672
206.000000000 -17.440800148
205.000000000 -6.771244997
204.000000000 -12.133428270
203.000000000 -4.938787366
202.000000000 1.623532286
201.000000000 -3.253686817
200.000000000 0.637511817
199.000000000 11.863828938
198.000000000 20.888414021
197.000000000 11.059783096
196.000000000 10.769312530
195.000000000 25.137085225
194.000000000 22.420085772
193.000000000 15.583337607
192.000000000 31.797014610
191.000000000 10.327530342
190.000000000 9.359068592
