260.000000000 0.102010457
259.000000000 -1.401217207
258.000000000 0.068304364
257.000000000 -1.065782222
256.000000000 -0.356665878
255.000000000 -2.161022200
254.000000000 -1.191809322
253.000000000 -1.560200976
252.000000000 -0.714293850
251.000000000 0.289269400
250.000000000 -0.494832480
249.000000000 -0.582778143
248.000000000 -2.395138370
247.000000000 -3.791550048
246.000000000 -0.981924956
245.000000000 -0.261473037
244.000000000 -2.473861239
243.000000000 -0.405058086
242.000000000 -2.856205317
241.000000000 -2.408777190
240.000000000 -3.490776644
239.000000000 -3.723063229
238.000000000 -4.744101365
237.000000000 -3.491249941
236.000000000 -4.167131112
235.000000000 -5.034579486
234.000000000 -4.902620840
233.000000000 -6.718813592
232.000000000 -7.501353417
231.000000000 -9.110969585
230.000000000 -10.485255947
229.000000000 -9.099748143
228.000000000 -7.496373425
227.000000000 -11.271409341
226.000000000 -15.830467336
225.000000000 -15.239279228
224.000000000 -15.282120349
223.000000000 -19.251268571
222.000000000 -17.903636339
221.000000000 -16.598722722
220.000000000 -17.488450081
219.000000000 -18.229137139
218.000000000 -21.581140104
217.000000000 -17.715090302
216.000000000 -20.254490924
215.000000000 -21.494103963
214.000000000 -18.446383252
213.000000000 -17.172098908
212.000000000 -18.425323126
211.000000000 -19.724497901
210.000000000 -17.385990460
209.000000000 -23.019990890
208.000000000 -22.034955607
207.000000000 -21.632370455
206.000000000 -16.496167006
205.000000000 -23.774572401
204.000000000 -23.324177350
203.000000000 -27.638714820
202.000000000 -8.640891968
201.000000000 -0.588833645
200.000000000 2.276565248
199.000000000 -8.425015657
198.000000000 -0.448547960
197.000000000 -10.232519477
196.000000000 -9.753035519
195.000000000 8.462859693
194.000000000 0.318486116
193.000000000 4.807800806
192.000000000 47.064212547
191.000000000 -25.151221727
190.000000000 -2.343516579
