260.000000000 -0.101275080
259.000000000 0.379414096
258.000000000 0.035911869
257.000000000 -1.271687279
256.000000000 -0.308428351
255.000000000 0.022265313
254.000000000 -0.389413985
253.000000000 -0.224701396
252.000000000 -1.425990252
251.000000000 -0.938808802
250.000000000 -0.366449767
249.000000000 -0.795662029
248.000000000 -0.571904564
247.000000000 -0.177277278
246.000000000 -0.002305279
245.000000000 -2.462421583
244.000000000 -2.211921821
243.000000000 -0.818016914
242.000000000 -2.051807335
241.000000000 -1.611840850
240.000000000 -2.874068849
239.000000000 -3.363325622
238.000000000 -3.729218354
237.000000000 -3.949713289
236.000000000 -4.626079559
235.000000000 -5.689667777
234.000000000 -4.315383127
233.000000000 -7.389877760
232.000000000 -8.536263367
231.000000000 -9.550973998
230.000000000 -8.582274337
229.000000000 -10.439374898
228.000000000 -14.199400328
227.000000000 -13.018952312
226.000000000 -11.929495917
225.000000000 -14.310650167
224.000000000 -14.113252300
223.000000000 -15.337880399
222.000000000 -16.182371165
221.000000000 -18.158437870
220.000000000 -16.777835284
219.000000000 -17.528070712
218.000000000 -20.861349245
217.000000000 -14.292546822
216.000000000 -20.744019559
215.000000000 -21.223423687
214.000000000 -22.514716230
213.000000000 -17.454024077
212.000000000 -23.604218424
211.000000000 -18.558979279
210.000000000 -23.304984191
209.000000000 -20.900004566
208.000000000 -14.900810446
207.000000000 -20.200035189
206.000000000 -12.885963049
205.000000000 -15.004823586
204.000000000 -21.295833226
203.000000000 -13.659098501
202.000000000 -21.155627143
201.000000000 -5.176149310
200.000000000 -28.080667341
199.000000000 12.909335050
198.000000000 7.396396109
197.000000000 6.333539649
196.000000000 -0.583367501
195.000000000 17.471580663
194.000000000 23.131509460
193.000000000 7.352657837
192.000000000 69.601132373
191.000000000 4.989830230
190.000000000 44.128474351
