260.000000000 -1.116846031
259.000000000 0.136553972
258.000000000 0.234530374
257.000000000 -0.501620303
256.000000000 -0.123727122
255.000000000 -0.853437143
254.000000000 -2.322259950
253.000000000 -0.558722345
252.000000000 -0.931827794
251.000000000 -0.040950806
250.000000000 -1.349694109
249.000000000 -0.534556469
248.000000000 -3.028954911
247.000000000 0.201271969
246.000000000 -1.289906395
245.000000000 -2.755183521
244.000000000 0.092385521
243.000000000 -2.100180310
242.000000000 -1.979852396
241.000000000 -2.804924123
240.000000000 -2.090070358
239.000000000 -4.567344216
238.000000000 -3.859333586
237.000000000 -4.848198089
236.000000000 -4.259156276
235.000000000 -6.398507542
234.000000000 -7.320213523
233.000000000 -8.278907908
232.000000000 -9.188322366
231.000000000 -11.079720566
230.000000000 -10.192338546
229.000000000 -12.056341766
228.000000000 -11.700473283
227.000000000 -13.778674890
226.000000000 -14.264011296
225.000000000 -14.721607846
224.000000000 -16.482907079
223.000000000 -16.362607551
222.000000000 -17.451774433
221.000000000 -15.469877453
220.000000000 -21.481981828
219.000000000 -15.298882528
218.000000000 -19.372423505
217.000000000 -18.072147502
216.000000000 -23.522693341
215.000000000 -19.979377058
214.000000000 -20.957948139
213.000000000 -19.218708391
212.000000000 -18.356763196
211.000000000 -19.973652336
210.000000000 -13.454994710
209.000000000 -18.480047095
208.000000000 -14.198428038
207.000000000 -14.316751618
206.000000000 -13.393639370
205.000000000 -10.465635626
204.000000000 -8.325993532
203.000000000 -10.306216578
202.000000000 -0.045041985
201.000000000 6.377301174
200.000000000 8.009038646
199.000000000 3.702411302
198.000000000 13.936027969
197.000000000 14.304670423
196.000000000 40.897178905
195.000000000 25.875221783
194.000000000 30.644593301
193.000000000 17.526364778
192.000000000 4.791987816
191.000000000 22.708224986
190.000000000 2.038932111
