250.000000000 310.670623779
249.000000000 310.670623779
248.000000000 310.670623779
247.000000000 310.670623779
246.000000000 310.670623779
245.000000000 310.670623779
244.000000000 310.670623779
243.000000000 310.670623779
242.000000000 310.670623779
241.000000000 310.670623779
240.000000000 310.670623779
239.000000000 310.670623779
238.000000000 310.670623779
237.000000000 310.670623779
236.000000000 326.449401855
235.000000000 326.449401855
234.000000000 326.449401855
233.000000000 326.449401855
232.000000000 326.449401855
231.000000000 326.449401855
230.000000000 326.449401855
229.000000000 326.449401855
228.000000000 326.449401855
227.000000000 326.449401855
226.000000000 326.449401855
225.000000000 326.449401855
224.000000000 326.449401855
223.000000000 342.391662598
222.000000000 342.391662598
221.000000000 342.391662598
220.000000000 342.391662598
219.000000000 342.391662598
218.000000000 342.391662598
217.000000000 342.391662598
216.000000000 342.391662598
215.000000000 359.792388916
214.000000000 359.792388916
213.000000000 359.792388916
212.000000000 359.792388916
211.000000000 359.792388916
210.000000000 380.607391357
209.000000000 380.607391357
208.000000000 380.607391357
207.000000000 399.665802002
206.000000000 399.665802002
205.000000000 399.665802002
204.000000000 423.800445557
203.000000000 423.800445557
202.000000000 446.628387451
201.000000000 446.628387451
200.000000000 483.994628906
199.000000000 515.568481445
198.000000000 549.389648438
197.000000000 594.415710449
196.000000000 652.948181152
195.000000000 729.569763184
194.000000000 821.413085938
193.000000000 932.858581543
192.000000000 1030.720214844
191.000000000 1085.736572266
190.000000000 1085.736572266
