250.000000000 318.934753418
249.000000000 318.934753418
248.000000000 318.934753418
247.000000000 318.934753418
246.000000000 318.934753418
245.000000000 318.934753418
244.000000000 318.934753418
243.000000000 318.934753418
242.000000000 318.934753418
241.000000000 318.934753418
240.000000000 318.934753418
239.000000000 318.934753418
238.000000000 318.934753418
237.000000000 318.934753418
236.000000000 318.934753418
235.000000000 318.934753418
234.000000000 318.934753418
233.000000000 318.934753418
232.000000000 335.156036377
231.000000000 335.156036377
230.000000000 335.156036377
229.000000000 335.156036377
228.000000000 335.156036377
227.000000000 335.156036377
226.000000000 335.156036377
225.000000000 335.156036377
224.000000000 335.156036377
223.000000000 335.156036377
222.000000000 335.156036377
221.000000000 335.156036377
220.000000000 353.339843750
219.000000000 353.339843750
218.000000000 353.339843750
217.000000000 353.339843750
216.000000000 353.339843750
215.000000000 353.339843750
214.000000000 353.339843750
213.000000000 372.333068848
212.000000000 372.333068848
211.000000000 372.333068848
210.000000000 372.333068848
209.000000000 396.071289062
208.000000000 396.071289062
207.000000000 396.071289062
206.000000000 396.071289062
205.000000000 422.029052734
204.000000000 422.029052734
203.000000000 422.029052734
202.000000000 453.056488037
201.000000000 453.056488037
200.000000000 490.511169434
199.000000000 521.349121094
198.000000000 558.728332520
197.000000000 603.440551758
196.000000000 665.469726562
195.000000000 742.185241699
194.000000000 836.715148926
193.000000000 931.276916504
192.000000000 999.649780273
191.000000000 999.649780273
190.000000000 999.649780273
