250.000000000 318.934753418
249.000000000 318.934753418
248.000000000 318.934753418
247.000000000 318.934753418
246.000000000 318.934753418
245.000000000 318.934753418
244.000000000 318.934753418
243.000000000 318.934753418
242.000000000 318.934753418
241.000000000 318.934753418
240.000000000 318.934753418
239.000000000 318.934753418
238.000000000 318.934753418
237.000000000 318.934753418
236.000000000 318.934753418
235.000000000 318.934753418
234.000000000 318.934753418
233.000000000 318.934753418
232.000000000 318.934753418
231.000000000 318.934753418
230.000000000 334.815429688
229.000000000 334.815429688
228.000000000 334.815429688
227.000000000 334.815429688
226.000000000 334.815429688
225.000000000 334.815429688
224.000000000 334.815429688
223.000000000 334.815429688
222.000000000 334.815429688
221.000000000 334.815429688
220.000000000 334.815429688
219.000000000 334.815429688
218.000000000 352.887695312
217.000000000 352.887695312
216.000000000 352.887695312
215.000000000 352.887695312
214.000000000 352.887695312
213.000000000 352.887695312
212.000000000 352.887695312
211.000000000 373.857543945
210.000000000 373.857543945
209.000000000 373.857543945
208.000000000 373.857543945
207.000000000 393.995239258
206.000000000 393.995239258
205.000000000 393.995239258
204.000000000 393.995239258
203.000000000 393.995239258
202.000000000 417.480590820
201.000000000 417.480590820
200.000000000 417.480590820
199.000000000 444.498260498
198.000000000 444.498260498
197.000000000 473.782684326
196.000000000 473.782684326
195.000000000 521.546875000
194.000000000 555.585144043
193.000000000 599.393371582
192.000000000 657.615905762
191.000000000 722.056701660
190.000000000 780.693603516
