250.000000000 318.934753418
249.000000000 318.934753418
248.000000000 318.934753418
247.000000000 318.934753418
246.000000000 318.934753418
245.000000000 318.934753418
244.000000000 318.934753418
243.000000000 318.934753418
242.000000000 318.934753418
241.000000000 318.934753418
240.000000000 318.934753418
239.000000000 318.934753418
238.000000000 318.934753418
237.000000000 318.934753418
236.000000000 318.934753418
235.000000000 318.934753418
234.000000000 318.934753418
233.000000000 318.934753418
232.000000000 334.942901611
231.000000000 334.942901611
230.000000000 334.942901611
229.000000000 334.942901611
228.000000000 334.942901611
227.000000000 334.942901611
226.000000000 334.942901611
225.000000000 334.942901611
224.000000000 334.942901611
223.000000000 334.942901611
222.000000000 334.942901611
221.000000000 352.106842041
220.000000000 352.106842041
219.000000000 352.106842041
218.000000000 352.106842041
217.000000000 352.106842041
216.000000000 352.106842041
215.000000000 352.106842041
214.000000000 352.106842041
213.000000000 371.782928467
212.000000000 371.782928467
211.000000000 371.782928467
210.000000000 371.782928467
209.000000000 395.051757812
208.000000000 395.051757812
207.000000000 395.051757812
206.000000000 415.782653809
205.000000000 415.782653809
204.000000000 415.782653809
203.000000000 440.509887695
202.000000000 440.509887695
201.000000000 467.819061279
200.000000000 490.605346680
199.000000000 522.274780273
198.000000000 558.041503906
197.000000000 605.137939453
196.000000000 666.336059570
195.000000000 746.553527832
194.000000000 838.137329102
193.000000000 937.371032715
192.000000000 1005.757263184
191.000000000 1005.757263184
190.000000000 1005.757263184
