250.000000000 310.670623779
249.000000000 310.670623779
248.000000000 310.670623779
247.000000000 310.670623779
246.000000000 310.670623779
245.000000000 310.670623779
244.000000000 310.670623779
243.000000000 310.670623779
242.000000000 310.670623779
241.000000000 310.670623779
240.000000000 310.670623779
239.000000000 310.670623779
238.000000000 310.670623779
237.000000000 310.670623779
236.000000000 310.670623779
235.000000000 310.670623779
234.000000000 310.670623779
233.000000000 310.670623779
232.000000000 325.551666260
231.000000000 325.551666260
230.000000000 325.551666260
229.000000000 325.551666260
228.000000000 325.551666260
227.000000000 325.551666260
226.000000000 325.551666260
225.000000000 325.551666260
224.000000000 325.551666260
223.000000000 325.551666260
222.000000000 325.551666260
221.000000000 325.551666260
220.000000000 341.614196777
219.000000000 341.614196777
218.000000000 341.614196777
217.000000000 341.614196777
216.000000000 341.614196777
215.000000000 341.614196777
214.000000000 341.614196777
213.000000000 341.614196777
212.000000000 361.437225342
211.000000000 361.437225342
210.000000000 361.437225342
209.000000000 361.437225342
208.000000000 379.048461914
207.000000000 379.048461914
206.000000000 379.048461914
205.000000000 379.048461914
204.000000000 396.997985840
203.000000000 396.997985840
202.000000000 396.997985840
201.000000000 417.247680664
200.000000000 417.247680664
199.000000000 417.247680664
198.000000000 448.355773926
197.000000000 448.355773926
196.000000000 477.821563721
195.000000000 501.758056641
194.000000000 528.711059570
193.000000000 563.358947754
192.000000000 610.595520020
191.000000000 675.093688965
190.000000000 766.988098145
