250.000000000 310.670623779
249.000000000 310.670623779
248.000000000 310.670623779
247.000000000 310.670623779
246.000000000 310.670623779
245.000000000 310.670623779
244.000000000 310.670623779
243.000000000 310.670623779
242.000000000 310.670623779
241.000000000 310.670623779
240.000000000 310.670623779
239.000000000 310.670623779
238.000000000 310.670623779
237.000000000 310.670623779
236.000000000 310.670623779
235.000000000 325.979705811
234.000000000 325.979705811
233.000000000 325.979705811
232.000000000 325.979705811
231.000000000 325.979705811
230.000000000 325.979705811
229.000000000 325.979705811
228.000000000 325.979705811
227.000000000 325.979705811
226.000000000 325.979705811
225.000000000 325.979705811
224.000000000 325.979705811
223.000000000 341.411193848
222.000000000 341.411193848
221.000000000 341.411193848
220.000000000 341.411193848
219.000000000 341.411193848
218.000000000 341.411193848
217.000000000 341.411193848
216.000000000 341.411193848
215.000000000 358.567199707
214.000000000 358.567199707
213.000000000 358.567199707
212.000000000 358.567199707
211.000000000 358.567199707
210.000000000 376.878021240
209.000000000 376.878021240
208.000000000 376.878021240
207.000000000 395.622070312
206.000000000 395.622070312
205.000000000 395.622070312
204.000000000 395.622070312
203.000000000 422.388031006
202.000000000 422.388031006
201.000000000 445.045745850
200.000000000 445.045745850
199.000000000 478.791381836
198.000000000 502.844238281
197.000000000 533.495117188
196.000000000 573.520996094
195.000000000 624.786804199
194.000000000 687.010498047
193.000000000 771.189758301
192.000000000 878.417175293
191.000000000 998.421020508
190.000000000 1081.299438477
