250.000000000 310.670623779
249.000000000 310.670623779
248.000000000 310.670623779
247.000000000 310.670623779
246.000000000 310.670623779
245.000000000 310.670623779
244.000000000 310.670623779
243.000000000 310.670623779
242.000000000 310.670623779
241.000000000 310.670623779
240.000000000 310.670623779
239.000000000 310.670623779
238.000000000 310.670623779
237.000000000 310.670623779
236.000000000 310.670623779
235.000000000 325.411865234
234.000000000 325.411865234
233.000000000 325.411865234
232.000000000 325.411865234
231.000000000 325.411865234
230.000000000 325.411865234
229.000000000 325.411865234
228.000000000 325.411865234
227.000000000 325.411865234
226.000000000 325.411865234
225.000000000 325.411865234
224.000000000 325.411865234
223.000000000 325.411865234
222.000000000 341.082031250
221.000000000 341.082031250
220.000000000 341.082031250
219.000000000 341.082031250
218.000000000 341.082031250
217.000000000 341.082031250
216.000000000 341.082031250
215.000000000 341.082031250
214.000000000 358.424987793
213.000000000 358.424987793
212.000000000 358.424987793
211.000000000 358.424987793
210.000000000 358.424987793
209.000000000 377.858184814
208.000000000 377.858184814
207.000000000 377.858184814
206.000000000 377.858184814
205.000000000 399.441101074
204.000000000 399.441101074
203.000000000 399.441101074
202.000000000 423.462738037
201.000000000 423.462738037
200.000000000 447.554565430
199.000000000 447.554565430
198.000000000 485.561645508
197.000000000 512.914611816
196.000000000 548.026855469
195.000000000 590.541137695
194.000000000 645.218444824
193.000000000 718.581176758
192.000000000 808.535827637
191.000000000 905.745300293
190.000000000 972.079956055
