250.000000000 310.670623779
249.000000000 310.670623779
248.000000000 310.670623779
247.000000000 310.670623779
246.000000000 310.670623779
245.000000000 310.670623779
244.000000000 310.670623779
243.000000000 310.670623779
242.000000000 310.670623779
241.000000000 310.670623779
240.000000000 310.670623779
239.000000000 310.670623779
238.000000000 310.670623779
237.000000000 310.670623779
236.000000000 310.670623779
235.000000000 310.670623779
234.000000000 310.670623779
233.000000000 325.491149902
232.000000000 325.491149902
231.000000000 325.491149902
230.000000000 325.491149902
229.000000000 325.491149902
228.000000000 325.491149902
227.000000000 325.491149902
226.000000000 325.491149902
225.000000000 325.491149902
224.000000000 325.491149902
223.000000000 325.491149902
222.000000000 325.491149902
221.000000000 342.011474609
220.000000000 342.011474609
219.000000000 342.011474609
218.000000000 342.011474609
217.000000000 342.011474609
216.000000000 342.011474609
215.000000000 342.011474609
214.000000000 342.011474609
213.000000000 358.304656982
212.000000000 358.304656982
211.000000000 358.304656982
210.000000000 358.304656982
209.000000000 376.094451904
208.000000000 376.094451904
207.000000000 376.094451904
206.000000000 376.094451904
205.000000000 396.340057373
204.000000000 396.340057373
203.000000000 396.340057373
202.000000000 415.930145264
201.000000000 415.930145264
200.000000000 438.802978516
199.000000000 438.802978516
198.000000000 469.503021240
197.000000000 492.825500488
196.000000000 520.633605957
195.000000000 554.708496094
194.000000000 599.125976562
193.000000000 655.435607910
192.000000000 731.776184082
191.000000000 817.963439941
190.000000000 904.903320312
