250.000000000 318.934753418
249.000000000 318.934753418
248.000000000 318.934753418
247.000000000 318.934753418
246.000000000 318.934753418
245.000000000 318.934753418
244.000000000 318.934753418
243.000000000 318.934753418
242.000000000 318.934753418
241.000000000 318.934753418
240.000000000 318.934753418
239.000000000 318.934753418
238.000000000 318.934753418
237.000000000 318.934753418
236.000000000 318.934753418
235.000000000 318.934753418
234.000000000 318.934753418
233.000000000 318.934753418
232.000000000 318.934753418
231.000000000 334.362609863
230.000000000 334.362609863
229.000000000 334.362609863
228.000000000 334.362609863
227.000000000 334.362609863
226.000000000 334.362609863
225.000000000 334.362609863
224.000000000 334.362609863
223.000000000 334.362609863
222.000000000 334.362609863
221.000000000 334.362609863
220.000000000 351.567749023
219.000000000 351.567749023
218.000000000 351.567749023
217.000000000 351.567749023
216.000000000 351.567749023
215.000000000 351.567749023
214.000000000 351.567749023
213.000000000 351.567749023
212.000000000 374.091766357
211.000000000 374.091766357
210.000000000 374.091766357
209.000000000 374.091766357
208.000000000 396.820312500
207.000000000 396.820312500
206.000000000 396.820312500
205.000000000 396.820312500
204.000000000 419.432403564
203.000000000 419.432403564
202.000000000 419.432403564
201.000000000 450.382781982
200.000000000 450.382781982
199.000000000 488.247253418
198.000000000 514.536254883
197.000000000 549.894592285
196.000000000 594.388305664
195.000000000 652.628784180
194.000000000 724.673706055
193.000000000 818.813598633
192.000000000 921.416687012
191.000000000 990.873535156
190.000000000 990.873535156
