250.000000000 318.934753418
249.000000000 318.934753418
248.000000000 318.934753418
247.000000000 318.934753418
246.000000000 318.934753418
245.000000000 318.934753418
244.000000000 318.934753418
243.000000000 318.934753418
242.000000000 318.934753418
241.000000000 318.934753418
240.000000000 318.934753418
239.000000000 318.934753418
238.000000000 318.934753418
237.000000000 318.934753418
236.000000000 318.934753418
235.000000000 318.934753418
234.000000000 318.934753418
233.000000000 318.934753418
232.000000000 318.934753418
231.000000000 335.038452148
230.000000000 335.038452148
229.000000000 335.038452148
228.000000000 335.038452148
227.000000000 335.038452148
226.000000000 335.038452148
225.000000000 335.038452148
224.000000000 335.038452148
223.000000000 335.038452148
222.000000000 335.038452148
221.000000000 335.038452148
220.000000000 335.038452148
219.000000000 351.717590332
218.000000000 351.717590332
217.000000000 351.717590332
216.000000000 351.717590332
215.000000000 351.717590332
214.000000000 351.717590332
213.000000000 351.717590332
212.000000000 369.635864258
211.000000000 369.635864258
210.000000000 369.635864258
209.000000000 369.635864258
208.000000000 390.354980469
207.000000000 390.354980469
206.000000000 390.354980469
205.000000000 390.354980469
204.000000000 390.354980469
203.000000000 411.651824951
202.000000000 411.651824951
201.000000000 411.651824951
200.000000000 411.651824951
199.000000000 440.400665283
198.000000000 440.400665283
197.000000000 464.659332275
196.000000000 464.659332275
195.000000000 503.952148438
194.000000000 532.637512207
193.000000000 569.107482910
192.000000000 619.989685059
191.000000000 686.558288574
190.000000000 776.988037109
