250.000000000 310.670623779
249.000000000 310.670623779
248.000000000 310.670623779
247.000000000 310.670623779
246.000000000 310.670623779
245.000000000 310.670623779
244.000000000 310.670623779
243.000000000 310.670623779
242.000000000 310.670623779
241.000000000 310.670623779
240.000000000 310.670623779
239.000000000 310.670623779
238.000000000 310.670623779
237.000000000 310.670623779
236.000000000 310.670623779
235.000000000 310.670623779
234.000000000 325.775665283
233.000000000 325.775665283
232.000000000 325.775665283
231.000000000 325.775665283
230.000000000 325.775665283
229.000000000 325.775665283
228.000000000 325.775665283
227.000000000 325.775665283
226.000000000 325.775665283
225.000000000 325.775665283
224.000000000 325.775665283
223.000000000 325.775665283
222.000000000 325.775665283
221.000000000 343.201629639
220.000000000 343.201629639
219.000000000 343.201629639
218.000000000 343.201629639
217.000000000 343.201629639
216.000000000 343.201629639
215.000000000 343.201629639
214.000000000 343.201629639
213.000000000 361.342956543
212.000000000 361.342956543
211.000000000 361.342956543
210.000000000 361.342956543
209.000000000 378.677856445
208.000000000 378.677856445
207.000000000 378.677856445
206.000000000 378.677856445
205.000000000 399.646575928
204.000000000 399.646575928
203.000000000 399.646575928
202.000000000 421.809112549
201.000000000 421.809112549
200.000000000 447.315917969
199.000000000 447.315917969
198.000000000 486.335327148
197.000000000 513.252136230
196.000000000 547.054687500
195.000000000 590.642150879
194.000000000 644.678833008
193.000000000 718.675537109
192.000000000 805.215942383
191.000000000 900.127441406
190.000000000 973.044616699
