250.000000000 318.934753418
249.000000000 318.934753418
248.000000000 318.934753418
247.000000000 318.934753418
246.000000000 318.934753418
245.000000000 318.934753418
244.000000000 318.934753418
243.000000000 318.934753418
242.000000000 318.934753418
241.000000000 318.934753418
240.000000000 318.934753418
239.000000000 318.934753418
238.000000000 318.934753418
237.000000000 318.934753418
236.000000000 318.934753418
235.000000000 318.934753418
234.000000000 318.934753418
233.000000000 318.934753418
232.000000000 318.934753418
231.000000000 334.842071533
230.000000000 334.842071533
229.000000000 334.842071533
228.000000000 334.842071533
227.000000000 334.842071533
226.000000000 334.842071533
225.000000000 334.842071533
224.000000000 334.842071533
223.000000000 334.842071533
222.000000000 334.842071533
221.000000000 334.842071533
220.000000000 351.472320557
219.000000000 351.472320557
218.000000000 351.472320557
217.000000000 351.472320557
216.000000000 351.472320557
215.000000000 351.472320557
214.000000000 351.472320557
213.000000000 368.529846191
212.000000000 368.529846191
211.000000000 368.529846191
210.000000000 368.529846191
209.000000000 390.522155762
208.000000000 390.522155762
207.000000000 390.522155762
206.000000000 390.522155762
205.000000000 412.338592529
204.000000000 412.338592529
203.000000000 412.338592529
202.000000000 432.879577637
201.000000000 432.879577637
200.000000000 456.371795654
199.000000000 456.371795654
198.000000000 497.912414551
197.000000000 524.993896484
196.000000000 564.182739258
195.000000000 609.978698730
194.000000000 667.640258789
193.000000000 740.756469727
192.000000000 831.634826660
191.000000000 904.173645020
190.000000000 904.173645020
