250.000000000 310.670623779
249.000000000 310.670623779
248.000000000 310.670623779
247.000000000 310.670623779
246.000000000 310.670623779
245.000000000 310.670623779
244.000000000 310.670623779
243.000000000 310.670623779
242.000000000 310.670623779
241.000000000 310.670623779
240.000000000 310.670623779
239.000000000 310.670623779
238.000000000 310.670623779
237.000000000 310.670623779
236.000000000 310.670623779
235.000000000 310.670623779
234.000000000 310.670623779
233.000000000 325.881134033
232.000000000 325.881134033
231.000000000 325.881134033
230.000000000 325.881134033
229.000000000 325.881134033
228.000000000 325.881134033
227.000000000 325.881134033
226.000000000 325.881134033
225.000000000 325.881134033
224.000000000 325.881134033
223.000000000 325.881134033
222.000000000 325.881134033
221.000000000 341.475067139
220.000000000 341.475067139
219.000000000 341.475067139
218.000000000 341.475067139
217.000000000 341.475067139
216.000000000 341.475067139
215.000000000 341.475067139
214.000000000 341.475067139
213.000000000 359.080871582
212.000000000 359.080871582
211.000000000 359.080871582
210.000000000 359.080871582
209.000000000 359.080871582
208.000000000 381.136596680
207.000000000 381.136596680
206.000000000 381.136596680
205.000000000 381.136596680
204.000000000 401.206848145
203.000000000 401.206848145
202.000000000 401.206848145
201.000000000 425.451324463
200.000000000 425.451324463
199.000000000 451.518707275
198.000000000 451.518707275
197.000000000 489.834350586
196.000000000 519.199523926
195.000000000 554.006347656
194.000000000 597.538635254
193.000000000 655.622497559
192.000000000 731.136413574
191.000000000 815.646667480
190.000000000 898.930603027
