250.000000000 310.670623779
249.000000000 310.670623779
248.000000000 310.670623779
247.000000000 310.670623779
246.000000000 310.670623779
245.000000000 310.670623779
244.000000000 310.670623779
243.000000000 310.670623779
242.000000000 310.670623779
241.000000000 310.670623779
240.000000000 310.670623779
239.000000000 310.670623779
238.000000000 310.670623779
237.000000000 310.670623779
236.000000000 310.670623779
235.000000000 310.670623779
234.000000000 326.462158203
233.000000000 326.462158203
232.000000000 326.462158203
231.000000000 326.462158203
230.000000000 326.462158203
229.000000000 326.462158203
228.000000000 326.462158203
227.000000000 326.462158203
226.000000000 326.462158203
225.000000000 326.462158203
224.000000000 326.462158203
223.000000000 326.462158203
222.000000000 326.462158203
221.000000000 342.960845947
220.000000000 342.960845947
219.000000000 342.960845947
218.000000000 342.960845947
217.000000000 342.960845947
216.000000000 342.960845947
215.000000000 342.960845947
214.000000000 342.960845947
213.000000000 362.205383301
212.000000000 362.205383301
211.000000000 362.205383301
210.000000000 362.205383301
209.000000000 362.205383301
208.000000000 384.291687012
207.000000000 384.291687012
206.000000000 384.291687012
205.000000000 384.291687012
204.000000000 406.233154297
203.000000000 406.233154297
202.000000000 406.233154297
201.000000000 433.093322754
200.000000000 433.093322754
199.000000000 464.569763184
198.000000000 486.625244141
197.000000000 513.452880859
196.000000000 549.320922852
195.000000000 591.863037109
194.000000000 648.054443359
193.000000000 719.655395508
192.000000000 810.371704102
191.000000000 910.813476562
190.000000000 980.606506348
