250.000000000 318.934753418
249.000000000 318.934753418
248.000000000 318.934753418
247.000000000 318.934753418
246.000000000 318.934753418
245.000000000 318.934753418
244.000000000 318.934753418
243.000000000 318.934753418
242.000000000 318.934753418
241.000000000 318.934753418
240.000000000 318.934753418
239.000000000 318.934753418
238.000000000 318.934753418
237.000000000 318.934753418
236.000000000 318.934753418
235.000000000 318.934753418
234.000000000 318.934753418
233.000000000 318.934753418
232.000000000 334.474548340
231.000000000 334.474548340
230.000000000 334.474548340
229.000000000 334.474548340
228.000000000 334.474548340
227.000000000 334.474548340
226.000000000 334.474548340
225.000000000 334.474548340
224.000000000 334.474548340
223.000000000 334.474548340
222.000000000 334.474548340
221.000000000 350.881195068
220.000000000 350.881195068
219.000000000 350.881195068
218.000000000 350.881195068
217.000000000 350.881195068
216.000000000 350.881195068
215.000000000 350.881195068
214.000000000 350.881195068
213.000000000 369.330322266
212.000000000 369.330322266
211.000000000 369.330322266
210.000000000 369.330322266
209.000000000 391.105621338
208.000000000 391.105621338
207.000000000 391.105621338
206.000000000 391.105621338
205.000000000 411.355010986
204.000000000 411.355010986
203.000000000 411.355010986
202.000000000 432.686523438
201.000000000 432.686523438
200.000000000 458.902343750
199.000000000 458.902343750
198.000000000 497.130920410
197.000000000 526.373291016
196.000000000 562.730468750
195.000000000 610.742187500
194.000000000 668.221191406
193.000000000 746.672607422
192.000000000 831.494995117
191.000000000 898.854492188
190.000000000 898.854492188
