250.000000000 318.934753418
249.000000000 318.934753418
248.000000000 318.934753418
247.000000000 318.934753418
246.000000000 318.934753418
245.000000000 318.934753418
244.000000000 318.934753418
243.000000000 318.934753418
242.000000000 318.934753418
241.000000000 318.934753418
240.000000000 318.934753418
239.000000000 318.934753418
238.000000000 318.934753418
237.000000000 318.934753418
236.000000000 318.934753418
235.000000000 318.934753418
234.000000000 318.934753418
233.000000000 318.934753418
232.000000000 318.934753418
231.000000000 335.125823975
230.000000000 335.125823975
229.000000000 335.125823975
228.000000000 335.125823975
227.000000000 335.125823975
226.000000000 335.125823975
225.000000000 335.125823975
224.000000000 335.125823975
223.000000000 335.125823975
222.000000000 335.125823975
221.000000000 335.125823975
220.000000000 335.125823975
219.000000000 352.514190674
218.000000000 352.514190674
217.000000000 352.514190674
216.000000000 352.514190674
215.000000000 352.514190674
214.000000000 352.514190674
213.000000000 352.514190674
212.000000000 369.828491211
211.000000000 369.828491211
210.000000000 369.828491211
209.000000000 369.828491211
208.000000000 389.320587158
207.000000000 389.320587158
206.000000000 389.320587158
205.000000000 389.320587158
204.000000000 389.320587158
203.000000000 411.866485596
202.000000000 411.866485596
201.000000000 411.866485596
200.000000000 432.066558838
199.000000000 432.066558838
198.000000000 432.066558838
197.000000000 465.438842773
196.000000000 465.438842773
195.000000000 503.992218018
194.000000000 532.237487793
193.000000000 569.440063477
192.000000000 619.964599609
191.000000000 686.256652832
190.000000000 774.531799316
