250.000000000 310.670623779
249.000000000 310.670623779
248.000000000 310.670623779
247.000000000 310.670623779
246.000000000 310.670623779
245.000000000 310.670623779
244.000000000 310.670623779
243.000000000 310.670623779
242.000000000 310.670623779
241.000000000 310.670623779
240.000000000 310.670623779
239.000000000 310.670623779
238.000000000 310.670623779
237.000000000 310.670623779
236.000000000 310.670623779
235.000000000 310.670623779
234.000000000 310.670623779
233.000000000 325.212036133
232.000000000 325.212036133
231.000000000 325.212036133
230.000000000 325.212036133
229.000000000 325.212036133
228.000000000 325.212036133
227.000000000 325.212036133
226.000000000 325.212036133
225.000000000 325.212036133
224.000000000 325.212036133
223.000000000 325.212036133
222.000000000 325.212036133
221.000000000 340.587799072
220.000000000 340.587799072
219.000000000 340.587799072
218.000000000 340.587799072
217.000000000 340.587799072
216.000000000 340.587799072
215.000000000 340.587799072
214.000000000 340.587799072
213.000000000 357.052947998
212.000000000 357.052947998
211.000000000 357.052947998
210.000000000 357.052947998
209.000000000 357.052947998
208.000000000 377.233001709
207.000000000 377.233001709
206.000000000 377.233001709
205.000000000 377.233001709
204.000000000 396.938385010
203.000000000 396.938385010
202.000000000 396.938385010
201.000000000 417.467437744
200.000000000 417.467437744
199.000000000 437.133636475
198.000000000 437.133636475
197.000000000 465.433563232
196.000000000 465.433563232
195.000000000 510.905578613
194.000000000 543.722351074
193.000000000 585.737976074
192.000000000 641.914550781
191.000000000 708.909362793
190.000000000 782.982604980
