250.000000000 318.934753418
249.000000000 318.934753418
248.000000000 318.934753418
247.000000000 318.934753418
246.000000000 318.934753418
245.000000000 318.934753418
244.000000000 318.934753418
243.000000000 318.934753418
242.000000000 318.934753418
241.000000000 318.934753418
240.000000000 318.934753418
239.000000000 318.934753418
238.000000000 318.934753418
237.000000000 318.934753418
236.000000000 318.934753418
235.000000000 318.934753418
234.000000000 318.934753418
233.000000000 318.934753418
232.000000000 318.934753418
231.000000000 318.934753418
230.000000000 334.847656250
229.000000000 334.847656250
228.000000000 334.847656250
227.000000000 334.847656250
226.000000000 334.847656250
225.000000000 334.847656250
224.000000000 334.847656250
223.000000000 334.847656250
222.000000000 334.847656250
221.000000000 334.847656250
220.000000000 334.847656250
219.000000000 334.847656250
218.000000000 352.508148193
217.000000000 352.508148193
216.000000000 352.508148193
215.000000000 352.508148193
214.000000000 352.508148193
213.000000000 352.508148193
212.000000000 352.508148193
211.000000000 372.842620850
210.000000000 372.842620850
209.000000000 372.842620850
208.000000000 372.842620850
207.000000000 391.880737305
206.000000000 391.880737305
205.000000000 391.880737305
204.000000000 391.880737305
203.000000000 391.880737305
202.000000000 414.443572998
201.000000000 414.443572998
200.000000000 414.443572998
199.000000000 438.111663818
198.000000000 438.111663818
197.000000000 461.353088379
196.000000000 461.353088379
195.000000000 499.286499023
194.000000000 526.538208008
193.000000000 561.769165039
192.000000000 607.374328613
191.000000000 659.335632324
190.000000000 711.476013184
