250.000000000 310.670623779
249.000000000 310.670623779
248.000000000 310.670623779
247.000000000 310.670623779
246.000000000 310.670623779
245.000000000 310.670623779
244.000000000 310.670623779
243.000000000 310.670623779
242.000000000 310.670623779
241.000000000 310.670623779
240.000000000 310.670623779
239.000000000 310.670623779
238.000000000 310.670623779
237.000000000 310.670623779
236.000000000 325.385833740
235.000000000 325.385833740
234.000000000 325.385833740
233.000000000 325.385833740
232.000000000 325.385833740
231.000000000 325.385833740
230.000000000 325.385833740
229.000000000 325.385833740
228.000000000 325.385833740
227.000000000 325.385833740
226.000000000 325.385833740
225.000000000 325.385833740
224.000000000 325.385833740
223.000000000 342.136718750
222.000000000 342.136718750
221.000000000 342.136718750
220.000000000 342.136718750
219.000000000 342.136718750
218.000000000 342.136718750
217.000000000 342.136718750
216.000000000 342.136718750
215.000000000 358.421966553
214.000000000 358.421966553
213.000000000 358.421966553
212.000000000 358.421966553
211.000000000 358.421966553
210.000000000 379.166046143
209.000000000 379.166046143
208.000000000 379.166046143
207.000000000 397.255157471
206.000000000 397.255157471
205.000000000 397.255157471
204.000000000 418.416625977
203.000000000 418.416625977
202.000000000 438.630859375
201.000000000 438.630859375
200.000000000 470.190368652
199.000000000 494.704437256
198.000000000 523.892700195
197.000000000 561.769287109
196.000000000 609.850646973
195.000000000 674.200561523
194.000000000 749.822875977
193.000000000 848.441955566
192.000000000 964.508789062
191.000000000 1063.736816406
190.000000000 1063.736816406
