250.000000000 310.670623779
249.000000000 310.670623779
248.000000000 310.670623779
247.000000000 310.670623779
246.000000000 310.670623779
245.000000000 310.670623779
244.000000000 310.670623779
243.000000000 310.670623779
242.000000000 310.670623779
241.000000000 310.670623779
240.000000000 310.670623779
239.000000000 310.670623779
238.000000000 310.670623779
237.000000000 310.670623779
236.000000000 310.670623779
235.000000000 310.670623779
234.000000000 310.670623779
233.000000000 325.652313232
232.000000000 325.652313232
231.000000000 325.652313232
230.000000000 325.652313232
229.000000000 325.652313232
228.000000000 325.652313232
227.000000000 325.652313232
226.000000000 325.652313232
225.000000000 325.652313232
224.000000000 325.652313232
223.000000000 325.652313232
222.000000000 325.652313232
221.000000000 341.849090576
220.000000000 341.849090576
219.000000000 341.849090576
218.000000000 341.849090576
217.000000000 341.849090576
216.000000000 341.849090576
215.000000000 341.849090576
214.000000000 341.849090576
213.000000000 359.476318359
212.000000000 359.476318359
211.000000000 359.476318359
210.000000000 359.476318359
209.000000000 359.476318359
208.000000000 381.893951416
207.000000000 381.893951416
206.000000000 381.893951416
205.000000000 381.893951416
204.000000000 400.710937500
203.000000000 400.710937500
202.000000000 400.710937500
201.000000000 423.066406250
200.000000000 423.066406250
199.000000000 445.992126465
198.000000000 445.992126465
197.000000000 480.042236328
196.000000000 504.645202637
195.000000000 534.622985840
194.000000000 569.970825195
193.000000000 618.275756836
192.000000000 684.976013184
191.000000000 771.380737305
190.000000000 891.909973145
