250.000000000 318.934753418
249.000000000 318.934753418
248.000000000 318.934753418
247.000000000 318.934753418
246.000000000 318.934753418
245.000000000 318.934753418
244.000000000 318.934753418
243.000000000 318.934753418
242.000000000 318.934753418
241.000000000 318.934753418
240.000000000 318.934753418
239.000000000 318.934753418
238.000000000 318.934753418
237.000000000 318.934753418
236.000000000 318.934753418
235.000000000 318.934753418
234.000000000 318.934753418
233.000000000 318.934753418
232.000000000 318.934753418
231.000000000 318.934753418
230.000000000 334.799316406
229.000000000 334.799316406
228.000000000 334.799316406
227.000000000 334.799316406
226.000000000 334.799316406
225.000000000 334.799316406
224.000000000 334.799316406
223.000000000 334.799316406
222.000000000 334.799316406
221.000000000 334.799316406
220.000000000 334.799316406
219.000000000 351.474487305
218.000000000 351.474487305
217.000000000 351.474487305
216.000000000 351.474487305
215.000000000 351.474487305
214.000000000 351.474487305
213.000000000 351.474487305
212.000000000 370.700927734
211.000000000 370.700927734
210.000000000 370.700927734
209.000000000 370.700927734
208.000000000 391.342346191
207.000000000 391.342346191
206.000000000 391.342346191
205.000000000 391.342346191
204.000000000 411.644622803
203.000000000 411.644622803
202.000000000 411.644622803
201.000000000 433.424621582
200.000000000 433.424621582
199.000000000 459.507537842
198.000000000 459.507537842
197.000000000 499.009704590
196.000000000 529.608703613
195.000000000 565.735046387
194.000000000 613.993713379
193.000000000 675.895690918
192.000000000 752.658020020
191.000000000 835.433410645
190.000000000 899.033142090
