250.000000000 310.670623779
249.000000000 310.670623779
248.000000000 310.670623779
247.000000000 310.670623779
246.000000000 310.670623779
245.000000000 310.670623779
244.000000000 310.670623779
243.000000000 310.670623779
242.000000000 310.670623779
241.000000000 310.670623779
240.000000000 310.670623779
239.000000000 310.670623779
238.000000000 310.670623779
237.000000000 310.670623779
236.000000000 310.670623779
235.000000000 310.670623779
234.000000000 310.670623779
233.000000000 325.512756348
232.000000000 325.512756348
231.000000000 325.512756348
230.000000000 325.512756348
229.000000000 325.512756348
228.000000000 325.512756348
227.000000000 325.512756348
226.000000000 325.512756348
225.000000000 325.512756348
224.000000000 325.512756348
223.000000000 325.512756348
222.000000000 325.512756348
221.000000000 341.469879150
220.000000000 341.469879150
219.000000000 341.469879150
218.000000000 341.469879150
217.000000000 341.469879150
216.000000000 341.469879150
215.000000000 341.469879150
214.000000000 341.469879150
213.000000000 341.469879150
212.000000000 362.126983643
211.000000000 362.126983643
210.000000000 362.126983643
209.000000000 362.126983643
208.000000000 362.126983643
207.000000000 384.793640137
206.000000000 384.793640137
205.000000000 384.793640137
204.000000000 384.793640137
203.000000000 406.224731445
202.000000000 406.224731445
201.000000000 406.224731445
200.000000000 432.850952148
199.000000000 432.850952148
198.000000000 462.851562500
197.000000000 462.851562500
196.000000000 504.559448242
195.000000000 536.994628906
194.000000000 577.410156250
193.000000000 629.432373047
192.000000000 697.387084961
191.000000000 776.496093750
190.000000000 861.757141113
