250.000000000 310.670623779
249.000000000 310.670623779
248.000000000 310.670623779
247.000000000 310.670623779
246.000000000 310.670623779
245.000000000 310.670623779
244.000000000 310.670623779
243.000000000 310.670623779
242.000000000 310.670623779
241.000000000 310.670623779
240.000000000 310.670623779
239.000000000 310.670623779
238.000000000 310.670623779
237.000000000 310.670623779
236.000000000 310.670623779
235.000000000 310.670623779
234.000000000 310.670623779
233.000000000 310.670623779
232.000000000 325.736846924
231.000000000 325.736846924
230.000000000 325.736846924
229.000000000 325.736846924
228.000000000 325.736846924
227.000000000 325.736846924
226.000000000 325.736846924
225.000000000 325.736846924
224.000000000 325.736846924
223.000000000 325.736846924
222.000000000 325.736846924
221.000000000 325.736846924
220.000000000 342.017425537
219.000000000 342.017425537
218.000000000 342.017425537
217.000000000 342.017425537
216.000000000 342.017425537
215.000000000 342.017425537
214.000000000 342.017425537
213.000000000 342.017425537
212.000000000 360.025634766
211.000000000 360.025634766
210.000000000 360.025634766
209.000000000 360.025634766
208.000000000 377.657196045
207.000000000 377.657196045
206.000000000 377.657196045
205.000000000 377.657196045
204.000000000 397.032501221
203.000000000 397.032501221
202.000000000 397.032501221
201.000000000 417.087493896
200.000000000 417.087493896
199.000000000 438.242065430
198.000000000 438.242065430
197.000000000 466.876525879
196.000000000 466.876525879
195.000000000 512.390930176
194.000000000 544.868469238
193.000000000 587.019775391
192.000000000 640.450500488
191.000000000 713.879089355
190.000000000 789.841552734
