250.000000000 318.934753418
249.000000000 318.934753418
248.000000000 318.934753418
247.000000000 318.934753418
246.000000000 318.934753418
245.000000000 318.934753418
244.000000000 318.934753418
243.000000000 318.934753418
242.000000000 318.934753418
241.000000000 318.934753418
240.000000000 318.934753418
239.000000000 318.934753418
238.000000000 318.934753418
237.000000000 318.934753418
236.000000000 318.934753418
235.000000000 318.934753418
234.000000000 318.934753418
233.000000000 318.934753418
232.000000000 334.532012939
231.000000000 334.532012939
230.000000000 334.532012939
229.000000000 334.532012939
228.000000000 334.532012939
227.000000000 334.532012939
226.000000000 334.532012939
225.000000000 334.532012939
224.000000000 334.532012939
223.000000000 334.532012939
222.000000000 334.532012939
221.000000000 350.697204590
220.000000000 350.697204590
219.000000000 350.697204590
218.000000000 350.697204590
217.000000000 350.697204590
216.000000000 350.697204590
215.000000000 350.697204590
214.000000000 350.697204590
213.000000000 370.983764648
212.000000000 370.983764648
211.000000000 370.983764648
210.000000000 370.983764648
209.000000000 394.032226562
208.000000000 394.032226562
207.000000000 394.032226562
206.000000000 413.307250977
205.000000000 413.307250977
204.000000000 413.307250977
203.000000000 437.724182129
202.000000000 437.724182129
201.000000000 467.220458984
200.000000000 467.220458984
199.000000000 517.518615723
198.000000000 556.101379395
197.000000000 603.367797852
196.000000000 664.369323730
195.000000000 742.926452637
194.000000000 840.935241699
193.000000000 948.663269043
192.000000000 1037.981323242
191.000000000 1037.981323242
190.000000000 1037.981323242
