250.000000000 310.670623779
249.000000000 310.670623779
248.000000000 310.670623779
247.000000000 310.670623779
246.000000000 310.670623779
245.000000000 310.670623779
244.000000000 310.670623779
243.000000000 310.670623779
242.000000000 310.670623779
241.000000000 310.670623779
240.000000000 310.670623779
239.000000000 310.670623779
238.000000000 310.670623779
237.000000000 310.670623779
236.000000000 310.670623779
235.000000000 310.670623779
234.000000000 325.647644043
233.000000000 325.647644043
232.000000000 325.647644043
231.000000000 325.647644043
230.000000000 325.647644043
229.000000000 325.647644043
228.000000000 325.647644043
227.000000000 325.647644043
226.000000000 325.647644043
225.000000000 325.647644043
224.000000000 325.647644043
223.000000000 325.647644043
222.000000000 325.647644043
221.000000000 342.441589355
220.000000000 342.441589355
219.000000000 342.441589355
218.000000000 342.441589355
217.000000000 342.441589355
216.000000000 342.441589355
215.000000000 342.441589355
214.000000000 342.441589355
213.000000000 359.194000244
212.000000000 359.194000244
211.000000000 359.194000244
210.000000000 359.194000244
209.000000000 377.869476318
208.000000000 377.869476318
207.000000000 377.869476318
206.000000000 377.869476318
205.000000000 397.166137695
204.000000000 397.166137695
203.000000000 397.166137695
202.000000000 418.072479248
201.000000000 418.072479248
200.000000000 439.153900146
199.000000000 439.153900146
198.000000000 467.836212158
197.000000000 467.836212158
196.000000000 513.240966797
195.000000000 548.822387695
194.000000000 589.715393066
193.000000000 643.334472656
192.000000000 717.056823730
191.000000000 815.155334473
190.000000000 943.354248047
