250.000000000 310.670623779
249.000000000 310.670623779
248.000000000 310.670623779
247.000000000 310.670623779
246.000000000 310.670623779
245.000000000 310.670623779
244.000000000 310.670623779
243.000000000 310.670623779
242.000000000 310.670623779
241.000000000 310.670623779
240.000000000 310.670623779
239.000000000 310.670623779
238.000000000 310.670623779
237.000000000 325.446105957
236.000000000 325.446105957
235.000000000 325.446105957
234.000000000 325.446105957
233.000000000 325.446105957
232.000000000 325.446105957
231.000000000 325.446105957
230.000000000 325.446105957
229.000000000 325.446105957
228.000000000 325.446105957
227.000000000 325.446105957
226.000000000 325.446105957
225.000000000 325.446105957
224.000000000 342.361022949
223.000000000 342.361022949
222.000000000 342.361022949
221.000000000 342.361022949
220.000000000 342.361022949
219.000000000 342.361022949
218.000000000 342.361022949
217.000000000 342.361022949
216.000000000 358.863586426
215.000000000 358.863586426
214.000000000 358.863586426
213.000000000 358.863586426
212.000000000 358.863586426
211.000000000 379.184875488
210.000000000 379.184875488
209.000000000 379.184875488
208.000000000 397.575073242
207.000000000 397.575073242
206.000000000 397.575073242
205.000000000 421.539093018
204.000000000 421.539093018
203.000000000 446.414001465
202.000000000 446.414001465
201.000000000 483.265411377
200.000000000 512.781738281
199.000000000 549.490539551
198.000000000 597.111633301
197.000000000 659.221984863
196.000000000 735.525085449
195.000000000 830.277709961
194.000000000 941.457702637
193.000000000 1034.500244141
192.000000000 1034.500244141
191.000000000 1094.331054688
190.000000000 1094.331054688
