250.000000000 318.934753418
249.000000000 318.934753418
248.000000000 318.934753418
247.000000000 318.934753418
246.000000000 318.934753418
245.000000000 318.934753418
244.000000000 318.934753418
243.000000000 318.934753418
242.000000000 318.934753418
241.000000000 318.934753418
240.000000000 318.934753418
239.000000000 318.934753418
238.000000000 318.934753418
237.000000000 318.934753418
236.000000000 318.934753418
235.000000000 318.934753418
234.000000000 318.934753418
233.000000000 318.934753418
232.000000000 334.332305908
231.000000000 334.332305908
230.000000000 334.332305908
229.000000000 334.332305908
228.000000000 334.332305908
227.000000000 334.332305908
226.000000000 334.332305908
225.000000000 334.332305908
224.000000000 334.332305908
223.000000000 334.332305908
222.000000000 334.332305908
221.000000000 334.332305908
220.000000000 352.603088379
219.000000000 352.603088379
218.000000000 352.603088379
217.000000000 352.603088379
216.000000000 352.603088379
215.000000000 352.603088379
214.000000000 352.603088379
213.000000000 370.651184082
212.000000000 370.651184082
211.000000000 370.651184082
210.000000000 370.651184082
209.000000000 394.042938232
208.000000000 394.042938232
207.000000000 394.042938232
206.000000000 394.042938232
205.000000000 420.253326416
204.000000000 420.253326416
203.000000000 420.253326416
202.000000000 450.644226074
201.000000000 450.644226074
200.000000000 488.907989502
199.000000000 519.666870117
198.000000000 555.774353027
197.000000000 605.035156250
196.000000000 666.372253418
195.000000000 745.598876953
194.000000000 841.412780762
193.000000000 950.369567871
192.000000000 1041.091186523
191.000000000 1041.091186523
190.000000000 1041.091186523
