250.000000000 318.934753418
249.000000000 318.934753418
248.000000000 318.934753418
247.000000000 318.934753418
246.000000000 318.934753418
245.000000000 318.934753418
244.000000000 318.934753418
243.000000000 318.934753418
242.000000000 318.934753418
241.000000000 318.934753418
240.000000000 318.934753418
239.000000000 318.934753418
238.000000000 318.934753418
237.000000000 318.934753418
236.000000000 318.934753418
235.000000000 318.934753418
234.000000000 318.934753418
233.000000000 318.934753418
232.000000000 318.934753418
231.000000000 318.934753418
230.000000000 334.869689941
229.000000000 334.869689941
228.000000000 334.869689941
227.000000000 334.869689941
226.000000000 334.869689941
225.000000000 334.869689941
224.000000000 334.869689941
223.000000000 334.869689941
222.000000000 334.869689941
221.000000000 334.869689941
220.000000000 334.869689941
219.000000000 352.254699707
218.000000000 352.254699707
217.000000000 352.254699707
216.000000000 352.254699707
215.000000000 352.254699707
214.000000000 352.254699707
213.000000000 352.254699707
212.000000000 370.671508789
211.000000000 370.671508789
210.000000000 370.671508789
209.000000000 370.671508789
208.000000000 392.904205322
207.000000000 392.904205322
206.000000000 392.904205322
205.000000000 392.904205322
204.000000000 413.352600098
203.000000000 413.352600098
202.000000000 413.352600098
201.000000000 436.449859619
200.000000000 436.449859619
199.000000000 464.854034424
198.000000000 464.854034424
197.000000000 510.093475342
196.000000000 542.051757812
195.000000000 584.192626953
194.000000000 635.567077637
193.000000000 705.588623047
192.000000000 786.666625977
191.000000000 864.691040039
190.000000000 918.926696777
