250.000000000 310.670623779
249.000000000 310.670623779
248.000000000 310.670623779
247.000000000 310.670623779
246.000000000 310.670623779
245.000000000 310.670623779
244.000000000 310.670623779
243.000000000 310.670623779
242.000000000 310.670623779
241.000000000 310.670623779
240.000000000 310.670623779
239.000000000 310.670623779
238.000000000 310.670623779
237.000000000 310.670623779
236.000000000 310.670623779
235.000000000 310.670623779
234.000000000 325.587493896
233.000000000 325.587493896
232.000000000 325.587493896
231.000000000 325.587493896
230.000000000 325.587493896
229.000000000 325.587493896
228.000000000 325.587493896
227.000000000 325.587493896
226.000000000 325.587493896
225.000000000 325.587493896
224.000000000 325.587493896
223.000000000 325.587493896
222.000000000 325.587493896
221.000000000 342.066131592
220.000000000 342.066131592
219.000000000 342.066131592
218.000000000 342.066131592
217.000000000 342.066131592
216.000000000 342.066131592
215.000000000 342.066131592
214.000000000 342.066131592
213.000000000 360.152679443
212.000000000 360.152679443
211.000000000 360.152679443
210.000000000 360.152679443
209.000000000 377.430847168
208.000000000 377.430847168
207.000000000 377.430847168
206.000000000 377.430847168
205.000000000 398.153564453
204.000000000 398.153564453
203.000000000 398.153564453
202.000000000 419.105682373
201.000000000 419.105682373
200.000000000 441.449340820
199.000000000 441.449340820
198.000000000 476.038665771
197.000000000 501.255004883
196.000000000 531.706542969
195.000000000 571.189819336
194.000000000 619.309326172
193.000000000 684.901184082
192.000000000 765.956665039
191.000000000 854.747131348
190.000000000 936.151000977
