250.000000000 318.934753418
249.000000000 318.934753418
248.000000000 318.934753418
247.000000000 318.934753418
246.000000000 318.934753418
245.000000000 318.934753418
244.000000000 318.934753418
243.000000000 318.934753418
242.000000000 318.934753418
241.000000000 318.934753418
240.000000000 318.934753418
239.000000000 318.934753418
238.000000000 318.934753418
237.000000000 318.934753418
236.000000000 318.934753418
235.000000000 318.934753418
234.000000000 318.934753418
233.000000000 318.934753418
232.000000000 318.934753418
231.000000000 318.934753418
230.000000000 334.669433594
229.000000000 334.669433594
228.000000000 334.669433594
227.000000000 334.669433594
226.000000000 334.669433594
225.000000000 334.669433594
224.000000000 334.669433594
223.000000000 334.669433594
222.000000000 334.669433594
221.000000000 334.669433594
220.000000000 334.669433594
219.000000000 334.669433594
218.000000000 352.155334473
217.000000000 352.155334473
216.000000000 352.155334473
215.000000000 352.155334473
214.000000000 352.155334473
213.000000000 352.155334473
212.000000000 352.155334473
211.000000000 372.829223633
210.000000000 372.829223633
209.000000000 372.829223633
208.000000000 372.829223633
207.000000000 392.585540771
206.000000000 392.585540771
205.000000000 392.585540771
204.000000000 392.585540771
203.000000000 392.585540771
202.000000000 415.860412598
201.000000000 415.860412598
200.000000000 415.860412598
199.000000000 440.939483643
198.000000000 440.939483643
197.000000000 466.739227295
196.000000000 466.739227295
195.000000000 509.779937744
194.000000000 539.792419434
193.000000000 578.212463379
192.000000000 628.808410645
191.000000000 684.340515137
190.000000000 740.361083984
