250.000000000 318.934753418
249.000000000 318.934753418
248.000000000 318.934753418
247.000000000 318.934753418
246.000000000 318.934753418
245.000000000 318.934753418
244.000000000 318.934753418
243.000000000 318.934753418
242.000000000 318.934753418
241.000000000 318.934753418
240.000000000 318.934753418
239.000000000 318.934753418
238.000000000 318.934753418
237.000000000 318.934753418
236.000000000 318.934753418
235.000000000 318.934753418
234.000000000 318.934753418
233.000000000 318.934753418
232.000000000 334.418029785
231.000000000 334.418029785
230.000000000 334.418029785
229.000000000 334.418029785
228.000000000 334.418029785
227.000000000 334.418029785
226.000000000 334.418029785
225.000000000 334.418029785
224.000000000 334.418029785
223.000000000 334.418029785
222.000000000 334.418029785
221.000000000 351.678894043
220.000000000 351.678894043
219.000000000 351.678894043
218.000000000 351.678894043
217.000000000 351.678894043
216.000000000 351.678894043
215.000000000 351.678894043
214.000000000 369.094604492
213.000000000 369.094604492
212.000000000 369.094604492
211.000000000 369.094604492
210.000000000 390.120269775
209.000000000 390.120269775
208.000000000 390.120269775
207.000000000 411.833038330
206.000000000 411.833038330
205.000000000 411.833038330
204.000000000 436.099212646
203.000000000 436.099212646
202.000000000 461.088836670
201.000000000 461.088836670
200.000000000 508.481597900
199.000000000 545.550964355
198.000000000 589.110717773
197.000000000 647.065612793
196.000000000 722.081054688
195.000000000 815.033203125
194.000000000 920.497924805
193.000000000 1011.088684082
192.000000000 1011.088684082
191.000000000 1071.841430664
190.000000000 1071.841430664
