250.000000000 318.934753418
249.000000000 318.934753418
248.000000000 318.934753418
247.000000000 318.934753418
246.000000000 318.934753418
245.000000000 318.934753418
244.000000000 318.934753418
243.000000000 318.934753418
242.000000000 318.934753418
241.000000000 318.934753418
240.000000000 318.934753418
239.000000000 318.934753418
238.000000000 318.934753418
237.000000000 318.934753418
236.000000000 318.934753418
235.000000000 318.934753418
234.000000000 318.934753418
233.000000000 318.934753418
232.000000000 334.686676025
231.000000000 334.686676025
230.000000000 334.686676025
229.000000000 334.686676025
228.000000000 334.686676025
227.000000000 334.686676025
226.000000000 334.686676025
225.000000000 334.686676025
224.000000000 334.686676025
223.000000000 334.686676025
222.000000000 334.686676025
221.000000000 351.712860107
220.000000000 351.712860107
219.000000000 351.712860107
218.000000000 351.712860107
217.000000000 351.712860107
216.000000000 351.712860107
215.000000000 351.712860107
214.000000000 351.712860107
213.000000000 372.922454834
212.000000000 372.922454834
211.000000000 372.922454834
210.000000000 372.922454834
209.000000000 394.843719482
208.000000000 394.843719482
207.000000000 394.843719482
206.000000000 415.405822754
205.000000000 415.405822754
204.000000000 415.405822754
203.000000000 442.583892822
202.000000000 442.583892822
201.000000000 474.262725830
200.000000000 497.983489990
199.000000000 530.699890137
198.000000000 571.718322754
197.000000000 624.198913574
196.000000000 693.489807129
195.000000000 778.617797852
194.000000000 882.124206543
193.000000000 989.299255371
192.000000000 1061.156982422
191.000000000 1061.156982422
190.000000000 1061.156982422
