250.000000000 310.670623779
249.000000000 310.670623779
248.000000000 310.670623779
247.000000000 310.670623779
246.000000000 310.670623779
245.000000000 310.670623779
244.000000000 310.670623779
243.000000000 310.670623779
242.000000000 310.670623779
241.000000000 310.670623779
240.000000000 310.670623779
239.000000000 310.670623779
238.000000000 310.670623779
237.000000000 310.670623779
236.000000000 310.670623779
235.000000000 310.670623779
234.000000000 310.670623779
233.000000000 310.670623779
232.000000000 326.585876465
231.000000000 326.585876465
230.000000000 326.585876465
229.000000000 326.585876465
228.000000000 326.585876465
227.000000000 326.585876465
226.000000000 326.585876465
225.000000000 326.585876465
224.000000000 326.585876465
223.000000000 326.585876465
222.000000000 326.585876465
221.000000000 326.585876465
220.000000000 342.204833984
219.000000000 342.204833984
218.000000000 342.204833984
217.000000000 342.204833984
216.000000000 342.204833984
215.000000000 342.204833984
214.000000000 342.204833984
213.000000000 342.204833984
212.000000000 360.325836182
211.000000000 360.325836182
210.000000000 360.325836182
209.000000000 360.325836182
208.000000000 378.096801758
207.000000000 378.096801758
206.000000000 378.096801758
205.000000000 378.096801758
204.000000000 397.518981934
203.000000000 397.518981934
202.000000000 397.518981934
201.000000000 416.735565186
200.000000000 416.735565186
199.000000000 436.775024414
198.000000000 436.775024414
197.000000000 462.492248535
196.000000000 462.492248535
195.000000000 498.641601562
194.000000000 526.903869629
193.000000000 563.015380859
192.000000000 609.714721680
191.000000000 674.551635742
190.000000000 766.662597656
