250.000000000 318.934753418
249.000000000 318.934753418
248.000000000 318.934753418
247.000000000 318.934753418
246.000000000 318.934753418
245.000000000 318.934753418
244.000000000 318.934753418
243.000000000 318.934753418
242.000000000 318.934753418
241.000000000 318.934753418
240.000000000 318.934753418
239.000000000 318.934753418
238.000000000 318.934753418
237.000000000 318.934753418
236.000000000 318.934753418
235.000000000 318.934753418
234.000000000 318.934753418
233.000000000 318.934753418
232.000000000 318.934753418
231.000000000 335.163299561
230.000000000 335.163299561
229.000000000 335.163299561
228.000000000 335.163299561
227.000000000 335.163299561
226.000000000 335.163299561
225.000000000 335.163299561
224.000000000 335.163299561
223.000000000 335.163299561
222.000000000 335.163299561
221.000000000 335.163299561
220.000000000 352.003845215
219.000000000 352.003845215
218.000000000 352.003845215
217.000000000 352.003845215
216.000000000 352.003845215
215.000000000 352.003845215
214.000000000 352.003845215
213.000000000 369.943359375
212.000000000 369.943359375
211.000000000 369.943359375
210.000000000 369.943359375
209.000000000 390.625640869
208.000000000 390.625640869
207.000000000 390.625640869
206.000000000 390.625640869
205.000000000 415.257690430
204.000000000 415.257690430
203.000000000 415.257690430
202.000000000 441.373413086
201.000000000 441.373413086
200.000000000 473.196136475
199.000000000 496.614959717
198.000000000 527.512084961
197.000000000 566.354309082
196.000000000 617.700622559
195.000000000 682.082702637
194.000000000 763.729736328
193.000000000 860.471191406
192.000000000 968.277893066
191.000000000 1037.843139648
190.000000000 1037.843139648
