250.000000000 310.670623779
249.000000000 310.670623779
248.000000000 310.670623779
247.000000000 310.670623779
246.000000000 310.670623779
245.000000000 310.670623779
244.000000000 310.670623779
243.000000000 310.670623779
242.000000000 310.670623779
241.000000000 310.670623779
240.000000000 310.670623779
239.000000000 310.670623779
238.000000000 310.670623779
237.000000000 310.670623779
236.000000000 310.670623779
235.000000000 325.678833008
234.000000000 325.678833008
233.000000000 325.678833008
232.000000000 325.678833008
231.000000000 325.678833008
230.000000000 325.678833008
229.000000000 325.678833008
228.000000000 325.678833008
227.000000000 325.678833008
226.000000000 325.678833008
225.000000000 325.678833008
224.000000000 325.678833008
223.000000000 325.678833008
222.000000000 341.921020508
221.000000000 341.921020508
220.000000000 341.921020508
219.000000000 341.921020508
218.000000000 341.921020508
217.000000000 341.921020508
216.000000000 341.921020508
215.000000000 341.921020508
214.000000000 359.954406738
213.000000000 359.954406738
212.000000000 359.954406738
211.000000000 359.954406738
210.000000000 359.954406738
209.000000000 381.911804199
208.000000000 381.911804199
207.000000000 381.911804199
206.000000000 381.911804199
205.000000000 402.985870361
204.000000000 402.985870361
203.000000000 402.985870361
202.000000000 427.169219971
201.000000000 427.169219971
200.000000000 452.996612549
199.000000000 452.996612549
198.000000000 492.378173828
197.000000000 522.167846680
196.000000000 557.259399414
195.000000000 602.388244629
194.000000000 660.834594727
193.000000000 735.266296387
192.000000000 835.582702637
191.000000000 959.975891113
190.000000000 1075.167480469
