250.000000000 310.670623779
249.000000000 310.670623779
248.000000000 310.670623779
247.000000000 310.670623779
246.000000000 310.670623779
245.000000000 310.670623779
244.000000000 310.670623779
243.000000000 310.670623779
242.000000000 310.670623779
241.000000000 310.670623779
240.000000000 310.670623779
239.000000000 310.670623779
238.000000000 310.670623779
237.000000000 310.670623779
236.000000000 326.185302734
235.000000000 326.185302734
234.000000000 326.185302734
233.000000000 326.185302734
232.000000000 326.185302734
231.000000000 326.185302734
230.000000000 326.185302734
229.000000000 326.185302734
228.000000000 326.185302734
227.000000000 326.185302734
226.000000000 326.185302734
225.000000000 326.185302734
224.000000000 341.729064941
223.000000000 341.729064941
222.000000000 341.729064941
221.000000000 341.729064941
220.000000000 341.729064941
219.000000000 341.729064941
218.000000000 341.729064941
217.000000000 341.729064941
216.000000000 359.880493164
215.000000000 359.880493164
214.000000000 359.880493164
213.000000000 359.880493164
212.000000000 359.880493164
211.000000000 379.866882324
210.000000000 379.866882324
209.000000000 379.866882324
208.000000000 398.260559082
207.000000000 398.260559082
206.000000000 398.260559082
205.000000000 423.326873779
204.000000000 423.326873779
203.000000000 444.650451660
202.000000000 444.650451660
201.000000000 483.669525146
200.000000000 511.057800293
199.000000000 549.042236328
198.000000000 596.380859375
197.000000000 657.623718262
196.000000000 733.651916504
195.000000000 830.462951660
194.000000000 938.813720703
193.000000000 1033.283203125
192.000000000 1033.283203125
191.000000000 1088.116577148
190.000000000 1088.116577148
