250.000000000 318.934753418
249.000000000 318.934753418
248.000000000 318.934753418
247.000000000 318.934753418
246.000000000 318.934753418
245.000000000 318.934753418
244.000000000 318.934753418
243.000000000 318.934753418
242.000000000 318.934753418
241.000000000 318.934753418
240.000000000 318.934753418
239.000000000 318.934753418
238.000000000 318.934753418
237.000000000 318.934753418
236.000000000 318.934753418
235.000000000 318.934753418
234.000000000 318.934753418
233.000000000 318.934753418
232.000000000 318.934753418
231.000000000 335.130798340
230.000000000 335.130798340
229.000000000 335.130798340
228.000000000 335.130798340
227.000000000 335.130798340
226.000000000 335.130798340
225.000000000 335.130798340
224.000000000 335.130798340
223.000000000 335.130798340
222.000000000 335.130798340
221.000000000 335.130798340
220.000000000 335.130798340
219.000000000 352.832733154
218.000000000 352.832733154
217.000000000 352.832733154
216.000000000 352.832733154
215.000000000 352.832733154
214.000000000 352.832733154
213.000000000 352.832733154
212.000000000 372.117675781
211.000000000 372.117675781
210.000000000 372.117675781
209.000000000 372.117675781
208.000000000 392.400146484
207.000000000 392.400146484
206.000000000 392.400146484
205.000000000 392.400146484
204.000000000 392.400146484
203.000000000 417.627807617
202.000000000 417.627807617
201.000000000 417.627807617
200.000000000 441.983245850
199.000000000 441.983245850
198.000000000 471.345886230
197.000000000 471.345886230
196.000000000 518.322570801
195.000000000 550.913269043
194.000000000 596.389770508
193.000000000 650.723205566
192.000000000 725.475952148
191.000000000 809.196716309
190.000000000 888.893676758
