250.000000000 310.670623779
249.000000000 310.670623779
248.000000000 310.670623779
247.000000000 310.670623779
246.000000000 310.670623779
245.000000000 310.670623779
244.000000000 310.670623779
243.000000000 310.670623779
242.000000000 310.670623779
241.000000000 310.670623779
240.000000000 310.670623779
239.000000000 310.670623779
238.000000000 310.670623779
237.000000000 310.670623779
236.000000000 310.670623779
235.000000000 310.670623779
234.000000000 325.773468018
233.000000000 325.773468018
232.000000000 325.773468018
231.000000000 325.773468018
230.000000000 325.773468018
229.000000000 325.773468018
228.000000000 325.773468018
227.000000000 325.773468018
226.000000000 325.773468018
225.000000000 325.773468018
224.000000000 325.773468018
223.000000000 325.773468018
222.000000000 342.486572266
221.000000000 342.486572266
220.000000000 342.486572266
219.000000000 342.486572266
218.000000000 342.486572266
217.000000000 342.486572266
216.000000000 342.486572266
215.000000000 342.486572266
214.000000000 342.486572266
213.000000000 362.093109131
212.000000000 362.093109131
211.000000000 362.093109131
210.000000000 362.093109131
209.000000000 380.796386719
208.000000000 380.796386719
207.000000000 380.796386719
206.000000000 380.796386719
205.000000000 402.380493164
204.000000000 402.380493164
203.000000000 402.380493164
202.000000000 423.484313965
201.000000000 423.484313965
200.000000000 448.677886963
199.000000000 448.677886963
198.000000000 484.330017090
197.000000000 511.434387207
196.000000000 541.557678223
195.000000000 584.279602051
194.000000000 636.311157227
193.000000000 702.259155273
192.000000000 795.045471191
191.000000000 914.075500488
190.000000000 1038.576782227
