250.000000000 310.670623779
249.000000000 310.670623779
248.000000000 310.670623779
247.000000000 310.670623779
246.000000000 310.670623779
245.000000000 310.670623779
244.000000000 310.670623779
243.000000000 310.670623779
242.000000000 310.670623779
241.000000000 310.670623779
240.000000000 310.670623779
239.000000000 310.670623779
238.000000000 310.670623779
237.000000000 310.670623779
236.000000000 310.670623779
235.000000000 310.670623779
234.000000000 326.480926514
233.000000000 326.480926514
232.000000000 326.480926514
231.000000000 326.480926514
230.000000000 326.480926514
229.000000000 326.480926514
228.000000000 326.480926514
227.000000000 326.480926514
226.000000000 326.480926514
225.000000000 326.480926514
224.000000000 326.480926514
223.000000000 326.480926514
222.000000000 326.480926514
221.000000000 343.099304199
220.000000000 343.099304199
219.000000000 343.099304199
218.000000000 343.099304199
217.000000000 343.099304199
216.000000000 343.099304199
215.000000000 343.099304199
214.000000000 343.099304199
213.000000000 360.884643555
212.000000000 360.884643555
211.000000000 360.884643555
210.000000000 360.884643555
209.000000000 379.785217285
208.000000000 379.785217285
207.000000000 379.785217285
206.000000000 379.785217285
205.000000000 401.942016602
204.000000000 401.942016602
203.000000000 401.942016602
202.000000000 425.837554932
201.000000000 425.837554932
200.000000000 451.663421631
199.000000000 472.809906006
198.000000000 495.191528320
197.000000000 524.062133789
196.000000000 564.809082031
195.000000000 614.044189453
194.000000000 674.998474121
193.000000000 754.123535156
192.000000000 852.926818848
191.000000000 958.296264648
190.000000000 1021.633911133
