250.000000000 318.934753418
249.000000000 318.934753418
248.000000000 318.934753418
247.000000000 318.934753418
246.000000000 318.934753418
245.000000000 318.934753418
244.000000000 318.934753418
243.000000000 318.934753418
242.000000000 318.934753418
241.000000000 318.934753418
240.000000000 318.934753418
239.000000000 318.934753418
238.000000000 318.934753418
237.000000000 318.934753418
236.000000000 318.934753418
235.000000000 318.934753418
234.000000000 318.934753418
233.000000000 318.934753418
232.000000000 318.934753418
231.000000000 318.934753418
230.000000000 334.544982910
229.000000000 334.544982910
228.000000000 334.544982910
227.000000000 334.544982910
226.000000000 334.544982910
225.000000000 334.544982910
224.000000000 334.544982910
223.000000000 334.544982910
222.000000000 334.544982910
221.000000000 334.544982910
220.000000000 334.544982910
219.000000000 351.813385010
218.000000000 351.813385010
217.000000000 351.813385010
216.000000000 351.813385010
215.000000000 351.813385010
214.000000000 351.813385010
213.000000000 351.813385010
212.000000000 370.575073242
211.000000000 370.575073242
210.000000000 370.575073242
209.000000000 370.575073242
208.000000000 389.900543213
207.000000000 389.900543213
206.000000000 389.900543213
205.000000000 389.900543213
204.000000000 409.222747803
203.000000000 409.222747803
202.000000000 409.222747803
201.000000000 430.843292236
200.000000000 430.843292236
199.000000000 454.564971924
198.000000000 454.564971924
197.000000000 489.421752930
196.000000000 515.502380371
195.000000000 548.959777832
194.000000000 591.856140137
193.000000000 646.963928223
192.000000000 720.537109375
191.000000000 798.836853027
190.000000000 871.141845703
