250.000000000 318.934753418
249.000000000 318.934753418
248.000000000 318.934753418
247.000000000 318.934753418
246.000000000 318.934753418
245.000000000 318.934753418
244.000000000 318.934753418
243.000000000 318.934753418
242.000000000 318.934753418
241.000000000 318.934753418
240.000000000 318.934753418
239.000000000 318.934753418
238.000000000 318.934753418
237.000000000 318.934753418
236.000000000 318.934753418
235.000000000 318.934753418
234.000000000 318.934753418
233.000000000 318.934753418
232.000000000 318.934753418
231.000000000 318.934753418
230.000000000 334.344055176
229.000000000 334.344055176
228.000000000 334.344055176
227.000000000 334.344055176
226.000000000 334.344055176
225.000000000 334.344055176
224.000000000 334.344055176
223.000000000 334.344055176
222.000000000 334.344055176
221.000000000 334.344055176
220.000000000 334.344055176
219.000000000 350.800170898
218.000000000 350.800170898
217.000000000 350.800170898
216.000000000 350.800170898
215.000000000 350.800170898
214.000000000 350.800170898
213.000000000 350.800170898
212.000000000 368.052673340
211.000000000 368.052673340
210.000000000 368.052673340
209.000000000 368.052673340
208.000000000 387.771362305
207.000000000 387.771362305
206.000000000 387.771362305
205.000000000 387.771362305
204.000000000 387.771362305
203.000000000 409.700073242
202.000000000 409.700073242
201.000000000 409.700073242
200.000000000 431.180175781
199.000000000 431.180175781
198.000000000 452.430358887
197.000000000 452.430358887
196.000000000 485.690643311
195.000000000 509.761749268
194.000000000 540.038696289
193.000000000 578.469604492
192.000000000 628.553527832
191.000000000 684.790893555
190.000000000 736.764831543
