250.000000000 310.670623779
249.000000000 310.670623779
248.000000000 310.670623779
247.000000000 310.670623779
246.000000000 310.670623779
245.000000000 310.670623779
244.000000000 310.670623779
243.000000000 310.670623779
242.000000000 310.670623779
241.000000000 310.670623779
240.000000000 310.670623779
239.000000000 310.670623779
238.000000000 310.670623779
237.000000000 310.670623779
236.000000000 310.670623779
235.000000000 310.670623779
234.000000000 326.783172607
233.000000000 326.783172607
232.000000000 326.783172607
231.000000000 326.783172607
230.000000000 326.783172607
229.000000000 326.783172607
228.000000000 326.783172607
227.000000000 326.783172607
226.000000000 326.783172607
225.000000000 326.783172607
224.000000000 326.783172607
223.000000000 326.783172607
222.000000000 342.962524414
221.000000000 342.962524414
220.000000000 342.962524414
219.000000000 342.962524414
218.000000000 342.962524414
217.000000000 342.962524414
216.000000000 342.962524414
215.000000000 342.962524414
214.000000000 342.962524414
213.000000000 362.504089355
212.000000000 362.504089355
211.000000000 362.504089355
210.000000000 362.504089355
209.000000000 379.489288330
208.000000000 379.489288330
207.000000000 379.489288330
206.000000000 379.489288330
205.000000000 401.210845947
204.000000000 401.210845947
203.000000000 401.210845947
202.000000000 424.271423340
201.000000000 424.271423340
200.000000000 447.320129395
199.000000000 447.320129395
198.000000000 484.262023926
197.000000000 510.827758789
196.000000000 542.661499023
195.000000000 583.164001465
194.000000000 634.654541016
193.000000000 704.207641602
192.000000000 795.315185547
191.000000000 911.230468750
190.000000000 1035.529418945
