250.000000000 310.670623779
249.000000000 310.670623779
248.000000000 310.670623779
247.000000000 310.670623779
246.000000000 310.670623779
245.000000000 310.670623779
244.000000000 310.670623779
243.000000000 310.670623779
242.000000000 310.670623779
241.000000000 310.670623779
240.000000000 310.670623779
239.000000000 310.670623779
238.000000000 310.670623779
237.000000000 325.313323975
236.000000000 325.313323975
235.000000000 325.313323975
234.000000000 325.313323975
233.000000000 325.313323975
232.000000000 325.313323975
231.000000000 325.313323975
230.000000000 325.313323975
229.000000000 325.313323975
228.000000000 325.313323975
227.000000000 325.313323975
226.000000000 325.313323975
225.000000000 325.313323975
224.000000000 341.364685059
223.000000000 341.364685059
222.000000000 341.364685059
221.000000000 341.364685059
220.000000000 341.364685059
219.000000000 341.364685059
218.000000000 341.364685059
217.000000000 341.364685059
216.000000000 357.841278076
215.000000000 357.841278076
214.000000000 357.841278076
213.000000000 357.841278076
212.000000000 357.841278076
211.000000000 376.951171875
210.000000000 376.951171875
209.000000000 376.951171875
208.000000000 396.857513428
207.000000000 396.857513428
206.000000000 396.857513428
205.000000000 417.749389648
204.000000000 417.749389648
203.000000000 440.042663574
202.000000000 440.042663574
201.000000000 475.533264160
200.000000000 500.336700439
199.000000000 536.542724609
198.000000000 577.216735840
197.000000000 632.343078613
196.000000000 703.834167480
195.000000000 791.316040039
194.000000000 897.567565918
193.000000000 1004.410827637
192.000000000 1071.369750977
191.000000000 1071.369750977
190.000000000 1071.369750977
