250.000000000 318.934753418
249.000000000 318.934753418
248.000000000 318.934753418
247.000000000 318.934753418
246.000000000 318.934753418
245.000000000 318.934753418
244.000000000 318.934753418
243.000000000 318.934753418
242.000000000 318.934753418
241.000000000 318.934753418
240.000000000 318.934753418
239.000000000 318.934753418
238.000000000 318.934753418
237.000000000 318.934753418
236.000000000 318.934753418
235.000000000 318.934753418
234.000000000 318.934753418
233.000000000 318.934753418
232.000000000 334.474243164
231.000000000 334.474243164
230.000000000 334.474243164
229.000000000 334.474243164
228.000000000 334.474243164
227.000000000 334.474243164
226.000000000 334.474243164
225.000000000 334.474243164
224.000000000 334.474243164
223.000000000 334.474243164
222.000000000 334.474243164
221.000000000 351.739166260
220.000000000 351.739166260
219.000000000 351.739166260
218.000000000 351.739166260
217.000000000 351.739166260
216.000000000 351.739166260
215.000000000 351.739166260
214.000000000 369.455993652
213.000000000 369.455993652
212.000000000 369.455993652
211.000000000 369.455993652
210.000000000 390.195526123
209.000000000 390.195526123
208.000000000 390.195526123
207.000000000 414.530059814
206.000000000 414.530059814
205.000000000 414.530059814
204.000000000 438.444152832
203.000000000 438.444152832
202.000000000 467.064453125
201.000000000 490.447296143
200.000000000 518.074584961
199.000000000 558.329284668
198.000000000 608.637756348
197.000000000 672.537353516
196.000000000 752.786987305
195.000000000 853.938415527
194.000000000 962.042724609
193.000000000 1044.630249023
192.000000000 1044.630249023
191.000000000 1044.630249023
190.000000000 1044.630249023
