250.000000000 318.934753418
249.000000000 318.934753418
248.000000000 318.934753418
247.000000000 318.934753418
246.000000000 318.934753418
245.000000000 318.934753418
244.000000000 318.934753418
243.000000000 318.934753418
242.000000000 318.934753418
241.000000000 318.934753418
240.000000000 318.934753418
239.000000000 318.934753418
238.000000000 318.934753418
237.000000000 318.934753418
236.000000000 318.934753418
235.000000000 318.934753418
234.000000000 318.934753418
233.000000000 318.934753418
232.000000000 335.075439453
231.000000000 335.075439453
230.000000000 335.075439453
229.000000000 335.075439453
228.000000000 335.075439453
227.000000000 335.075439453
226.000000000 335.075439453
225.000000000 335.075439453
224.000000000 335.075439453
223.000000000 335.075439453
222.000000000 335.075439453
221.000000000 335.075439453
220.000000000 352.832550049
219.000000000 352.832550049
218.000000000 352.832550049
217.000000000 352.832550049
216.000000000 352.832550049
215.000000000 352.832550049
214.000000000 352.832550049
213.000000000 370.902832031
212.000000000 370.902832031
211.000000000 370.902832031
210.000000000 370.902832031
209.000000000 393.172302246
208.000000000 393.172302246
207.000000000 393.172302246
206.000000000 412.314056396
205.000000000 412.314056396
204.000000000 412.314056396
203.000000000 412.314056396
202.000000000 442.915344238
201.000000000 442.915344238
200.000000000 476.276275635
199.000000000 500.609436035
198.000000000 530.713867188
197.000000000 570.542297363
196.000000000 619.672119141
195.000000000 685.294982910
194.000000000 765.057250977
193.000000000 857.225402832
192.000000000 943.091247559
191.000000000 989.168029785
190.000000000 989.168029785
