250.000000000 310.670623779
249.000000000 310.670623779
248.000000000 310.670623779
247.000000000 310.670623779
246.000000000 310.670623779
245.000000000 310.670623779
244.000000000 310.670623779
243.000000000 310.670623779
242.000000000 310.670623779
241.000000000 310.670623779
240.000000000 310.670623779
239.000000000 310.670623779
238.000000000 310.670623779
237.000000000 310.670623779
236.000000000 310.670623779
235.000000000 325.409210205
234.000000000 325.409210205
233.000000000 325.409210205
232.000000000 325.409210205
231.000000000 325.409210205
230.000000000 325.409210205
229.000000000 325.409210205
228.000000000 325.409210205
227.000000000 325.409210205
226.000000000 325.409210205
225.000000000 325.409210205
224.000000000 325.409210205
223.000000000 325.409210205
222.000000000 342.132507324
221.000000000 342.132507324
220.000000000 342.132507324
219.000000000 342.132507324
218.000000000 342.132507324
217.000000000 342.132507324
216.000000000 342.132507324
215.000000000 342.132507324
214.000000000 358.609222412
213.000000000 358.609222412
212.000000000 358.609222412
211.000000000 358.609222412
210.000000000 376.201080322
209.000000000 376.201080322
208.000000000 376.201080322
207.000000000 393.846740723
206.000000000 393.846740723
205.000000000 393.846740723
204.000000000 412.561401367
203.000000000 412.561401367
202.000000000 412.561401367
201.000000000 438.560424805
200.000000000 438.560424805
199.000000000 472.880065918
198.000000000 495.694305420
197.000000000 522.044494629
196.000000000 557.143188477
195.000000000 604.730102539
194.000000000 659.952636719
193.000000000 736.435546875
192.000000000 835.565612793
191.000000000 956.952392578
190.000000000 1066.363037109
