250.000000000 318.934753418
249.000000000 318.934753418
248.000000000 318.934753418
247.000000000 318.934753418
246.000000000 318.934753418
245.000000000 318.934753418
244.000000000 318.934753418
243.000000000 318.934753418
242.000000000 318.934753418
241.000000000 318.934753418
240.000000000 318.934753418
239.000000000 318.934753418
238.000000000 318.934753418
237.000000000 318.934753418
236.000000000 318.934753418
235.000000000 318.934753418
234.000000000 318.934753418
233.000000000 318.934753418
232.000000000 318.934753418
231.000000000 334.471099854
230.000000000 334.471099854
229.000000000 334.471099854
228.000000000 334.471099854
227.000000000 334.471099854
226.000000000 334.471099854
225.000000000 334.471099854
224.000000000 334.471099854
223.000000000 334.471099854
222.000000000 334.471099854
221.000000000 334.471099854
220.000000000 334.471099854
219.000000000 352.914642334
218.000000000 352.914642334
217.000000000 352.914642334
216.000000000 352.914642334
215.000000000 352.914642334
214.000000000 352.914642334
213.000000000 352.914642334
212.000000000 371.906402588
211.000000000 371.906402588
210.000000000 371.906402588
209.000000000 371.906402588
208.000000000 394.634643555
207.000000000 394.634643555
206.000000000 394.634643555
205.000000000 394.634643555
204.000000000 415.158721924
203.000000000 415.158721924
202.000000000 415.158721924
201.000000000 440.735748291
200.000000000 440.735748291
199.000000000 472.308532715
198.000000000 472.308532715
197.000000000 522.233581543
196.000000000 559.927856445
195.000000000 605.575500488
194.000000000 665.178710938
193.000000000 739.301635742
192.000000000 827.890136719
191.000000000 907.125671387
190.000000000 907.125671387
