250.000000000 318.934753418
249.000000000 318.934753418
248.000000000 318.934753418
247.000000000 318.934753418
246.000000000 318.934753418
245.000000000 318.934753418
244.000000000 318.934753418
243.000000000 318.934753418
242.000000000 318.934753418
241.000000000 318.934753418
240.000000000 318.934753418
239.000000000 318.934753418
238.000000000 318.934753418
237.000000000 318.934753418
236.000000000 318.934753418
235.000000000 318.934753418
234.000000000 318.934753418
233.000000000 318.934753418
232.000000000 318.934753418
231.000000000 318.934753418
230.000000000 334.836395264
229.000000000 334.836395264
228.000000000 334.836395264
227.000000000 334.836395264
226.000000000 334.836395264
225.000000000 334.836395264
224.000000000 334.836395264
223.000000000 334.836395264
222.000000000 334.836395264
221.000000000 334.836395264
220.000000000 334.836395264
219.000000000 334.836395264
218.000000000 352.386138916
217.000000000 352.386138916
216.000000000 352.386138916
215.000000000 352.386138916
214.000000000 352.386138916
213.000000000 352.386138916
212.000000000 352.386138916
211.000000000 372.238189697
210.000000000 372.238189697
209.000000000 372.238189697
208.000000000 372.238189697
207.000000000 391.896850586
206.000000000 391.896850586
205.000000000 391.896850586
204.000000000 391.896850586
203.000000000 391.896850586
202.000000000 413.989379883
201.000000000 413.989379883
200.000000000 413.989379883
199.000000000 437.707031250
198.000000000 437.707031250
197.000000000 461.304626465
196.000000000 461.304626465
195.000000000 498.493072510
194.000000000 526.438171387
193.000000000 561.159057617
192.000000000 606.122558594
191.000000000 657.246276855
190.000000000 708.656127930
