250.000000000 310.670623779
249.000000000 310.670623779
248.000000000 310.670623779
247.000000000 310.670623779
246.000000000 310.670623779
245.000000000 310.670623779
244.000000000 310.670623779
243.000000000 310.670623779
242.000000000 310.670623779
241.000000000 310.670623779
240.000000000 310.670623779
239.000000000 310.670623779
238.000000000 310.670623779
237.000000000 310.670623779
236.000000000 310.670623779
235.000000000 310.670623779
234.000000000 310.670623779
233.000000000 325.881774902
232.000000000 325.881774902
231.000000000 325.881774902
230.000000000 325.881774902
229.000000000 325.881774902
228.000000000 325.881774902
227.000000000 325.881774902
226.000000000 325.881774902
225.000000000 325.881774902
224.000000000 325.881774902
223.000000000 325.881774902
222.000000000 325.881774902
221.000000000 342.316680908
220.000000000 342.316680908
219.000000000 342.316680908
218.000000000 342.316680908
217.000000000 342.316680908
216.000000000 342.316680908
215.000000000 342.316680908
214.000000000 342.316680908
213.000000000 360.202728271
212.000000000 360.202728271
211.000000000 360.202728271
210.000000000 360.202728271
209.000000000 377.131103516
208.000000000 377.131103516
207.000000000 377.131103516
206.000000000 377.131103516
205.000000000 396.277954102
204.000000000 396.277954102
203.000000000 396.277954102
202.000000000 417.361602783
201.000000000 417.361602783
200.000000000 437.530670166
199.000000000 437.530670166
198.000000000 467.640960693
197.000000000 467.640960693
196.000000000 513.744384766
195.000000000 545.514282227
194.000000000 589.051818848
193.000000000 641.070007324
192.000000000 716.145080566
191.000000000 812.615356445
190.000000000 942.163513184
