250.000000000 310.670623779
249.000000000 310.670623779
248.000000000 310.670623779
247.000000000 310.670623779
246.000000000 310.670623779
245.000000000 310.670623779
244.000000000 310.670623779
243.000000000 310.670623779
242.000000000 310.670623779
241.000000000 310.670623779
240.000000000 310.670623779
239.000000000 310.670623779
238.000000000 310.670623779
237.000000000 310.670623779
236.000000000 325.999572754
235.000000000 325.999572754
234.000000000 325.999572754
233.000000000 325.999572754
232.000000000 325.999572754
231.000000000 325.999572754
230.000000000 325.999572754
229.000000000 325.999572754
228.000000000 325.999572754
227.000000000 325.999572754
226.000000000 325.999572754
225.000000000 325.999572754
224.000000000 325.999572754
223.000000000 343.990844727
222.000000000 343.990844727
221.000000000 343.990844727
220.000000000 343.990844727
219.000000000 343.990844727
218.000000000 343.990844727
217.000000000 343.990844727
216.000000000 343.990844727
215.000000000 361.499389648
214.000000000 361.499389648
213.000000000 361.499389648
212.000000000 361.499389648
211.000000000 361.499389648
210.000000000 382.317901611
209.000000000 382.317901611
208.000000000 382.317901611
207.000000000 401.822113037
206.000000000 401.822113037
205.000000000 401.822113037
204.000000000 427.604736328
203.000000000 427.604736328
202.000000000 455.577178955
201.000000000 455.577178955
200.000000000 499.533447266
199.000000000 534.342712402
198.000000000 577.351074219
197.000000000 631.760925293
196.000000000 702.515075684
195.000000000 791.902099609
194.000000000 897.936035156
193.000000000 1001.528808594
192.000000000 1072.854248047
191.000000000 1072.854248047
190.000000000 1072.854248047
