250.000000000 310.670623779
249.000000000 310.670623779
248.000000000 310.670623779
247.000000000 310.670623779
246.000000000 310.670623779
245.000000000 310.670623779
244.000000000 310.670623779
243.000000000 310.670623779
242.000000000 310.670623779
241.000000000 310.670623779
240.000000000 310.670623779
239.000000000 310.670623779
238.000000000 310.670623779
237.000000000 310.670623779
236.000000000 310.670623779
235.000000000 310.670623779
234.000000000 326.045745850
233.000000000 326.045745850
232.000000000 326.045745850
231.000000000 326.045745850
230.000000000 326.045745850
229.000000000 326.045745850
228.000000000 326.045745850
227.000000000 326.045745850
226.000000000 326.045745850
225.000000000 326.045745850
224.000000000 326.045745850
223.000000000 326.045745850
222.000000000 341.571105957
221.000000000 341.571105957
220.000000000 341.571105957
219.000000000 341.571105957
218.000000000 341.571105957
217.000000000 341.571105957
216.000000000 341.571105957
215.000000000 357.740203857
214.000000000 357.740203857
213.000000000 357.740203857
212.000000000 357.740203857
211.000000000 357.740203857
210.000000000 375.778137207
209.000000000 375.778137207
208.000000000 375.778137207
207.000000000 375.778137207
206.000000000 398.838623047
205.000000000 398.838623047
204.000000000 398.838623047
203.000000000 418.000793457
202.000000000 418.000793457
201.000000000 440.366088867
200.000000000 440.366088867
199.000000000 472.048736572
198.000000000 494.528137207
197.000000000 520.466430664
196.000000000 558.494018555
195.000000000 602.540283203
194.000000000 658.633117676
193.000000000 733.648010254
192.000000000 838.542480469
191.000000000 960.660705566
190.000000000 1071.771606445
