250.000000000 310.670623779
249.000000000 310.670623779
248.000000000 310.670623779
247.000000000 310.670623779
246.000000000 310.670623779
245.000000000 310.670623779
244.000000000 310.670623779
243.000000000 310.670623779
242.000000000 310.670623779
241.000000000 310.670623779
240.000000000 310.670623779
239.000000000 310.670623779
238.000000000 310.670623779
237.000000000 310.670623779
236.000000000 310.670623779
235.000000000 326.708465576
234.000000000 326.708465576
233.000000000 326.708465576
232.000000000 326.708465576
231.000000000 326.708465576
230.000000000 326.708465576
229.000000000 326.708465576
228.000000000 326.708465576
227.000000000 326.708465576
226.000000000 326.708465576
225.000000000 326.708465576
224.000000000 326.708465576
223.000000000 326.708465576
222.000000000 343.894348145
221.000000000 343.894348145
220.000000000 343.894348145
219.000000000 343.894348145
218.000000000 343.894348145
217.000000000 343.894348145
216.000000000 343.894348145
215.000000000 343.894348145
214.000000000 362.062896729
213.000000000 362.062896729
212.000000000 362.062896729
211.000000000 362.062896729
210.000000000 379.049041748
209.000000000 379.049041748
208.000000000 379.049041748
207.000000000 379.049041748
206.000000000 402.954650879
205.000000000 402.954650879
204.000000000 402.954650879
203.000000000 426.666412354
202.000000000 426.666412354
201.000000000 453.460479736
200.000000000 453.460479736
199.000000000 496.227935791
198.000000000 523.910705566
197.000000000 563.480468750
196.000000000 609.656738281
195.000000000 671.818054199
194.000000000 750.034851074
193.000000000 848.242675781
192.000000000 965.958435059
191.000000000 1061.054809570
190.000000000 1061.054809570
