250.000000000 310.670623779
249.000000000 310.670623779
248.000000000 310.670623779
247.000000000 310.670623779
246.000000000 310.670623779
245.000000000 310.670623779
244.000000000 310.670623779
243.000000000 310.670623779
242.000000000 310.670623779
241.000000000 310.670623779
240.000000000 310.670623779
239.000000000 310.670623779
238.000000000 310.670623779
237.000000000 310.670623779
236.000000000 310.670623779
235.000000000 310.670623779
234.000000000 310.670623779
233.000000000 325.975128174
232.000000000 325.975128174
231.000000000 325.975128174
230.000000000 325.975128174
229.000000000 325.975128174
228.000000000 325.975128174
227.000000000 325.975128174
226.000000000 325.975128174
225.000000000 325.975128174
224.000000000 325.975128174
223.000000000 325.975128174
222.000000000 325.975128174
221.000000000 341.381164551
220.000000000 341.381164551
219.000000000 341.381164551
218.000000000 341.381164551
217.000000000 341.381164551
216.000000000 341.381164551
215.000000000 341.381164551
214.000000000 341.381164551
213.000000000 358.429992676
212.000000000 358.429992676
211.000000000 358.429992676
210.000000000 358.429992676
209.000000000 375.971038818
208.000000000 375.971038818
207.000000000 375.971038818
206.000000000 375.971038818
205.000000000 395.762878418
204.000000000 395.762878418
203.000000000 395.762878418
202.000000000 415.026519775
201.000000000 415.026519775
200.000000000 435.213531494
199.000000000 435.213531494
198.000000000 463.469451904
197.000000000 463.469451904
196.000000000 504.121398926
195.000000000 533.456787109
194.000000000 572.593444824
193.000000000 621.977600098
192.000000000 685.841491699
191.000000000 777.751770020
190.000000000 897.717834473
