250.000000000 318.934753418
249.000000000 318.934753418
248.000000000 318.934753418
247.000000000 318.934753418
246.000000000 318.934753418
245.000000000 318.934753418
244.000000000 318.934753418
243.000000000 318.934753418
242.000000000 318.934753418
241.000000000 318.934753418
240.000000000 318.934753418
239.000000000 318.934753418
238.000000000 318.934753418
237.000000000 318.934753418
236.000000000 318.934753418
235.000000000 318.934753418
234.000000000 318.934753418
233.000000000 318.934753418
232.000000000 318.934753418
231.000000000 318.934753418
230.000000000 334.365142822
229.000000000 334.365142822
228.000000000 334.365142822
227.000000000 334.365142822
226.000000000 334.365142822
225.000000000 334.365142822
224.000000000 334.365142822
223.000000000 334.365142822
222.000000000 334.365142822
221.000000000 334.365142822
220.000000000 334.365142822
219.000000000 350.657745361
218.000000000 350.657745361
217.000000000 350.657745361
216.000000000 350.657745361
215.000000000 350.657745361
214.000000000 350.657745361
213.000000000 350.657745361
212.000000000 369.219909668
211.000000000 369.219909668
210.000000000 369.219909668
209.000000000 369.219909668
208.000000000 388.227233887
207.000000000 388.227233887
206.000000000 388.227233887
205.000000000 388.227233887
204.000000000 388.227233887
203.000000000 410.151336670
202.000000000 410.151336670
201.000000000 410.151336670
200.000000000 431.353454590
199.000000000 431.353454590
198.000000000 453.205169678
197.000000000 453.205169678
196.000000000 485.668975830
195.000000000 509.484588623
194.000000000 539.985839844
193.000000000 578.297058105
192.000000000 628.538940430
191.000000000 686.915710449
190.000000000 738.899902344
