250.000000000 318.934753418
249.000000000 318.934753418
248.000000000 318.934753418
247.000000000 318.934753418
246.000000000 318.934753418
245.000000000 318.934753418
244.000000000 318.934753418
243.000000000 318.934753418
242.000000000 318.934753418
241.000000000 318.934753418
240.000000000 318.934753418
239.000000000 318.934753418
238.000000000 318.934753418
237.000000000 318.934753418
236.000000000 318.934753418
235.000000000 318.934753418
234.000000000 318.934753418
233.000000000 318.934753418
232.000000000 334.859161377
231.000000000 334.859161377
230.000000000 334.859161377
229.000000000 334.859161377
228.000000000 334.859161377
227.000000000 334.859161377
226.000000000 334.859161377
225.000000000 334.859161377
224.000000000 334.859161377
223.000000000 334.859161377
222.000000000 334.859161377
221.000000000 334.859161377
220.000000000 352.311645508
219.000000000 352.311645508
218.000000000 352.311645508
217.000000000 352.311645508
216.000000000 352.311645508
215.000000000 352.311645508
214.000000000 352.311645508
213.000000000 371.388031006
212.000000000 371.388031006
211.000000000 371.388031006
210.000000000 371.388031006
209.000000000 392.330230713
208.000000000 392.330230713
207.000000000 392.330230713
206.000000000 392.330230713
205.000000000 416.247039795
204.000000000 416.247039795
203.000000000 416.247039795
202.000000000 439.997436523
201.000000000 439.997436523
200.000000000 470.322448730
199.000000000 470.322448730
198.000000000 519.997802734
197.000000000 555.160156250
196.000000000 598.478576660
195.000000000 658.482482910
194.000000000 729.528259277
193.000000000 815.123535156
192.000000000 898.144042969
191.000000000 952.786132812
190.000000000 952.786132812
