250.000000000 310.670623779
249.000000000 310.670623779
248.000000000 310.670623779
247.000000000 310.670623779
246.000000000 310.670623779
245.000000000 310.670623779
244.000000000 310.670623779
243.000000000 310.670623779
242.000000000 310.670623779
241.000000000 310.670623779
240.000000000 310.670623779
239.000000000 310.670623779
238.000000000 310.670623779
237.000000000 310.670623779
236.000000000 310.670623779
235.000000000 310.670623779
234.000000000 310.670623779
233.000000000 325.309204102
232.000000000 325.309204102
231.000000000 325.309204102
230.000000000 325.309204102
229.000000000 325.309204102
228.000000000 325.309204102
227.000000000 325.309204102
226.000000000 325.309204102
225.000000000 325.309204102
224.000000000 325.309204102
223.000000000 325.309204102
222.000000000 325.309204102
221.000000000 325.309204102
220.000000000 341.154144287
219.000000000 341.154144287
218.000000000 341.154144287
217.000000000 341.154144287
216.000000000 341.154144287
215.000000000 341.154144287
214.000000000 341.154144287
213.000000000 341.154144287
212.000000000 359.327789307
211.000000000 359.327789307
210.000000000 359.327789307
209.000000000 359.327789307
208.000000000 376.313995361
207.000000000 376.313995361
206.000000000 376.313995361
205.000000000 376.313995361
204.000000000 393.918121338
203.000000000 393.918121338
202.000000000 393.918121338
201.000000000 412.844573975
200.000000000 412.844573975
199.000000000 412.844573975
198.000000000 441.008117676
197.000000000 441.008117676
196.000000000 469.602844238
195.000000000 469.602844238
194.000000000 515.148620605
193.000000000 550.843017578
192.000000000 596.366882324
191.000000000 654.059143066
190.000000000 728.169738770
