250.000000000 310.670623779
249.000000000 310.670623779
248.000000000 310.670623779
247.000000000 310.670623779
246.000000000 310.670623779
245.000000000 310.670623779
244.000000000 310.670623779
243.000000000 310.670623779
242.000000000 310.670623779
241.000000000 310.670623779
240.000000000 310.670623779
239.000000000 310.670623779
238.000000000 310.670623779
237.000000000 310.670623779
236.000000000 310.670623779
235.000000000 325.649200439
234.000000000 325.649200439
233.000000000 325.649200439
232.000000000 325.649200439
231.000000000 325.649200439
230.000000000 325.649200439
229.000000000 325.649200439
228.000000000 325.649200439
227.000000000 325.649200439
226.000000000 325.649200439
225.000000000 325.649200439
224.000000000 325.649200439
223.000000000 325.649200439
222.000000000 342.643402100
221.000000000 342.643402100
220.000000000 342.643402100
219.000000000 342.643402100
218.000000000 342.643402100
217.000000000 342.643402100
216.000000000 342.643402100
215.000000000 342.643402100
214.000000000 359.857513428
213.000000000 359.857513428
212.000000000 359.857513428
211.000000000 359.857513428
210.000000000 378.017486572
209.000000000 378.017486572
208.000000000 378.017486572
207.000000000 378.017486572
206.000000000 399.547973633
205.000000000 399.547973633
204.000000000 399.547973633
203.000000000 422.340881348
202.000000000 422.340881348
201.000000000 448.889007568
200.000000000 448.889007568
199.000000000 489.512573242
198.000000000 517.579956055
197.000000000 555.934326172
196.000000000 603.261230469
195.000000000 662.867858887
194.000000000 740.068298340
193.000000000 837.725891113
192.000000000 952.261352539
191.000000000 1040.220581055
190.000000000 1040.220581055
