250.000000000 310.670623779
249.000000000 310.670623779
248.000000000 310.670623779
247.000000000 310.670623779
246.000000000 310.670623779
245.000000000 310.670623779
244.000000000 310.670623779
243.000000000 310.670623779
242.000000000 310.670623779
241.000000000 310.670623779
240.000000000 310.670623779
239.000000000 310.670623779
238.000000000 310.670623779
237.000000000 310.670623779
236.000000000 310.670623779
235.000000000 310.670623779
234.000000000 326.015380859
233.000000000 326.015380859
232.000000000 326.015380859
231.000000000 326.015380859
230.000000000 326.015380859
229.000000000 326.015380859
228.000000000 326.015380859
227.000000000 326.015380859
226.000000000 326.015380859
225.000000000 326.015380859
224.000000000 326.015380859
223.000000000 326.015380859
222.000000000 341.434020996
221.000000000 341.434020996
220.000000000 341.434020996
219.000000000 341.434020996
218.000000000 341.434020996
217.000000000 341.434020996
216.000000000 341.434020996
215.000000000 341.434020996
214.000000000 357.947143555
213.000000000 357.947143555
212.000000000 357.947143555
211.000000000 357.947143555
210.000000000 357.947143555
209.000000000 379.214904785
208.000000000 379.214904785
207.000000000 379.214904785
206.000000000 379.214904785
205.000000000 402.329162598
204.000000000 402.329162598
203.000000000 402.329162598
202.000000000 423.079742432
201.000000000 423.079742432
200.000000000 447.161193848
199.000000000 447.161193848
198.000000000 485.512329102
197.000000000 509.304260254
196.000000000 543.240112305
195.000000000 583.303955078
194.000000000 633.051391602
193.000000000 704.220886230
192.000000000 794.409362793
191.000000000 910.034423828
190.000000000 1033.459472656
