250.000000000 310.670623779
249.000000000 310.670623779
248.000000000 310.670623779
247.000000000 310.670623779
246.000000000 310.670623779
245.000000000 310.670623779
244.000000000 310.670623779
243.000000000 310.670623779
242.000000000 310.670623779
241.000000000 310.670623779
240.000000000 310.670623779
239.000000000 310.670623779
238.000000000 310.670623779
237.000000000 310.670623779
236.000000000 310.670623779
235.000000000 325.262268066
234.000000000 325.262268066
233.000000000 325.262268066
232.000000000 325.262268066
231.000000000 325.262268066
230.000000000 325.262268066
229.000000000 325.262268066
228.000000000 325.262268066
227.000000000 325.262268066
226.000000000 325.262268066
225.000000000 325.262268066
224.000000000 325.262268066
223.000000000 325.262268066
222.000000000 341.290893555
221.000000000 341.290893555
220.000000000 341.290893555
219.000000000 341.290893555
218.000000000 341.290893555
217.000000000 341.290893555
216.000000000 341.290893555
215.000000000 341.290893555
214.000000000 358.837677002
213.000000000 358.837677002
212.000000000 358.837677002
211.000000000 358.837677002
210.000000000 358.837677002
209.000000000 380.084838867
208.000000000 380.084838867
207.000000000 380.084838867
206.000000000 380.084838867
205.000000000 401.524780273
204.000000000 401.524780273
203.000000000 401.524780273
202.000000000 425.942443848
201.000000000 425.942443848
200.000000000 451.813446045
199.000000000 451.813446045
198.000000000 495.663299561
197.000000000 525.742492676
196.000000000 565.204223633
195.000000000 611.473693848
194.000000000 673.291809082
193.000000000 751.341491699
192.000000000 853.347900391
191.000000000 953.506347656
190.000000000 1012.095214844
