250.000000000 310.670623779
249.000000000 310.670623779
248.000000000 310.670623779
247.000000000 310.670623779
246.000000000 310.670623779
245.000000000 310.670623779
244.000000000 310.670623779
243.000000000 310.670623779
242.000000000 310.670623779
241.000000000 310.670623779
240.000000000 310.670623779
239.000000000 310.670623779
238.000000000 310.670623779
237.000000000 310.670623779
236.000000000 310.670623779
235.000000000 310.670623779
234.000000000 310.670623779
233.000000000 310.670623779
232.000000000 325.495147705
231.000000000 325.495147705
230.000000000 325.495147705
229.000000000 325.495147705
228.000000000 325.495147705
227.000000000 325.495147705
226.000000000 325.495147705
225.000000000 325.495147705
224.000000000 325.495147705
223.000000000 325.495147705
222.000000000 325.495147705
221.000000000 325.495147705
220.000000000 340.946533203
219.000000000 340.946533203
218.000000000 340.946533203
217.000000000 340.946533203
216.000000000 340.946533203
215.000000000 340.946533203
214.000000000 340.946533203
213.000000000 340.946533203
212.000000000 359.040924072
211.000000000 359.040924072
210.000000000 359.040924072
209.000000000 359.040924072
208.000000000 376.764923096
207.000000000 376.764923096
206.000000000 376.764923096
205.000000000 376.764923096
204.000000000 376.764923096
203.000000000 399.506713867
202.000000000 399.506713867
201.000000000 399.506713867
200.000000000 420.212921143
199.000000000 420.212921143
198.000000000 440.736816406
197.000000000 440.736816406
196.000000000 469.660186768
195.000000000 492.112243652
194.000000000 517.644165039
193.000000000 550.568786621
192.000000000 594.696899414
191.000000000 656.413452148
190.000000000 728.593872070
