250.000000000 310.670623779
249.000000000 310.670623779
248.000000000 310.670623779
247.000000000 310.670623779
246.000000000 310.670623779
245.000000000 310.670623779
244.000000000 310.670623779
243.000000000 310.670623779
242.000000000 310.670623779
241.000000000 310.670623779
240.000000000 310.670623779
239.000000000 310.670623779
238.000000000 310.670623779
237.000000000 310.670623779
236.000000000 325.553070068
235.000000000 325.553070068
234.000000000 325.553070068
233.000000000 325.553070068
232.000000000 325.553070068
231.000000000 325.553070068
230.000000000 325.553070068
229.000000000 325.553070068
228.000000000 325.553070068
227.000000000 325.553070068
226.000000000 325.553070068
225.000000000 325.553070068
224.000000000 340.799804688
223.000000000 340.799804688
222.000000000 340.799804688
221.000000000 340.799804688
220.000000000 340.799804688
219.000000000 340.799804688
218.000000000 340.799804688
217.000000000 340.799804688
216.000000000 359.197540283
215.000000000 359.197540283
214.000000000 359.197540283
213.000000000 359.197540283
212.000000000 359.197540283
211.000000000 376.988861084
210.000000000 376.988861084
209.000000000 376.988861084
208.000000000 396.196197510
207.000000000 396.196197510
206.000000000 396.196197510
205.000000000 419.506774902
204.000000000 419.506774902
203.000000000 440.197814941
202.000000000 440.197814941
201.000000000 474.481872559
200.000000000 503.117706299
199.000000000 536.261169434
198.000000000 579.326904297
197.000000000 633.271179199
196.000000000 703.933166504
195.000000000 793.220336914
194.000000000 900.029968262
193.000000000 1000.131896973
192.000000000 1069.982910156
191.000000000 1069.982910156
190.000000000 1069.982910156
