250.000000000 318.934753418
249.000000000 318.934753418
248.000000000 318.934753418
247.000000000 318.934753418
246.000000000 318.934753418
245.000000000 318.934753418
244.000000000 318.934753418
243.000000000 318.934753418
242.000000000 318.934753418
241.000000000 318.934753418
240.000000000 318.934753418
239.000000000 318.934753418
238.000000000 318.934753418
237.000000000 318.934753418
236.000000000 318.934753418
235.000000000 318.934753418
234.000000000 318.934753418
233.000000000 318.934753418
232.000000000 318.934753418
231.000000000 334.680389404
230.000000000 334.680389404
229.000000000 334.680389404
228.000000000 334.680389404
227.000000000 334.680389404
226.000000000 334.680389404
225.000000000 334.680389404
224.000000000 334.680389404
223.000000000 334.680389404
222.000000000 334.680389404
221.000000000 350.924041748
220.000000000 350.924041748
219.000000000 350.924041748
218.000000000 350.924041748
217.000000000 350.924041748
216.000000000 350.924041748
215.000000000 350.924041748
214.000000000 350.924041748
213.000000000 370.046997070
212.000000000 370.046997070
211.000000000 370.046997070
210.000000000 370.046997070
209.000000000 391.940856934
208.000000000 391.940856934
207.000000000 391.940856934
206.000000000 410.854827881
205.000000000 410.854827881
204.000000000 410.854827881
203.000000000 433.317199707
202.000000000 433.317199707
201.000000000 459.787811279
200.000000000 459.787811279
199.000000000 506.936767578
198.000000000 540.393615723
197.000000000 585.059997559
196.000000000 640.252746582
195.000000000 712.109191895
194.000000000 800.908813477
193.000000000 905.028564453
192.000000000 1007.741271973
191.000000000 1062.026367188
190.000000000 1062.026367188
