250.000000000 310.670623779
249.000000000 310.670623779
248.000000000 310.670623779
247.000000000 310.670623779
246.000000000 310.670623779
245.000000000 310.670623779
244.000000000 310.670623779
243.000000000 310.670623779
242.000000000 310.670623779
241.000000000 310.670623779
240.000000000 310.670623779
239.000000000 310.670623779
238.000000000 310.670623779
237.000000000 310.670623779
236.000000000 310.670623779
235.000000000 325.554107666
234.000000000 325.554107666
233.000000000 325.554107666
232.000000000 325.554107666
231.000000000 325.554107666
230.000000000 325.554107666
229.000000000 325.554107666
228.000000000 325.554107666
227.000000000 325.554107666
226.000000000 325.554107666
225.000000000 325.554107666
224.000000000 325.554107666
223.000000000 341.507171631
222.000000000 341.507171631
221.000000000 341.507171631
220.000000000 341.507171631
219.000000000 341.507171631
218.000000000 341.507171631
217.000000000 341.507171631
216.000000000 341.507171631
215.000000000 357.674743652
214.000000000 357.674743652
213.000000000 357.674743652
212.000000000 357.674743652
211.000000000 357.674743652
210.000000000 378.219818115
209.000000000 378.219818115
208.000000000 378.219818115
207.000000000 378.219818115
206.000000000 399.621520996
205.000000000 399.621520996
204.000000000 399.621520996
203.000000000 423.993194580
202.000000000 423.993194580
201.000000000 448.125122070
200.000000000 448.125122070
199.000000000 489.535369873
198.000000000 518.261962891
197.000000000 556.244445801
196.000000000 603.917297363
195.000000000 661.173767090
194.000000000 738.892211914
193.000000000 837.538452148
192.000000000 950.252929688
191.000000000 1043.777099609
190.000000000 1043.777099609
