250.000000000 310.670623779
249.000000000 310.670623779
248.000000000 310.670623779
247.000000000 310.670623779
246.000000000 310.670623779
245.000000000 310.670623779
244.000000000 310.670623779
243.000000000 310.670623779
242.000000000 310.670623779
241.000000000 310.670623779
240.000000000 310.670623779
239.000000000 310.670623779
238.000000000 310.670623779
237.000000000 310.670623779
236.000000000 310.670623779
235.000000000 310.670623779
234.000000000 310.670623779
233.000000000 310.670623779
232.000000000 326.109130859
231.000000000 326.109130859
230.000000000 326.109130859
229.000000000 326.109130859
228.000000000 326.109130859
227.000000000 326.109130859
226.000000000 326.109130859
225.000000000 326.109130859
224.000000000 326.109130859
223.000000000 326.109130859
222.000000000 326.109130859
221.000000000 341.779388428
220.000000000 341.779388428
219.000000000 341.779388428
218.000000000 341.779388428
217.000000000 341.779388428
216.000000000 341.779388428
215.000000000 341.779388428
214.000000000 341.779388428
213.000000000 357.789520264
212.000000000 357.789520264
211.000000000 357.789520264
210.000000000 357.789520264
209.000000000 357.789520264
208.000000000 378.245788574
207.000000000 378.245788574
206.000000000 378.245788574
205.000000000 378.245788574
204.000000000 399.154602051
203.000000000 399.154602051
202.000000000 399.154602051
201.000000000 399.154602051
200.000000000 426.151092529
199.000000000 426.151092529
198.000000000 447.179351807
197.000000000 447.179351807
196.000000000 479.352722168
195.000000000 479.352722168
194.000000000 526.498352051
193.000000000 562.099243164
192.000000000 609.646789551
191.000000000 673.901367188
190.000000000 764.612670898
