250.000000000 318.934753418
249.000000000 318.934753418
248.000000000 318.934753418
247.000000000 318.934753418
246.000000000 318.934753418
245.000000000 318.934753418
244.000000000 318.934753418
243.000000000 318.934753418
242.000000000 318.934753418
241.000000000 318.934753418
240.000000000 318.934753418
239.000000000 318.934753418
238.000000000 318.934753418
237.000000000 318.934753418
236.000000000 318.934753418
235.000000000 318.934753418
234.000000000 318.934753418
233.000000000 318.934753418
232.000000000 318.934753418
231.000000000 334.530639648
230.000000000 334.530639648
229.000000000 334.530639648
228.000000000 334.530639648
227.000000000 334.530639648
226.000000000 334.530639648
225.000000000 334.530639648
224.000000000 334.530639648
223.000000000 334.530639648
222.000000000 334.530639648
221.000000000 334.530639648
220.000000000 334.530639648
219.000000000 352.362335205
218.000000000 352.362335205
217.000000000 352.362335205
216.000000000 352.362335205
215.000000000 352.362335205
214.000000000 352.362335205
213.000000000 352.362335205
212.000000000 369.877502441
211.000000000 369.877502441
210.000000000 369.877502441
209.000000000 369.877502441
208.000000000 390.259674072
207.000000000 390.259674072
206.000000000 390.259674072
205.000000000 390.259674072
204.000000000 390.259674072
203.000000000 412.160797119
202.000000000 412.160797119
201.000000000 412.160797119
200.000000000 433.236358643
199.000000000 433.236358643
198.000000000 455.859832764
197.000000000 455.859832764
196.000000000 491.031494141
195.000000000 515.450317383
194.000000000 545.195617676
193.000000000 586.864746094
192.000000000 643.884704590
191.000000000 716.048156738
190.000000000 808.779663086
