250.000000000 310.670623779
249.000000000 310.670623779
248.000000000 310.670623779
247.000000000 310.670623779
246.000000000 310.670623779
245.000000000 310.670623779
244.000000000 310.670623779
243.000000000 310.670623779
242.000000000 310.670623779
241.000000000 310.670623779
240.000000000 310.670623779
239.000000000 310.670623779
238.000000000 310.670623779
237.000000000 310.670623779
236.000000000 310.670623779
235.000000000 310.670623779
234.000000000 310.670623779
233.000000000 310.670623779
232.000000000 325.660736084
231.000000000 325.660736084
230.000000000 325.660736084
229.000000000 325.660736084
228.000000000 325.660736084
227.000000000 325.660736084
226.000000000 325.660736084
225.000000000 325.660736084
224.000000000 325.660736084
223.000000000 325.660736084
222.000000000 325.660736084
221.000000000 325.660736084
220.000000000 341.680877686
219.000000000 341.680877686
218.000000000 341.680877686
217.000000000 341.680877686
216.000000000 341.680877686
215.000000000 341.680877686
214.000000000 341.680877686
213.000000000 341.680877686
212.000000000 360.240203857
211.000000000 360.240203857
210.000000000 360.240203857
209.000000000 360.240203857
208.000000000 377.349487305
207.000000000 377.349487305
206.000000000 377.349487305
205.000000000 377.349487305
204.000000000 377.349487305
203.000000000 400.409881592
202.000000000 400.409881592
201.000000000 400.409881592
200.000000000 423.387634277
199.000000000 423.387634277
198.000000000 446.496795654
197.000000000 446.496795654
196.000000000 477.415802002
195.000000000 500.859985352
194.000000000 530.238281250
193.000000000 566.546447754
192.000000000 616.753173828
191.000000000 681.095336914
190.000000000 755.659057617
