250.000000000 310.670623779
249.000000000 310.670623779
248.000000000 310.670623779
247.000000000 310.670623779
246.000000000 310.670623779
245.000000000 310.670623779
244.000000000 310.670623779
243.000000000 310.670623779
242.000000000 310.670623779
241.000000000 310.670623779
240.000000000 310.670623779
239.000000000 310.670623779
238.000000000 310.670623779
237.000000000 310.670623779
236.000000000 327.230773926
235.000000000 327.230773926
234.000000000 327.230773926
233.000000000 327.230773926
232.000000000 327.230773926
231.000000000 327.230773926
230.000000000 327.230773926
229.000000000 327.230773926
228.000000000 327.230773926
227.000000000 327.230773926
226.000000000 327.230773926
225.000000000 327.230773926
224.000000000 327.230773926
223.000000000 343.261322021
222.000000000 343.261322021
221.000000000 343.261322021
220.000000000 343.261322021
219.000000000 343.261322021
218.000000000 343.261322021
217.000000000 343.261322021
216.000000000 343.261322021
215.000000000 361.968017578
214.000000000 361.968017578
213.000000000 361.968017578
212.000000000 361.968017578
211.000000000 361.968017578
210.000000000 382.102752686
209.000000000 382.102752686
208.000000000 382.102752686
207.000000000 402.132568359
206.000000000 402.132568359
205.000000000 402.132568359
204.000000000 428.505096436
203.000000000 428.505096436
202.000000000 454.405303955
201.000000000 454.405303955
200.000000000 498.581970215
199.000000000 536.443054199
198.000000000 577.131774902
197.000000000 632.800170898
196.000000000 703.365417480
195.000000000 791.824218750
194.000000000 896.821899414
193.000000000 1005.414306641
192.000000000 1077.522460938
191.000000000 1077.522460938
190.000000000 1077.522460938
