250.000000000 318.934753418
249.000000000 318.934753418
248.000000000 318.934753418
247.000000000 318.934753418
246.000000000 318.934753418
245.000000000 318.934753418
244.000000000 318.934753418
243.000000000 318.934753418
242.000000000 318.934753418
241.000000000 318.934753418
240.000000000 318.934753418
239.000000000 318.934753418
238.000000000 318.934753418
237.000000000 318.934753418
236.000000000 318.934753418
235.000000000 318.934753418
234.000000000 318.934753418
233.000000000 318.934753418
232.000000000 318.934753418
231.000000000 336.073944092
230.000000000 336.073944092
229.000000000 336.073944092
228.000000000 336.073944092
227.000000000 336.073944092
226.000000000 336.073944092
225.000000000 336.073944092
224.000000000 336.073944092
223.000000000 336.073944092
222.000000000 336.073944092
221.000000000 336.073944092
220.000000000 353.208923340
219.000000000 353.208923340
218.000000000 353.208923340
217.000000000 353.208923340
216.000000000 353.208923340
215.000000000 353.208923340
214.000000000 353.208923340
213.000000000 353.208923340
212.000000000 374.274993896
211.000000000 374.274993896
210.000000000 374.274993896
209.000000000 374.274993896
208.000000000 396.679107666
207.000000000 396.679107666
206.000000000 396.679107666
205.000000000 396.679107666
204.000000000 420.147613525
203.000000000 420.147613525
202.000000000 420.147613525
201.000000000 448.112274170
200.000000000 448.112274170
199.000000000 482.961486816
198.000000000 508.125244141
197.000000000 540.067016602
196.000000000 580.778137207
195.000000000 632.415527344
194.000000000 698.877624512
193.000000000 775.373901367
192.000000000 863.606933594
191.000000000 922.099426270
190.000000000 922.099426270
