250.000000000 310.670623779
249.000000000 310.670623779
248.000000000 310.670623779
247.000000000 310.670623779
246.000000000 310.670623779
245.000000000 310.670623779
244.000000000 310.670623779
243.000000000 310.670623779
242.000000000 310.670623779
241.000000000 310.670623779
240.000000000 310.670623779
239.000000000 310.670623779
238.000000000 310.670623779
237.000000000 310.670623779
236.000000000 310.670623779
235.000000000 325.322814941
234.000000000 325.322814941
233.000000000 325.322814941
232.000000000 325.322814941
231.000000000 325.322814941
230.000000000 325.322814941
229.000000000 325.322814941
228.000000000 325.322814941
227.000000000 325.322814941
226.000000000 325.322814941
225.000000000 325.322814941
224.000000000 325.322814941
223.000000000 325.322814941
222.000000000 342.424377441
221.000000000 342.424377441
220.000000000 342.424377441
219.000000000 342.424377441
218.000000000 342.424377441
217.000000000 342.424377441
216.000000000 342.424377441
215.000000000 342.424377441
214.000000000 360.647521973
213.000000000 360.647521973
212.000000000 360.647521973
211.000000000 360.647521973
210.000000000 360.647521973
209.000000000 382.080902100
208.000000000 382.080902100
207.000000000 382.080902100
206.000000000 382.080902100
205.000000000 403.393493652
204.000000000 403.393493652
203.000000000 403.393493652
202.000000000 427.404388428
201.000000000 427.404388428
200.000000000 454.423400879
199.000000000 454.423400879
198.000000000 492.526794434
197.000000000 521.552612305
196.000000000 556.922180176
195.000000000 602.559387207
194.000000000 659.466674805
193.000000000 738.536865234
192.000000000 836.400634766
191.000000000 956.343505859
190.000000000 1063.334594727
