250.000000000 310.670623779
249.000000000 310.670623779
248.000000000 310.670623779
247.000000000 310.670623779
246.000000000 310.670623779
245.000000000 310.670623779
244.000000000 310.670623779
243.000000000 310.670623779
242.000000000 310.670623779
241.000000000 310.670623779
240.000000000 310.670623779
239.000000000 310.670623779
238.000000000 310.670623779
237.000000000 310.670623779
236.000000000 325.288299561
235.000000000 325.288299561
234.000000000 325.288299561
233.000000000 325.288299561
232.000000000 325.288299561
231.000000000 325.288299561
230.000000000 325.288299561
229.000000000 325.288299561
228.000000000 325.288299561
227.000000000 325.288299561
226.000000000 325.288299561
225.000000000 325.288299561
224.000000000 341.896850586
223.000000000 341.896850586
222.000000000 341.896850586
221.000000000 341.896850586
220.000000000 341.896850586
219.000000000 341.896850586
218.000000000 341.896850586
217.000000000 341.896850586
216.000000000 358.494995117
215.000000000 358.494995117
214.000000000 358.494995117
213.000000000 358.494995117
212.000000000 358.494995117
211.000000000 375.766510010
210.000000000 375.766510010
209.000000000 375.766510010
208.000000000 375.766510010
207.000000000 400.984313965
206.000000000 400.984313965
205.000000000 400.984313965
204.000000000 424.792388916
203.000000000 424.792388916
202.000000000 447.965515137
201.000000000 447.965515137
200.000000000 491.140289307
199.000000000 521.887573242
198.000000000 559.727722168
197.000000000 611.250427246
196.000000000 673.272705078
195.000000000 754.875183105
194.000000000 854.945800781
193.000000000 969.234985352
192.000000000 1057.420654297
191.000000000 1057.420654297
190.000000000 1057.420654297
