250.000000000 310.670623779
249.000000000 310.670623779
248.000000000 310.670623779
247.000000000 310.670623779
246.000000000 310.670623779
245.000000000 310.670623779
244.000000000 310.670623779
243.000000000 310.670623779
242.000000000 310.670623779
241.000000000 310.670623779
240.000000000 310.670623779
239.000000000 310.670623779
238.000000000 310.670623779
237.000000000 310.670623779
236.000000000 326.165161133
235.000000000 326.165161133
234.000000000 326.165161133
233.000000000 326.165161133
232.000000000 326.165161133
231.000000000 326.165161133
230.000000000 326.165161133
229.000000000 326.165161133
228.000000000 326.165161133
227.000000000 326.165161133
226.000000000 326.165161133
225.000000000 326.165161133
224.000000000 341.428222656
223.000000000 341.428222656
222.000000000 341.428222656
221.000000000 341.428222656
220.000000000 341.428222656
219.000000000 341.428222656
218.000000000 341.428222656
217.000000000 341.428222656
216.000000000 359.377746582
215.000000000 359.377746582
214.000000000 359.377746582
213.000000000 359.377746582
212.000000000 359.377746582
211.000000000 376.755401611
210.000000000 376.755401611
209.000000000 376.755401611
208.000000000 396.942199707
207.000000000 396.942199707
206.000000000 396.942199707
205.000000000 419.717193604
204.000000000 419.717193604
203.000000000 440.230529785
202.000000000 440.230529785
201.000000000 475.370880127
200.000000000 501.308441162
199.000000000 536.030090332
198.000000000 581.554504395
197.000000000 634.688354492
196.000000000 707.047058105
195.000000000 796.725646973
194.000000000 902.988708496
193.000000000 1010.312438965
192.000000000 1073.773559570
191.000000000 1073.773559570
190.000000000 1073.773559570
