250.000000000 318.934753418
249.000000000 318.934753418
248.000000000 318.934753418
247.000000000 318.934753418
246.000000000 318.934753418
245.000000000 318.934753418
244.000000000 318.934753418
243.000000000 318.934753418
242.000000000 318.934753418
241.000000000 318.934753418
240.000000000 318.934753418
239.000000000 318.934753418
238.000000000 318.934753418
237.000000000 318.934753418
236.000000000 318.934753418
235.000000000 318.934753418
234.000000000 318.934753418
233.000000000 318.934753418
232.000000000 334.851196289
231.000000000 334.851196289
230.000000000 334.851196289
229.000000000 334.851196289
228.000000000 334.851196289
227.000000000 334.851196289
226.000000000 334.851196289
225.000000000 334.851196289
224.000000000 334.851196289
223.000000000 334.851196289
222.000000000 334.851196289
221.000000000 334.851196289
220.000000000 352.401123047
219.000000000 352.401123047
218.000000000 352.401123047
217.000000000 352.401123047
216.000000000 352.401123047
215.000000000 352.401123047
214.000000000 352.401123047
213.000000000 369.396057129
212.000000000 369.396057129
211.000000000 369.396057129
210.000000000 369.396057129
209.000000000 388.658050537
208.000000000 388.658050537
207.000000000 388.658050537
206.000000000 388.658050537
205.000000000 409.595336914
204.000000000 409.595336914
203.000000000 409.595336914
202.000000000 429.615539551
201.000000000 429.615539551
200.000000000 451.314666748
199.000000000 451.314666748
198.000000000 487.255920410
197.000000000 514.089599609
196.000000000 548.313476562
195.000000000 589.985534668
194.000000000 640.962097168
193.000000000 712.605285645
192.000000000 794.828369141
191.000000000 873.837829590
190.000000000 923.552612305
