250.000000000 318.934753418
249.000000000 318.934753418
248.000000000 318.934753418
247.000000000 318.934753418
246.000000000 318.934753418
245.000000000 318.934753418
244.000000000 318.934753418
243.000000000 318.934753418
242.000000000 318.934753418
241.000000000 318.934753418
240.000000000 318.934753418
239.000000000 318.934753418
238.000000000 318.934753418
237.000000000 318.934753418
236.000000000 318.934753418
235.000000000 318.934753418
234.000000000 318.934753418
233.000000000 318.934753418
232.000000000 334.339538574
231.000000000 334.339538574
230.000000000 334.339538574
229.000000000 334.339538574
228.000000000 334.339538574
227.000000000 334.339538574
226.000000000 334.339538574
225.000000000 334.339538574
224.000000000 334.339538574
223.000000000 334.339538574
222.000000000 334.339538574
221.000000000 334.339538574
220.000000000 351.156005859
219.000000000 351.156005859
218.000000000 351.156005859
217.000000000 351.156005859
216.000000000 351.156005859
215.000000000 351.156005859
214.000000000 351.156005859
213.000000000 351.156005859
212.000000000 370.665618896
211.000000000 370.665618896
210.000000000 370.665618896
209.000000000 370.665618896
208.000000000 390.307647705
207.000000000 390.307647705
206.000000000 390.307647705
205.000000000 390.307647705
204.000000000 390.307647705
203.000000000 412.219268799
202.000000000 412.219268799
201.000000000 412.219268799
200.000000000 412.219268799
199.000000000 439.909210205
198.000000000 439.909210205
197.000000000 464.035827637
196.000000000 464.035827637
195.000000000 505.130889893
194.000000000 533.711181641
193.000000000 570.454528809
192.000000000 620.878295898
191.000000000 686.895935059
190.000000000 776.638610840
