250.000000000 318.934753418
249.000000000 318.934753418
248.000000000 318.934753418
247.000000000 318.934753418
246.000000000 318.934753418
245.000000000 318.934753418
244.000000000 318.934753418
243.000000000 318.934753418
242.000000000 318.934753418
241.000000000 318.934753418
240.000000000 318.934753418
239.000000000 318.934753418
238.000000000 318.934753418
237.000000000 318.934753418
236.000000000 318.934753418
235.000000000 318.934753418
234.000000000 318.934753418
233.000000000 318.934753418
232.000000000 318.934753418
231.000000000 334.494964600
230.000000000 334.494964600
229.000000000 334.494964600
228.000000000 334.494964600
227.000000000 334.494964600
226.000000000 334.494964600
225.000000000 334.494964600
224.000000000 334.494964600
223.000000000 334.494964600
222.000000000 334.494964600
221.000000000 334.494964600
220.000000000 351.013793945
219.000000000 351.013793945
218.000000000 351.013793945
217.000000000 351.013793945
216.000000000 351.013793945
215.000000000 351.013793945
214.000000000 351.013793945
213.000000000 351.013793945
212.000000000 371.860534668
211.000000000 371.860534668
210.000000000 371.860534668
209.000000000 371.860534668
208.000000000 393.531250000
207.000000000 393.531250000
206.000000000 393.531250000
205.000000000 393.531250000
204.000000000 415.644012451
203.000000000 415.644012451
202.000000000 415.644012451
201.000000000 440.140350342
200.000000000 440.140350342
199.000000000 471.733825684
198.000000000 471.733825684
197.000000000 521.225891113
196.000000000 559.074157715
195.000000000 605.860046387
194.000000000 662.984069824
193.000000000 738.072875977
192.000000000 825.485595703
191.000000000 903.548645020
190.000000000 903.548645020
