250.000000000 310.670623779
249.000000000 310.670623779
248.000000000 310.670623779
247.000000000 310.670623779
246.000000000 310.670623779
245.000000000 310.670623779
244.000000000 310.670623779
243.000000000 310.670623779
242.000000000 310.670623779
241.000000000 310.670623779
240.000000000 310.670623779
239.000000000 310.670623779
238.000000000 310.670623779
237.000000000 310.670623779
236.000000000 310.670623779
235.000000000 310.670623779
234.000000000 310.670623779
233.000000000 325.564941406
232.000000000 325.564941406
231.000000000 325.564941406
230.000000000 325.564941406
229.000000000 325.564941406
228.000000000 325.564941406
227.000000000 325.564941406
226.000000000 325.564941406
225.000000000 325.564941406
224.000000000 325.564941406
223.000000000 325.564941406
222.000000000 325.564941406
221.000000000 341.589294434
220.000000000 341.589294434
219.000000000 341.589294434
218.000000000 341.589294434
217.000000000 341.589294434
216.000000000 341.589294434
215.000000000 341.589294434
214.000000000 341.589294434
213.000000000 358.473297119
212.000000000 358.473297119
211.000000000 358.473297119
210.000000000 358.473297119
209.000000000 377.023376465
208.000000000 377.023376465
207.000000000 377.023376465
206.000000000 377.023376465
205.000000000 395.617675781
204.000000000 395.617675781
203.000000000 395.617675781
202.000000000 415.317993164
201.000000000 415.317993164
200.000000000 435.778717041
199.000000000 435.778717041
198.000000000 461.545959473
197.000000000 461.545959473
196.000000000 502.451477051
195.000000000 533.122558594
194.000000000 572.772399902
193.000000000 620.484436035
192.000000000 685.187438965
191.000000000 775.869934082
190.000000000 898.079711914
