250.000000000 318.934753418
249.000000000 318.934753418
248.000000000 318.934753418
247.000000000 318.934753418
246.000000000 318.934753418
245.000000000 318.934753418
244.000000000 318.934753418
243.000000000 318.934753418
242.000000000 318.934753418
241.000000000 318.934753418
240.000000000 318.934753418
239.000000000 318.934753418
238.000000000 318.934753418
237.000000000 318.934753418
236.000000000 318.934753418
235.000000000 318.934753418
234.000000000 318.934753418
233.000000000 318.934753418
232.000000000 318.934753418
231.000000000 318.934753418
230.000000000 335.307495117
229.000000000 335.307495117
228.000000000 335.307495117
227.000000000 335.307495117
226.000000000 335.307495117
225.000000000 335.307495117
224.000000000 335.307495117
223.000000000 335.307495117
222.000000000 335.307495117
221.000000000 335.307495117
220.000000000 335.307495117
219.000000000 352.377105713
218.000000000 352.377105713
217.000000000 352.377105713
216.000000000 352.377105713
215.000000000 352.377105713
214.000000000 352.377105713
213.000000000 352.377105713
212.000000000 371.460845947
211.000000000 371.460845947
210.000000000 371.460845947
209.000000000 371.460845947
208.000000000 393.173675537
207.000000000 393.173675537
206.000000000 393.173675537
205.000000000 393.173675537
204.000000000 416.130401611
203.000000000 416.130401611
202.000000000 416.130401611
201.000000000 440.704193115
200.000000000 440.704193115
199.000000000 471.858001709
198.000000000 471.858001709
197.000000000 521.881164551
196.000000000 558.403503418
195.000000000 604.489074707
194.000000000 662.747924805
193.000000000 739.314208984
192.000000000 827.607055664
191.000000000 906.967834473
190.000000000 906.967834473
