250.000000000 318.934753418
249.000000000 318.934753418
248.000000000 318.934753418
247.000000000 318.934753418
246.000000000 318.934753418
245.000000000 318.934753418
244.000000000 318.934753418
243.000000000 318.934753418
242.000000000 318.934753418
241.000000000 318.934753418
240.000000000 318.934753418
239.000000000 318.934753418
238.000000000 318.934753418
237.000000000 318.934753418
236.000000000 318.934753418
235.000000000 318.934753418
234.000000000 318.934753418
233.000000000 318.934753418
232.000000000 335.122039795
231.000000000 335.122039795
230.000000000 335.122039795
229.000000000 335.122039795
228.000000000 335.122039795
227.000000000 335.122039795
226.000000000 335.122039795
225.000000000 335.122039795
224.000000000 335.122039795
223.000000000 335.122039795
222.000000000 335.122039795
221.000000000 335.122039795
220.000000000 352.442596436
219.000000000 352.442596436
218.000000000 352.442596436
217.000000000 352.442596436
216.000000000 352.442596436
215.000000000 352.442596436
214.000000000 352.442596436
213.000000000 371.443756104
212.000000000 371.443756104
211.000000000 371.443756104
210.000000000 371.443756104
209.000000000 394.681518555
208.000000000 394.681518555
207.000000000 394.681518555
206.000000000 394.681518555
205.000000000 421.315612793
204.000000000 421.315612793
203.000000000 421.315612793
202.000000000 450.535797119
201.000000000 450.535797119
200.000000000 489.289489746
199.000000000 519.638854980
198.000000000 556.040588379
197.000000000 606.227416992
196.000000000 667.829650879
195.000000000 747.640136719
194.000000000 842.125610352
193.000000000 952.851440430
192.000000000 1040.937988281
191.000000000 1040.937988281
190.000000000 1040.937988281
