250.000000000 318.934753418
249.000000000 318.934753418
248.000000000 318.934753418
247.000000000 318.934753418
246.000000000 318.934753418
245.000000000 318.934753418
244.000000000 318.934753418
243.000000000 318.934753418
242.000000000 318.934753418
241.000000000 318.934753418
240.000000000 318.934753418
239.000000000 318.934753418
238.000000000 318.934753418
237.000000000 318.934753418
236.000000000 318.934753418
235.000000000 318.934753418
234.000000000 318.934753418
233.000000000 318.934753418
232.000000000 335.022796631
231.000000000 335.022796631
230.000000000 335.022796631
229.000000000 335.022796631
228.000000000 335.022796631
227.000000000 335.022796631
226.000000000 335.022796631
225.000000000 335.022796631
224.000000000 335.022796631
223.000000000 335.022796631
222.000000000 335.022796631
221.000000000 351.396636963
220.000000000 351.396636963
219.000000000 351.396636963
218.000000000 351.396636963
217.000000000 351.396636963
216.000000000 351.396636963
215.000000000 351.396636963
214.000000000 368.743377686
213.000000000 368.743377686
212.000000000 368.743377686
211.000000000 368.743377686
210.000000000 390.275756836
209.000000000 390.275756836
208.000000000 390.275756836
207.000000000 411.656463623
206.000000000 411.656463623
205.000000000 411.656463623
204.000000000 434.454895020
203.000000000 434.454895020
202.000000000 461.818847656
201.000000000 461.818847656
200.000000000 506.968353271
199.000000000 544.831970215
198.000000000 587.975036621
197.000000000 646.172058105
196.000000000 722.382202148
195.000000000 815.076354980
194.000000000 923.491027832
193.000000000 1023.959045410
192.000000000 1079.561279297
191.000000000 1079.561279297
190.000000000 1079.561279297
