250.000000000 318.934753418
249.000000000 318.934753418
248.000000000 318.934753418
247.000000000 318.934753418
246.000000000 318.934753418
245.000000000 318.934753418
244.000000000 318.934753418
243.000000000 318.934753418
242.000000000 318.934753418
241.000000000 318.934753418
240.000000000 318.934753418
239.000000000 318.934753418
238.000000000 318.934753418
237.000000000 318.934753418
236.000000000 318.934753418
235.000000000 318.934753418
234.000000000 318.934753418
233.000000000 318.934753418
232.000000000 335.194885254
231.000000000 335.194885254
230.000000000 335.194885254
229.000000000 335.194885254
228.000000000 335.194885254
227.000000000 335.194885254
226.000000000 335.194885254
225.000000000 335.194885254
224.000000000 335.194885254
223.000000000 335.194885254
222.000000000 335.194885254
221.000000000 352.028015137
220.000000000 352.028015137
219.000000000 352.028015137
218.000000000 352.028015137
217.000000000 352.028015137
216.000000000 352.028015137
215.000000000 352.028015137
214.000000000 369.501342773
213.000000000 369.501342773
212.000000000 369.501342773
211.000000000 369.501342773
210.000000000 388.925231934
209.000000000 388.925231934
208.000000000 388.925231934
207.000000000 409.030853271
206.000000000 409.030853271
205.000000000 409.030853271
204.000000000 431.964294434
203.000000000 431.964294434
202.000000000 457.696960449
201.000000000 457.696960449
200.000000000 498.543334961
199.000000000 532.701904297
198.000000000 572.513366699
197.000000000 625.386718750
196.000000000 694.410766602
195.000000000 781.135070801
194.000000000 878.254699707
193.000000000 978.430908203
192.000000000 1039.586914062
191.000000000 1039.586914062
190.000000000 1039.586914062
