250.000000000 310.670623779
249.000000000 310.670623779
248.000000000 310.670623779
247.000000000 310.670623779
246.000000000 310.670623779
245.000000000 310.670623779
244.000000000 310.670623779
243.000000000 310.670623779
242.000000000 310.670623779
241.000000000 310.670623779
240.000000000 310.670623779
239.000000000 310.670623779
238.000000000 310.670623779
237.000000000 310.670623779
236.000000000 310.670623779
235.000000000 310.670623779
234.000000000 310.670623779
233.000000000 325.317535400
232.000000000 325.317535400
231.000000000 325.317535400
230.000000000 325.317535400
229.000000000 325.317535400
228.000000000 325.317535400
227.000000000 325.317535400
226.000000000 325.317535400
225.000000000 325.317535400
224.000000000 325.317535400
223.000000000 325.317535400
222.000000000 325.317535400
221.000000000 325.317535400
220.000000000 341.588256836
219.000000000 341.588256836
218.000000000 341.588256836
217.000000000 341.588256836
216.000000000 341.588256836
215.000000000 341.588256836
214.000000000 341.588256836
213.000000000 341.588256836
212.000000000 358.409393311
211.000000000 358.409393311
210.000000000 358.409393311
209.000000000 358.409393311
208.000000000 375.735198975
207.000000000 375.735198975
206.000000000 375.735198975
205.000000000 375.735198975
204.000000000 394.296661377
203.000000000 394.296661377
202.000000000 394.296661377
201.000000000 394.296661377
200.000000000 420.262298584
199.000000000 420.262298584
198.000000000 440.769073486
197.000000000 440.769073486
196.000000000 469.983612061
195.000000000 469.983612061
194.000000000 516.066772461
193.000000000 550.805541992
192.000000000 594.356628418
191.000000000 654.434020996
190.000000000 726.442138672
