250.000000000 310.670623779
249.000000000 310.670623779
248.000000000 310.670623779
247.000000000 310.670623779
246.000000000 310.670623779
245.000000000 310.670623779
244.000000000 310.670623779
243.000000000 310.670623779
242.000000000 310.670623779
241.000000000 310.670623779
240.000000000 310.670623779
239.000000000 310.670623779
238.000000000 310.670623779
237.000000000 310.670623779
236.000000000 310.670623779
235.000000000 310.670623779
234.000000000 310.670623779
233.000000000 310.670623779
232.000000000 310.670623779
231.000000000 325.933990479
230.000000000 325.933990479
229.000000000 325.933990479
228.000000000 325.933990479
227.000000000 325.933990479
226.000000000 325.933990479
225.000000000 325.933990479
224.000000000 325.933990479
223.000000000 325.933990479
222.000000000 325.933990479
221.000000000 325.933990479
220.000000000 341.683319092
219.000000000 341.683319092
218.000000000 341.683319092
217.000000000 341.683319092
216.000000000 341.683319092
215.000000000 341.683319092
214.000000000 341.683319092
213.000000000 341.683319092
212.000000000 358.975067139
211.000000000 358.975067139
210.000000000 358.975067139
209.000000000 358.975067139
208.000000000 358.975067139
207.000000000 380.003479004
206.000000000 380.003479004
205.000000000 380.003479004
204.000000000 380.003479004
203.000000000 400.285125732
202.000000000 400.285125732
201.000000000 400.285125732
200.000000000 420.838317871
199.000000000 420.838317871
198.000000000 420.838317871
197.000000000 453.487823486
196.000000000 453.487823486
195.000000000 490.815521240
194.000000000 517.546447754
193.000000000 551.959594727
192.000000000 597.735839844
191.000000000 655.787780762
190.000000000 729.046203613
