250.000000000 310.670623779
249.000000000 310.670623779
248.000000000 310.670623779
247.000000000 310.670623779
246.000000000 310.670623779
245.000000000 310.670623779
244.000000000 310.670623779
243.000000000 310.670623779
242.000000000 310.670623779
241.000000000 310.670623779
240.000000000 310.670623779
239.000000000 310.670623779
238.000000000 310.670623779
237.000000000 310.670623779
236.000000000 325.787902832
235.000000000 325.787902832
234.000000000 325.787902832
233.000000000 325.787902832
232.000000000 325.787902832
231.000000000 325.787902832
230.000000000 325.787902832
229.000000000 325.787902832
228.000000000 325.787902832
227.000000000 325.787902832
226.000000000 325.787902832
225.000000000 325.787902832
224.000000000 341.809448242
223.000000000 341.809448242
222.000000000 341.809448242
221.000000000 341.809448242
220.000000000 341.809448242
219.000000000 341.809448242
218.000000000 341.809448242
217.000000000 341.809448242
216.000000000 357.864288330
215.000000000 357.864288330
214.000000000 357.864288330
213.000000000 357.864288330
212.000000000 357.864288330
211.000000000 376.786468506
210.000000000 376.786468506
209.000000000 376.786468506
208.000000000 395.302307129
207.000000000 395.302307129
206.000000000 395.302307129
205.000000000 418.696441650
204.000000000 418.696441650
203.000000000 440.848815918
202.000000000 440.848815918
201.000000000 474.469635010
200.000000000 501.611450195
199.000000000 535.162963867
198.000000000 576.666809082
197.000000000 633.683227539
196.000000000 704.383056641
195.000000000 794.597412109
194.000000000 898.564392090
193.000000000 1006.931091309
192.000000000 1073.337402344
191.000000000 1073.337402344
190.000000000 1073.337402344
