250.000000000 318.934753418
249.000000000 318.934753418
248.000000000 318.934753418
247.000000000 318.934753418
246.000000000 318.934753418
245.000000000 318.934753418
244.000000000 318.934753418
243.000000000 318.934753418
242.000000000 318.934753418
241.000000000 318.934753418
240.000000000 318.934753418
239.000000000 318.934753418
238.000000000 318.934753418
237.000000000 318.934753418
236.000000000 318.934753418
235.000000000 318.934753418
234.000000000 318.934753418
233.000000000 318.934753418
232.000000000 318.934753418
231.000000000 318.934753418
230.000000000 335.120605469
229.000000000 335.120605469
228.000000000 335.120605469
227.000000000 335.120605469
226.000000000 335.120605469
225.000000000 335.120605469
224.000000000 335.120605469
223.000000000 335.120605469
222.000000000 335.120605469
221.000000000 335.120605469
220.000000000 335.120605469
219.000000000 352.855529785
218.000000000 352.855529785
217.000000000 352.855529785
216.000000000 352.855529785
215.000000000 352.855529785
214.000000000 352.855529785
213.000000000 352.855529785
212.000000000 373.381439209
211.000000000 373.381439209
210.000000000 373.381439209
209.000000000 373.381439209
208.000000000 394.548400879
207.000000000 394.548400879
206.000000000 394.548400879
205.000000000 394.548400879
204.000000000 417.302062988
203.000000000 417.302062988
202.000000000 417.302062988
201.000000000 445.007629395
200.000000000 445.007629395
199.000000000 479.114959717
198.000000000 504.633087158
197.000000000 535.120239258
196.000000000 576.627014160
195.000000000 626.612548828
194.000000000 691.923278809
193.000000000 772.874694824
192.000000000 868.785766602
191.000000000 944.182067871
190.000000000 944.182067871
