250.000000000 310.670623779
249.000000000 310.670623779
248.000000000 310.670623779
247.000000000 310.670623779
246.000000000 310.670623779
245.000000000 310.670623779
244.000000000 310.670623779
243.000000000 310.670623779
242.000000000 310.670623779
241.000000000 310.670623779
240.000000000 310.670623779
239.000000000 310.670623779
238.000000000 310.670623779
237.000000000 310.670623779
236.000000000 310.670623779
235.000000000 310.670623779
234.000000000 310.670623779
233.000000000 310.670623779
232.000000000 327.047668457
231.000000000 327.047668457
230.000000000 327.047668457
229.000000000 327.047668457
228.000000000 327.047668457
227.000000000 327.047668457
226.000000000 327.047668457
225.000000000 327.047668457
224.000000000 327.047668457
223.000000000 327.047668457
222.000000000 327.047668457
221.000000000 327.047668457
220.000000000 342.801269531
219.000000000 342.801269531
218.000000000 342.801269531
217.000000000 342.801269531
216.000000000 342.801269531
215.000000000 342.801269531
214.000000000 342.801269531
213.000000000 342.801269531
212.000000000 361.891571045
211.000000000 361.891571045
210.000000000 361.891571045
209.000000000 361.891571045
208.000000000 380.797760010
207.000000000 380.797760010
206.000000000 380.797760010
205.000000000 380.797760010
204.000000000 398.640808105
203.000000000 398.640808105
202.000000000 398.640808105
201.000000000 420.303131104
200.000000000 420.303131104
199.000000000 420.303131104
198.000000000 450.808563232
197.000000000 450.808563232
196.000000000 485.513122559
195.000000000 511.377441406
194.000000000 540.192321777
193.000000000 578.651733398
192.000000000 632.951110840
191.000000000 702.939880371
190.000000000 807.039001465
