250.000000000 310.670623779
249.000000000 310.670623779
248.000000000 310.670623779
247.000000000 310.670623779
246.000000000 310.670623779
245.000000000 310.670623779
244.000000000 310.670623779
243.000000000 310.670623779
242.000000000 310.670623779
241.000000000 310.670623779
240.000000000 310.670623779
239.000000000 310.670623779
238.000000000 310.670623779
237.000000000 310.670623779
236.000000000 310.670623779
235.000000000 325.238464355
234.000000000 325.238464355
233.000000000 325.238464355
232.000000000 325.238464355
231.000000000 325.238464355
230.000000000 325.238464355
229.000000000 325.238464355
228.000000000 325.238464355
227.000000000 325.238464355
226.000000000 325.238464355
225.000000000 325.238464355
224.000000000 325.238464355
223.000000000 340.560119629
222.000000000 340.560119629
221.000000000 340.560119629
220.000000000 340.560119629
219.000000000 340.560119629
218.000000000 340.560119629
217.000000000 340.560119629
216.000000000 340.560119629
215.000000000 357.424499512
214.000000000 357.424499512
213.000000000 357.424499512
212.000000000 357.424499512
211.000000000 357.424499512
210.000000000 377.418487549
209.000000000 377.418487549
208.000000000 377.418487549
207.000000000 396.430694580
206.000000000 396.430694580
205.000000000 396.430694580
204.000000000 415.296112061
203.000000000 415.296112061
202.000000000 435.579284668
201.000000000 435.579284668
200.000000000 463.567138672
199.000000000 486.476898193
198.000000000 513.189636230
197.000000000 547.593627930
196.000000000 590.331909180
195.000000000 648.334899902
194.000000000 717.824462891
193.000000000 807.455688477
192.000000000 924.751586914
191.000000000 1036.717163086
190.000000000 1088.216186523
