250.000000000 310.670623779
249.000000000 310.670623779
248.000000000 310.670623779
247.000000000 310.670623779
246.000000000 310.670623779
245.000000000 310.670623779
244.000000000 310.670623779
243.000000000 310.670623779
242.000000000 310.670623779
241.000000000 310.670623779
240.000000000 310.670623779
239.000000000 310.670623779
238.000000000 310.670623779
237.000000000 310.670623779
236.000000000 310.670623779
235.000000000 310.670623779
234.000000000 310.670623779
233.000000000 310.670623779
232.000000000 326.207885742
231.000000000 326.207885742
230.000000000 326.207885742
229.000000000 326.207885742
228.000000000 326.207885742
227.000000000 326.207885742
226.000000000 326.207885742
225.000000000 326.207885742
224.000000000 326.207885742
223.000000000 326.207885742
222.000000000 326.207885742
221.000000000 326.207885742
220.000000000 342.132598877
219.000000000 342.132598877
218.000000000 342.132598877
217.000000000 342.132598877
216.000000000 342.132598877
215.000000000 342.132598877
214.000000000 342.132598877
213.000000000 342.132598877
212.000000000 361.613464355
211.000000000 361.613464355
210.000000000 361.613464355
209.000000000 361.613464355
208.000000000 379.064819336
207.000000000 379.064819336
206.000000000 379.064819336
205.000000000 379.064819336
204.000000000 397.331329346
203.000000000 397.331329346
202.000000000 397.331329346
201.000000000 417.386962891
200.000000000 417.386962891
199.000000000 417.386962891
198.000000000 448.402862549
197.000000000 448.402862549
196.000000000 478.501068115
195.000000000 501.070465088
194.000000000 526.586059570
193.000000000 563.110778809
192.000000000 609.034301758
191.000000000 675.711791992
190.000000000 766.791015625
