250.000000000 318.934753418
249.000000000 318.934753418
248.000000000 318.934753418
247.000000000 318.934753418
246.000000000 318.934753418
245.000000000 318.934753418
244.000000000 318.934753418
243.000000000 318.934753418
242.000000000 318.934753418
241.000000000 318.934753418
240.000000000 318.934753418
239.000000000 318.934753418
238.000000000 318.934753418
237.000000000 318.934753418
236.000000000 318.934753418
235.000000000 318.934753418
234.000000000 318.934753418
233.000000000 318.934753418
232.000000000 318.934753418
231.000000000 335.411560059
230.000000000 335.411560059
229.000000000 335.411560059
228.000000000 335.411560059
227.000000000 335.411560059
226.000000000 335.411560059
225.000000000 335.411560059
224.000000000 335.411560059
223.000000000 335.411560059
222.000000000 335.411560059
221.000000000 335.411560059
220.000000000 352.144348145
219.000000000 352.144348145
218.000000000 352.144348145
217.000000000 352.144348145
216.000000000 352.144348145
215.000000000 352.144348145
214.000000000 352.144348145
213.000000000 369.485687256
212.000000000 369.485687256
211.000000000 369.485687256
210.000000000 369.485687256
209.000000000 390.817260742
208.000000000 390.817260742
207.000000000 390.817260742
206.000000000 390.817260742
205.000000000 411.433288574
204.000000000 411.433288574
203.000000000 411.433288574
202.000000000 432.631774902
201.000000000 432.631774902
200.000000000 458.551239014
199.000000000 458.551239014
198.000000000 499.341430664
197.000000000 526.066223145
196.000000000 563.083190918
195.000000000 612.212890625
194.000000000 668.594665527
193.000000000 744.481811523
192.000000000 828.439880371
191.000000000 902.184020996
190.000000000 902.184020996
