250.000000000 318.934753418
249.000000000 318.934753418
248.000000000 318.934753418
247.000000000 318.934753418
246.000000000 318.934753418
245.000000000 318.934753418
244.000000000 318.934753418
243.000000000 318.934753418
242.000000000 318.934753418
241.000000000 318.934753418
240.000000000 318.934753418
239.000000000 318.934753418
238.000000000 318.934753418
237.000000000 318.934753418
236.000000000 318.934753418
235.000000000 318.934753418
234.000000000 318.934753418
233.000000000 318.934753418
232.000000000 334.552368164
231.000000000 334.552368164
230.000000000 334.552368164
229.000000000 334.552368164
228.000000000 334.552368164
227.000000000 334.552368164
226.000000000 334.552368164
225.000000000 334.552368164
224.000000000 334.552368164
223.000000000 334.552368164
222.000000000 334.552368164
221.000000000 334.552368164
220.000000000 350.736114502
219.000000000 350.736114502
218.000000000 350.736114502
217.000000000 350.736114502
216.000000000 350.736114502
215.000000000 350.736114502
214.000000000 350.736114502
213.000000000 350.736114502
212.000000000 370.789489746
211.000000000 370.789489746
210.000000000 370.789489746
209.000000000 370.789489746
208.000000000 392.522552490
207.000000000 392.522552490
206.000000000 392.522552490
205.000000000 392.522552490
204.000000000 412.124877930
203.000000000 412.124877930
202.000000000 412.124877930
201.000000000 432.893493652
200.000000000 432.893493652
199.000000000 456.372009277
198.000000000 456.372009277
197.000000000 492.399108887
196.000000000 518.838134766
195.000000000 555.153930664
194.000000000 597.046142578
193.000000000 653.824768066
192.000000000 726.695007324
191.000000000 813.202331543
190.000000000 889.502624512
