250.000000000 318.934753418
249.000000000 318.934753418
248.000000000 318.934753418
247.000000000 318.934753418
246.000000000 318.934753418
245.000000000 318.934753418
244.000000000 318.934753418
243.000000000 318.934753418
242.000000000 318.934753418
241.000000000 318.934753418
240.000000000 318.934753418
239.000000000 318.934753418
238.000000000 318.934753418
237.000000000 318.934753418
236.000000000 318.934753418
235.000000000 318.934753418
234.000000000 318.934753418
233.000000000 318.934753418
232.000000000 318.934753418
231.000000000 318.934753418
230.000000000 336.265960693
229.000000000 336.265960693
228.000000000 336.265960693
227.000000000 336.265960693
226.000000000 336.265960693
225.000000000 336.265960693
224.000000000 336.265960693
223.000000000 336.265960693
222.000000000 336.265960693
221.000000000 336.265960693
220.000000000 336.265960693
219.000000000 354.462921143
218.000000000 354.462921143
217.000000000 354.462921143
216.000000000 354.462921143
215.000000000 354.462921143
214.000000000 354.462921143
213.000000000 354.462921143
212.000000000 373.611450195
211.000000000 373.611450195
210.000000000 373.611450195
209.000000000 373.611450195
208.000000000 397.627288818
207.000000000 397.627288818
206.000000000 397.627288818
205.000000000 397.627288818
204.000000000 422.631958008
203.000000000 422.631958008
202.000000000 422.631958008
201.000000000 454.560089111
200.000000000 454.560089111
199.000000000 497.998535156
198.000000000 528.027038574
197.000000000 566.005859375
196.000000000 617.609375000
195.000000000 682.955261230
194.000000000 765.127380371
193.000000000 865.685119629
192.000000000 973.090576172
191.000000000 1045.291625977
190.000000000 1045.291625977
