250.000000000 318.934753418
249.000000000 318.934753418
248.000000000 318.934753418
247.000000000 318.934753418
246.000000000 318.934753418
245.000000000 318.934753418
244.000000000 318.934753418
243.000000000 318.934753418
242.000000000 318.934753418
241.000000000 318.934753418
240.000000000 318.934753418
239.000000000 318.934753418
238.000000000 318.934753418
237.000000000 318.934753418
236.000000000 318.934753418
235.000000000 318.934753418
234.000000000 318.934753418
233.000000000 318.934753418
232.000000000 318.934753418
231.000000000 335.128082275
230.000000000 335.128082275
229.000000000 335.128082275
228.000000000 335.128082275
227.000000000 335.128082275
226.000000000 335.128082275
225.000000000 335.128082275
224.000000000 335.128082275
223.000000000 335.128082275
222.000000000 335.128082275
221.000000000 335.128082275
220.000000000 335.128082275
219.000000000 352.292297363
218.000000000 352.292297363
217.000000000 352.292297363
216.000000000 352.292297363
215.000000000 352.292297363
214.000000000 352.292297363
213.000000000 352.292297363
212.000000000 370.908142090
211.000000000 370.908142090
210.000000000 370.908142090
209.000000000 370.908142090
208.000000000 393.526855469
207.000000000 393.526855469
206.000000000 393.526855469
205.000000000 393.526855469
204.000000000 393.526855469
203.000000000 417.684570312
202.000000000 417.684570312
201.000000000 417.684570312
200.000000000 443.812774658
199.000000000 443.812774658
198.000000000 472.717987061
197.000000000 472.717987061
196.000000000 520.136047363
195.000000000 553.331237793
194.000000000 597.036560059
193.000000000 654.541625977
192.000000000 726.367858887
191.000000000 815.215881348
190.000000000 888.654785156
