250.000000000 310.670623779
249.000000000 310.670623779
248.000000000 310.670623779
247.000000000 310.670623779
246.000000000 310.670623779
245.000000000 310.670623779
244.000000000 310.670623779
243.000000000 310.670623779
242.000000000 310.670623779
241.000000000 310.670623779
240.000000000 310.670623779
239.000000000 310.670623779
238.000000000 310.670623779
237.000000000 310.670623779
236.000000000 310.670623779
235.000000000 310.670623779
234.000000000 310.670623779
233.000000000 326.235473633
232.000000000 326.235473633
231.000000000 326.235473633
230.000000000 326.235473633
229.000000000 326.235473633
228.000000000 326.235473633
227.000000000 326.235473633
226.000000000 326.235473633
225.000000000 326.235473633
224.000000000 326.235473633
223.000000000 326.235473633
222.000000000 326.235473633
221.000000000 326.235473633
220.000000000 343.368713379
219.000000000 343.368713379
218.000000000 343.368713379
217.000000000 343.368713379
216.000000000 343.368713379
215.000000000 343.368713379
214.000000000 343.368713379
213.000000000 343.368713379
212.000000000 361.612670898
211.000000000 361.612670898
210.000000000 361.612670898
209.000000000 361.612670898
208.000000000 379.800201416
207.000000000 379.800201416
206.000000000 379.800201416
205.000000000 379.800201416
204.000000000 400.210479736
203.000000000 400.210479736
202.000000000 400.210479736
201.000000000 422.035675049
200.000000000 422.035675049
199.000000000 447.111389160
198.000000000 447.111389160
197.000000000 482.369934082
196.000000000 506.053771973
195.000000000 539.591125488
194.000000000 578.104370117
193.000000000 630.932067871
192.000000000 698.699523926
191.000000000 782.365905762
190.000000000 858.270629883
