250.000000000 318.934753418
249.000000000 318.934753418
248.000000000 318.934753418
247.000000000 318.934753418
246.000000000 318.934753418
245.000000000 318.934753418
244.000000000 318.934753418
243.000000000 318.934753418
242.000000000 318.934753418
241.000000000 318.934753418
240.000000000 318.934753418
239.000000000 318.934753418
238.000000000 318.934753418
237.000000000 318.934753418
236.000000000 318.934753418
235.000000000 318.934753418
234.000000000 318.934753418
233.000000000 318.934753418
232.000000000 318.934753418
231.000000000 334.381958008
230.000000000 334.381958008
229.000000000 334.381958008
228.000000000 334.381958008
227.000000000 334.381958008
226.000000000 334.381958008
225.000000000 334.381958008
224.000000000 334.381958008
223.000000000 334.381958008
222.000000000 334.381958008
221.000000000 334.381958008
220.000000000 334.381958008
219.000000000 352.457977295
218.000000000 352.457977295
217.000000000 352.457977295
216.000000000 352.457977295
215.000000000 352.457977295
214.000000000 352.457977295
213.000000000 352.457977295
212.000000000 371.978485107
211.000000000 371.978485107
210.000000000 371.978485107
209.000000000 371.978485107
208.000000000 391.877349854
207.000000000 391.877349854
206.000000000 391.877349854
205.000000000 391.877349854
204.000000000 413.397399902
203.000000000 413.397399902
202.000000000 413.397399902
201.000000000 436.383270264
200.000000000 436.383270264
199.000000000 466.280029297
198.000000000 466.280029297
197.000000000 509.445404053
196.000000000 543.615417480
195.000000000 584.508178711
194.000000000 636.007812500
193.000000000 706.291442871
192.000000000 787.231750488
191.000000000 869.080932617
190.000000000 921.072937012
