250.000000000 310.670623779
249.000000000 310.670623779
248.000000000 310.670623779
247.000000000 310.670623779
246.000000000 310.670623779
245.000000000 310.670623779
244.000000000 310.670623779
243.000000000 310.670623779
242.000000000 310.670623779
241.000000000 310.670623779
240.000000000 310.670623779
239.000000000 310.670623779
238.000000000 310.670623779
237.000000000 326.321533203
236.000000000 326.321533203
235.000000000 326.321533203
234.000000000 326.321533203
233.000000000 326.321533203
232.000000000 326.321533203
231.000000000 326.321533203
230.000000000 326.321533203
229.000000000 326.321533203
228.000000000 326.321533203
227.000000000 326.321533203
226.000000000 326.321533203
225.000000000 326.321533203
224.000000000 342.863403320
223.000000000 342.863403320
222.000000000 342.863403320
221.000000000 342.863403320
220.000000000 342.863403320
219.000000000 342.863403320
218.000000000 342.863403320
217.000000000 342.863403320
216.000000000 342.863403320
215.000000000 362.096221924
214.000000000 362.096221924
213.000000000 362.096221924
212.000000000 362.096221924
211.000000000 379.634582520
210.000000000 379.634582520
209.000000000 379.634582520
208.000000000 398.967956543
207.000000000 398.967956543
206.000000000 398.967956543
205.000000000 422.260070801
204.000000000 422.260070801
203.000000000 444.611206055
202.000000000 444.611206055
201.000000000 481.574584961
200.000000000 510.336334229
199.000000000 548.157104492
198.000000000 595.991271973
197.000000000 655.437011719
196.000000000 734.537658691
195.000000000 831.939758301
194.000000000 937.970703125
193.000000000 1040.461181641
192.000000000 1040.461181641
191.000000000 1098.610107422
190.000000000 1098.610107422
