250.000000000 318.934753418
249.000000000 318.934753418
248.000000000 318.934753418
247.000000000 318.934753418
246.000000000 318.934753418
245.000000000 318.934753418
244.000000000 318.934753418
243.000000000 318.934753418
242.000000000 318.934753418
241.000000000 318.934753418
240.000000000 318.934753418
239.000000000 318.934753418
238.000000000 318.934753418
237.000000000 318.934753418
236.000000000 318.934753418
235.000000000 318.934753418
234.000000000 318.934753418
233.000000000 318.934753418
232.000000000 318.934753418
231.000000000 334.592590332
230.000000000 334.592590332
229.000000000 334.592590332
228.000000000 334.592590332
227.000000000 334.592590332
226.000000000 334.592590332
225.000000000 334.592590332
224.000000000 334.592590332
223.000000000 334.592590332
222.000000000 334.592590332
221.000000000 334.592590332
220.000000000 350.901000977
219.000000000 350.901000977
218.000000000 350.901000977
217.000000000 350.901000977
216.000000000 350.901000977
215.000000000 350.901000977
214.000000000 350.901000977
213.000000000 350.901000977
212.000000000 371.812591553
211.000000000 371.812591553
210.000000000 371.812591553
209.000000000 371.812591553
208.000000000 392.451629639
207.000000000 392.451629639
206.000000000 392.451629639
205.000000000 392.451629639
204.000000000 392.451629639
203.000000000 415.672698975
202.000000000 415.672698975
201.000000000 415.672698975
200.000000000 439.671356201
199.000000000 439.671356201
198.000000000 464.765716553
197.000000000 464.765716553
196.000000000 506.436767578
195.000000000 539.131774902
194.000000000 576.579833984
193.000000000 627.383666992
192.000000000 694.824890137
191.000000000 775.631042480
190.000000000 862.938598633
