250.000000000 310.670623779
249.000000000 310.670623779
248.000000000 310.670623779
247.000000000 310.670623779
246.000000000 310.670623779
245.000000000 310.670623779
244.000000000 310.670623779
243.000000000 310.670623779
242.000000000 310.670623779
241.000000000 310.670623779
240.000000000 310.670623779
239.000000000 310.670623779
238.000000000 310.670623779
237.000000000 310.670623779
236.000000000 310.670623779
235.000000000 310.670623779
234.000000000 310.670623779
233.000000000 325.782409668
232.000000000 325.782409668
231.000000000 325.782409668
230.000000000 325.782409668
229.000000000 325.782409668
228.000000000 325.782409668
227.000000000 325.782409668
226.000000000 325.782409668
225.000000000 325.782409668
224.000000000 325.782409668
223.000000000 325.782409668
222.000000000 325.782409668
221.000000000 325.782409668
220.000000000 342.266937256
219.000000000 342.266937256
218.000000000 342.266937256
217.000000000 342.266937256
216.000000000 342.266937256
215.000000000 342.266937256
214.000000000 342.266937256
213.000000000 342.266937256
212.000000000 360.436645508
211.000000000 360.436645508
210.000000000 360.436645508
209.000000000 360.436645508
208.000000000 378.960815430
207.000000000 378.960815430
206.000000000 378.960815430
205.000000000 378.960815430
204.000000000 398.734039307
203.000000000 398.734039307
202.000000000 398.734039307
201.000000000 419.165924072
200.000000000 419.165924072
199.000000000 442.304412842
198.000000000 442.304412842
197.000000000 472.893188477
196.000000000 496.041534424
195.000000000 525.985473633
194.000000000 559.939086914
193.000000000 606.496948242
192.000000000 669.032775879
191.000000000 747.618469238
190.000000000 832.425720215
