250.000000000 318.934753418
249.000000000 318.934753418
248.000000000 318.934753418
247.000000000 318.934753418
246.000000000 318.934753418
245.000000000 318.934753418
244.000000000 318.934753418
243.000000000 318.934753418
242.000000000 318.934753418
241.000000000 318.934753418
240.000000000 318.934753418
239.000000000 318.934753418
238.000000000 318.934753418
237.000000000 318.934753418
236.000000000 318.934753418
235.000000000 318.934753418
234.000000000 318.934753418
233.000000000 318.934753418
232.000000000 318.934753418
231.000000000 318.934753418
230.000000000 334.943542480
229.000000000 334.943542480
228.000000000 334.943542480
227.000000000 334.943542480
226.000000000 334.943542480
225.000000000 334.943542480
224.000000000 334.943542480
223.000000000 334.943542480
222.000000000 334.943542480
221.000000000 334.943542480
220.000000000 351.371337891
219.000000000 351.371337891
218.000000000 351.371337891
217.000000000 351.371337891
216.000000000 351.371337891
215.000000000 351.371337891
214.000000000 351.371337891
213.000000000 368.381439209
212.000000000 368.381439209
211.000000000 368.381439209
210.000000000 368.381439209
209.000000000 387.979827881
208.000000000 387.979827881
207.000000000 387.979827881
206.000000000 387.979827881
205.000000000 409.095916748
204.000000000 409.095916748
203.000000000 409.095916748
202.000000000 429.376892090
201.000000000 429.376892090
200.000000000 454.952667236
199.000000000 454.952667236
198.000000000 494.558990479
197.000000000 522.662963867
196.000000000 558.119384766
195.000000000 604.157226562
194.000000000 661.487060547
193.000000000 738.924987793
192.000000000 822.379272461
191.000000000 897.207580566
190.000000000 943.309265137
