250.000000000 318.934753418
249.000000000 318.934753418
248.000000000 318.934753418
247.000000000 318.934753418
246.000000000 318.934753418
245.000000000 318.934753418
244.000000000 318.934753418
243.000000000 318.934753418
242.000000000 318.934753418
241.000000000 318.934753418
240.000000000 318.934753418
239.000000000 318.934753418
238.000000000 318.934753418
237.000000000 318.934753418
236.000000000 318.934753418
235.000000000 318.934753418
234.000000000 318.934753418
233.000000000 318.934753418
232.000000000 335.013946533
231.000000000 335.013946533
230.000000000 335.013946533
229.000000000 335.013946533
228.000000000 335.013946533
227.000000000 335.013946533
226.000000000 335.013946533
225.000000000 335.013946533
224.000000000 335.013946533
223.000000000 335.013946533
222.000000000 335.013946533
221.000000000 351.668365479
220.000000000 351.668365479
219.000000000 351.668365479
218.000000000 351.668365479
217.000000000 351.668365479
216.000000000 351.668365479
215.000000000 351.668365479
214.000000000 351.668365479
213.000000000 372.885772705
212.000000000 372.885772705
211.000000000 372.885772705
210.000000000 372.885772705
209.000000000 394.577056885
208.000000000 394.577056885
207.000000000 394.577056885
206.000000000 415.447448730
205.000000000 415.447448730
204.000000000 415.447448730
203.000000000 439.150207520
202.000000000 439.150207520
201.000000000 468.046142578
200.000000000 492.092956543
199.000000000 520.644409180
198.000000000 560.232055664
197.000000000 605.138671875
196.000000000 668.657104492
195.000000000 743.798522949
194.000000000 839.268798828
193.000000000 937.302185059
192.000000000 1003.277465820
191.000000000 1003.277465820
190.000000000 1003.277465820
