250.000000000 310.670623779
249.000000000 310.670623779
248.000000000 310.670623779
247.000000000 310.670623779
246.000000000 310.670623779
245.000000000 310.670623779
244.000000000 310.670623779
243.000000000 310.670623779
242.000000000 310.670623779
241.000000000 310.670623779
240.000000000 310.670623779
239.000000000 310.670623779
238.000000000 310.670623779
237.000000000 310.670623779
236.000000000 325.284637451
235.000000000 325.284637451
234.000000000 325.284637451
233.000000000 325.284637451
232.000000000 325.284637451
231.000000000 325.284637451
230.000000000 325.284637451
229.000000000 325.284637451
228.000000000 325.284637451
227.000000000 325.284637451
226.000000000 325.284637451
225.000000000 325.284637451
224.000000000 325.284637451
223.000000000 341.816467285
222.000000000 341.816467285
221.000000000 341.816467285
220.000000000 341.816467285
219.000000000 341.816467285
218.000000000 341.816467285
217.000000000 341.816467285
216.000000000 341.816467285
215.000000000 341.816467285
214.000000000 360.861480713
213.000000000 360.861480713
212.000000000 360.861480713
211.000000000 360.861480713
210.000000000 360.861480713
209.000000000 382.528472900
208.000000000 382.528472900
207.000000000 382.528472900
206.000000000 382.528472900
205.000000000 405.908569336
204.000000000 405.908569336
203.000000000 405.908569336
202.000000000 430.828369141
201.000000000 430.828369141
200.000000000 458.906219482
199.000000000 480.864379883
198.000000000 505.323028564
197.000000000 534.096008301
196.000000000 574.870971680
195.000000000 625.487976074
194.000000000 688.477294922
193.000000000 771.432128906
192.000000000 882.952392578
191.000000000 996.982788086
190.000000000 1086.793334961
