250.000000000 310.670623779
249.000000000 310.670623779
248.000000000 310.670623779
247.000000000 310.670623779
246.000000000 310.670623779
245.000000000 310.670623779
244.000000000 310.670623779
243.000000000 310.670623779
242.000000000 310.670623779
241.000000000 310.670623779
240.000000000 310.670623779
239.000000000 310.670623779
238.000000000 310.670623779
237.000000000 310.670623779
236.000000000 310.670623779
235.000000000 310.670623779
234.000000000 310.670623779
233.000000000 326.642242432
232.000000000 326.642242432
231.000000000 326.642242432
230.000000000 326.642242432
229.000000000 326.642242432
228.000000000 326.642242432
227.000000000 326.642242432
226.000000000 326.642242432
225.000000000 326.642242432
224.000000000 326.642242432
223.000000000 326.642242432
222.000000000 326.642242432
221.000000000 343.219268799
220.000000000 343.219268799
219.000000000 343.219268799
218.000000000 343.219268799
217.000000000 343.219268799
216.000000000 343.219268799
215.000000000 343.219268799
214.000000000 343.219268799
213.000000000 359.757781982
212.000000000 359.757781982
211.000000000 359.757781982
210.000000000 359.757781982
209.000000000 378.362701416
208.000000000 378.362701416
207.000000000 378.362701416
206.000000000 378.362701416
205.000000000 400.236907959
204.000000000 400.236907959
203.000000000 400.236907959
202.000000000 419.470428467
201.000000000 419.470428467
200.000000000 443.495635986
199.000000000 443.495635986
198.000000000 474.093322754
197.000000000 498.570251465
196.000000000 526.492736816
195.000000000 562.960449219
194.000000000 610.061645508
193.000000000 673.799865723
192.000000000 753.364135742
191.000000000 861.632873535
190.000000000 999.210754395
