250.000000000 318.934753418
249.000000000 318.934753418
248.000000000 318.934753418
247.000000000 318.934753418
246.000000000 318.934753418
245.000000000 318.934753418
244.000000000 318.934753418
243.000000000 318.934753418
242.000000000 318.934753418
241.000000000 318.934753418
240.000000000 318.934753418
239.000000000 318.934753418
238.000000000 318.934753418
237.000000000 318.934753418
236.000000000 318.934753418
235.000000000 318.934753418
234.000000000 318.934753418
233.000000000 318.934753418
232.000000000 318.934753418
231.000000000 334.346923828
230.000000000 334.346923828
229.000000000 334.346923828
228.000000000 334.346923828
227.000000000 334.346923828
226.000000000 334.346923828
225.000000000 334.346923828
224.000000000 334.346923828
223.000000000 334.346923828
222.000000000 334.346923828
221.000000000 334.346923828
220.000000000 350.674865723
219.000000000 350.674865723
218.000000000 350.674865723
217.000000000 350.674865723
216.000000000 350.674865723
215.000000000 350.674865723
214.000000000 350.674865723
213.000000000 367.587066650
212.000000000 367.587066650
211.000000000 367.587066650
210.000000000 367.587066650
209.000000000 367.587066650
208.000000000 390.186248779
207.000000000 390.186248779
206.000000000 390.186248779
205.000000000 390.186248779
204.000000000 390.186248779
203.000000000 414.779693604
202.000000000 414.779693604
201.000000000 414.779693604
200.000000000 436.911376953
199.000000000 436.911376953
198.000000000 460.427886963
197.000000000 460.427886963
196.000000000 498.417877197
195.000000000 526.456726074
194.000000000 560.322937012
193.000000000 607.740112305
192.000000000 667.526123047
191.000000000 748.117858887
190.000000000 837.011962891
