250.000000000 310.670623779
249.000000000 310.670623779
248.000000000 310.670623779
247.000000000 310.670623779
246.000000000 310.670623779
245.000000000 310.670623779
244.000000000 310.670623779
243.000000000 310.670623779
242.000000000 310.670623779
241.000000000 310.670623779
240.000000000 310.670623779
239.000000000 310.670623779
238.000000000 310.670623779
237.000000000 310.670623779
236.000000000 310.670623779
235.000000000 325.748443604
234.000000000 325.748443604
233.000000000 325.748443604
232.000000000 325.748443604
231.000000000 325.748443604
230.000000000 325.748443604
229.000000000 325.748443604
228.000000000 325.748443604
227.000000000 325.748443604
226.000000000 325.748443604
225.000000000 325.748443604
224.000000000 325.748443604
223.000000000 325.748443604
222.000000000 342.401947021
221.000000000 342.401947021
220.000000000 342.401947021
219.000000000 342.401947021
218.000000000 342.401947021
217.000000000 342.401947021
216.000000000 342.401947021
215.000000000 342.401947021
214.000000000 358.446197510
213.000000000 358.446197510
212.000000000 358.446197510
211.000000000 358.446197510
210.000000000 358.446197510
209.000000000 379.074798584
208.000000000 379.074798584
207.000000000 379.074798584
206.000000000 397.408294678
205.000000000 397.408294678
204.000000000 397.408294678
203.000000000 397.408294678
202.000000000 422.968566895
201.000000000 422.968566895
200.000000000 447.150085449
199.000000000 447.150085449
198.000000000 483.915222168
197.000000000 510.624694824
196.000000000 544.135498047
195.000000000 584.583496094
194.000000000 634.005920410
193.000000000 706.421203613
192.000000000 795.786437988
191.000000000 912.235473633
190.000000000 1034.581665039
