250.000000000 310.670623779
249.000000000 310.670623779
248.000000000 310.670623779
247.000000000 310.670623779
246.000000000 310.670623779
245.000000000 310.670623779
244.000000000 310.670623779
243.000000000 310.670623779
242.000000000 310.670623779
241.000000000 310.670623779
240.000000000 310.670623779
239.000000000 310.670623779
238.000000000 310.670623779
237.000000000 310.670623779
236.000000000 310.670623779
235.000000000 310.670623779
234.000000000 310.670623779
233.000000000 325.316406250
232.000000000 325.316406250
231.000000000 325.316406250
230.000000000 325.316406250
229.000000000 325.316406250
228.000000000 325.316406250
227.000000000 325.316406250
226.000000000 325.316406250
225.000000000 325.316406250
224.000000000 325.316406250
223.000000000 325.316406250
222.000000000 325.316406250
221.000000000 325.316406250
220.000000000 341.976074219
219.000000000 341.976074219
218.000000000 341.976074219
217.000000000 341.976074219
216.000000000 341.976074219
215.000000000 341.976074219
214.000000000 341.976074219
213.000000000 341.976074219
212.000000000 360.645690918
211.000000000 360.645690918
210.000000000 360.645690918
209.000000000 360.645690918
208.000000000 360.645690918
207.000000000 382.299743652
206.000000000 382.299743652
205.000000000 382.299743652
204.000000000 382.299743652
203.000000000 403.030883789
202.000000000 403.030883789
201.000000000 403.030883789
200.000000000 426.582977295
199.000000000 426.582977295
198.000000000 449.995605469
197.000000000 449.995605469
196.000000000 486.245391846
195.000000000 512.582702637
194.000000000 543.574157715
193.000000000 585.077270508
192.000000000 640.553588867
191.000000000 711.274108887
190.000000000 788.270751953
