250.000000000 310.670623779
249.000000000 310.670623779
248.000000000 310.670623779
247.000000000 310.670623779
246.000000000 310.670623779
245.000000000 310.670623779
244.000000000 310.670623779
243.000000000 310.670623779
242.000000000 310.670623779
241.000000000 310.670623779
240.000000000 310.670623779
239.000000000 310.670623779
238.000000000 310.670623779
237.000000000 310.670623779
236.000000000 310.670623779
235.000000000 310.670623779
234.000000000 310.670623779
233.000000000 326.019866943
232.000000000 326.019866943
231.000000000 326.019866943
230.000000000 326.019866943
229.000000000 326.019866943
228.000000000 326.019866943
227.000000000 326.019866943
226.000000000 326.019866943
225.000000000 326.019866943
224.000000000 326.019866943
223.000000000 326.019866943
222.000000000 326.019866943
221.000000000 341.962310791
220.000000000 341.962310791
219.000000000 341.962310791
218.000000000 341.962310791
217.000000000 341.962310791
216.000000000 341.962310791
215.000000000 341.962310791
214.000000000 341.962310791
213.000000000 359.110046387
212.000000000 359.110046387
211.000000000 359.110046387
210.000000000 359.110046387
209.000000000 359.110046387
208.000000000 379.334747314
207.000000000 379.334747314
206.000000000 379.334747314
205.000000000 379.334747314
204.000000000 399.244415283
203.000000000 399.244415283
202.000000000 399.244415283
201.000000000 421.756439209
200.000000000 421.756439209
199.000000000 446.740051270
198.000000000 446.740051270
197.000000000 481.881652832
196.000000000 507.805572510
195.000000000 537.486938477
194.000000000 578.905212402
193.000000000 630.040832520
192.000000000 699.027221680
191.000000000 781.032043457
190.000000000 863.694396973
