250.000000000 318.934753418
249.000000000 318.934753418
248.000000000 318.934753418
247.000000000 318.934753418
246.000000000 318.934753418
245.000000000 318.934753418
244.000000000 318.934753418
243.000000000 318.934753418
242.000000000 318.934753418
241.000000000 318.934753418
240.000000000 318.934753418
239.000000000 318.934753418
238.000000000 318.934753418
237.000000000 318.934753418
236.000000000 318.934753418
235.000000000 318.934753418
234.000000000 318.934753418
233.000000000 318.934753418
232.000000000 318.934753418
231.000000000 318.934753418
230.000000000 335.611907959
229.000000000 335.611907959
228.000000000 335.611907959
227.000000000 335.611907959
226.000000000 335.611907959
225.000000000 335.611907959
224.000000000 335.611907959
223.000000000 335.611907959
222.000000000 335.611907959
221.000000000 335.611907959
220.000000000 335.611907959
219.000000000 352.526275635
218.000000000 352.526275635
217.000000000 352.526275635
216.000000000 352.526275635
215.000000000 352.526275635
214.000000000 352.526275635
213.000000000 352.526275635
212.000000000 372.477783203
211.000000000 372.477783203
210.000000000 372.477783203
209.000000000 372.477783203
208.000000000 393.460174561
207.000000000 393.460174561
206.000000000 393.460174561
205.000000000 393.460174561
204.000000000 415.302429199
203.000000000 415.302429199
202.000000000 415.302429199
201.000000000 440.160705566
200.000000000 440.160705566
199.000000000 472.433410645
198.000000000 472.433410645
197.000000000 522.118103027
196.000000000 558.474121094
195.000000000 604.915100098
194.000000000 664.515808105
193.000000000 736.738220215
192.000000000 828.725219727
191.000000000 909.290771484
190.000000000 909.290771484
