250.000000000 -0.523491025
249.000000000 -0.868200125
248.000000000 -0.859805813
247.000000000 -0.940102787
246.000000000 -0.721673731
245.000000000 -0.627315507
244.000000000 -0.998666524
243.000000000 -0.916186649
242.000000000 -1.243522332
241.000000000 -1.053489971
240.000000000 -0.911683445
239.000000000 -1.187882218
238.000000000 -1.219576315
237.000000000 -1.747277406
236.000000000 -1.517156387
235.000000000 -1.768597889
234.000000000 -1.829737034
233.000000000 -1.874175169
232.000000000 -2.167363721
231.000000000 -2.597160446
230.000000000 -2.765881270
229.000000000 -2.624660304
228.000000000 -2.969461812
227.000000000 -3.144351135
226.000000000 -3.061830146
225.000000000 -3.519215278
224.000000000 -3.794058666
223.000000000 -3.569306453
222.000000000 -3.637629610
221.000000000 -3.572059526
220.000000000 -3.629117097
219.000000000 -3.586961272
218.000000000 -4.068191301
217.000000000 -4.221722138
216.000000000 -4.040283998
215.000000000 -3.660540190
214.000000000 -3.760019809
213.000000000 -4.188040596
212.000000000 -3.390189102
211.000000000 -3.477857174
210.000000000 -3.925813513
209.000000000 -3.999930609
208.000000000 -3.840341334
207.000000000 -3.601985391
206.000000000 -3.499739406
205.000000000 -2.906336873
204.000000000 -2.901243062
203.000000000 -2.259791751
202.000000000 -1.587749180
201.000000000 -1.810267543
200.000000000 0.136544748
199.000000000 -0.579165056
198.000000000 1.628908341
197.000000000 0.812041770
196.000000000 3.126603852
195.000000000 -0.609701004
194.000000000 10.350859421
193.000000000 12.986277401
192.000000000 30.941994386
191.000000000 18.632601863
190.000000000 7.267383595
