250.000000000 -0.661601567
249.000000000 -0.745067958
248.000000000 -0.559143562
247.000000000 -0.813996980
246.000000000 -0.732505817
245.000000000 -0.981426569
244.000000000 -0.890323868
243.000000000 -0.773882673
242.000000000 -0.828979083
241.000000000 -1.044198455
240.000000000 -1.170288840
239.000000000 -1.108505858
238.000000000 -1.251719855
237.000000000 -1.471572066
236.000000000 -1.622133040
235.000000000 -1.637125905
234.000000000 -1.759555562
233.000000000 -2.195053055
232.000000000 -2.431592617
231.000000000 -2.420977887
230.000000000 -2.725151470
229.000000000 -2.858145351
228.000000000 -2.754353826
227.000000000 -3.348885462
226.000000000 -3.501337553
225.000000000 -3.594692991
224.000000000 -3.753457820
223.000000000 -3.690642343
222.000000000 -3.817354552
221.000000000 -3.830009461
220.000000000 -4.028944865
219.000000000 -4.325441561
218.000000000 -4.084314902
217.000000000 -3.840617508
216.000000000 -4.173827065
215.000000000 -4.148733036
214.000000000 -4.029952404
213.000000000 -3.990344840
212.000000000 -4.295743978
211.000000000 -4.284203210
210.000000000 -4.088325874
209.000000000 -4.394643647
208.000000000 -4.076199041
207.000000000 -4.109020819
206.000000000 -3.595514043
205.000000000 -3.705488006
204.000000000 -3.372289346
203.000000000 -2.773712071
202.000000000 -2.422883114
201.000000000 -1.702869712
200.000000000 -0.852231809
199.000000000 -0.445902281
198.000000000 1.159659660
197.000000000 0.248062515
196.000000000 1.671363695
195.000000000 1.516210085
194.000000000 1.579643547
193.000000000 2.761020048
192.000000000 4.586959548
191.000000000 2.353359889
190.000000000 1.767116485
