250.000000000 -0.703420113
249.000000000 -1.021373825
248.000000000 -0.756198045
247.000000000 -0.907415350
246.000000000 -1.029647151
245.000000000 -1.045055408
244.000000000 -1.159766031
243.000000000 -1.069126370
242.000000000 -1.309341186
241.000000000 -1.196442957
240.000000000 -1.600031195
239.000000000 -1.557388065
238.000000000 -2.159364839
237.000000000 -1.892329358
236.000000000 -2.268819952
235.000000000 -2.638356524
234.000000000 -2.883004115
233.000000000 -3.232725764
232.000000000 -3.677277286
231.000000000 -3.997509119
230.000000000 -4.013134619
229.000000000 -4.479242412
228.000000000 -4.769706867
227.000000000 -4.859930544
226.000000000 -4.946901539
225.000000000 -5.205281354
224.000000000 -5.411161061
223.000000000 -5.301406357
222.000000000 -5.285286103
221.000000000 -5.513111147
220.000000000 -5.544765040
219.000000000 -5.447595821
218.000000000 -5.665727280
217.000000000 -5.570125265
216.000000000 -5.373738360
215.000000000 -5.446783997
214.000000000 -5.075765057
213.000000000 -5.288224812
212.000000000 -5.605289004
211.000000000 -5.183583691
210.000000000 -5.028111409
209.000000000 -4.778688409
208.000000000 -4.466631640
207.000000000 -3.969104935
206.000000000 -3.599894295
205.000000000 -2.388430768
204.000000000 -1.554677519
203.000000000 -0.980055231
202.000000000 -0.074000551
201.000000000 1.715002699
200.000000000 3.037185135
199.000000000 4.260157383
198.000000000 4.796879024
197.000000000 6.432756417
196.000000000 7.331689258
195.000000000 7.703072028
194.000000000 4.869417085
193.000000000 5.920037081
192.000000000 10.079418305
191.000000000 0.242561894
190.000000000 -7.820885599
