250.000000000 -0.777645819
249.000000000 -0.713038139
248.000000000 -0.778975500
247.000000000 -0.617336892
246.000000000 -0.739401175
245.000000000 -0.691487880
244.000000000 -1.042846020
243.000000000 -0.847528022
242.000000000 -0.925830831
241.000000000 -0.894111430
240.000000000 -1.120236312
239.000000000 -1.149710793
238.000000000 -1.363429361
237.000000000 -1.502824585
236.000000000 -1.444673171
235.000000000 -1.732989447
234.000000000 -1.705104486
233.000000000 -2.030368427
232.000000000 -1.840216938
231.000000000 -2.356009026
230.000000000 -2.350295277
229.000000000 -2.632602006
228.000000000 -2.749584282
227.000000000 -2.849426585
226.000000000 -3.011785477
225.000000000 -3.145806924
224.000000000 -3.426544196
223.000000000 -3.417789884
222.000000000 -3.773979885
221.000000000 -3.650572280
220.000000000 -3.581169192
219.000000000 -3.502486404
218.000000000 -3.472456539
217.000000000 -3.881873347
216.000000000 -3.901758741
215.000000000 -3.660249888
214.000000000 -3.253244554
213.000000000 -3.903232504
212.000000000 -3.679956906
211.000000000 -3.251276516
210.000000000 -3.235323550
209.000000000 -3.684715866
208.000000000 -3.259352718
207.000000000 -3.249814271
206.000000000 -2.893244197
205.000000000 -2.530726258
204.000000000 -1.229640173
203.000000000 -1.778888839
202.000000000 -1.534434070
201.000000000 -0.838636254
200.000000000 -0.549408814
199.000000000 -1.792465032
198.000000000 0.509794051
197.000000000 -0.468365936
196.000000000 7.269102148
195.000000000 -4.741420203
194.000000000 15.040627071
193.000000000 2.524101604
192.000000000 11.823181950
191.000000000 1.647021696
190.000000000 11.795645674
