250.000000000 -0.714277899
249.000000000 -0.836211216
248.000000000 -0.813204283
247.000000000 -0.826978053
246.000000000 -0.653143201
245.000000000 -0.831751776
244.000000000 -0.863428310
243.000000000 -0.940229488
242.000000000 -0.967954972
241.000000000 -1.137480240
240.000000000 -1.209034041
239.000000000 -1.172208874
238.000000000 -1.374295258
237.000000000 -1.299680612
236.000000000 -1.437827713
235.000000000 -1.574510929
234.000000000 -2.017979129
233.000000000 -2.258354849
232.000000000 -2.286476434
231.000000000 -2.165140382
230.000000000 -2.380793509
229.000000000 -2.501753634
228.000000000 -3.075414223
227.000000000 -2.923931439
226.000000000 -3.078358288
225.000000000 -3.481718191
224.000000000 -3.655212841
223.000000000 -3.925841006
222.000000000 -3.920402470
221.000000000 -4.149984658
220.000000000 -3.936561755
219.000000000 -4.183950915
218.000000000 -4.214067699
217.000000000 -4.127468766
216.000000000 -4.009963394
215.000000000 -4.369572195
214.000000000 -4.115937037
213.000000000 -4.094515713
212.000000000 -4.255315693
211.000000000 -4.222726998
210.000000000 -4.583235099
209.000000000 -4.303666655
208.000000000 -3.775313368
207.000000000 -3.628534798
206.000000000 -3.723232811
205.000000000 -3.621278368
204.000000000 -3.246137942
203.000000000 -2.776047538
202.000000000 -2.094352961
201.000000000 -1.554397479
200.000000000 -0.301431779
199.000000000 0.334134579
198.000000000 -0.282351475
197.000000000 1.569947356
196.000000000 2.077969641
195.000000000 2.863607000
194.000000000 4.370146755
193.000000000 2.243213627
192.000000000 4.607222249
191.000000000 4.383251042
190.000000000 15.359873953
