250.000000000 -0.678859899
249.000000000 -0.848871923
248.000000000 -1.021548041
247.000000000 -0.832682322
246.000000000 -0.824976881
245.000000000 -0.954908976
244.000000000 -1.205684605
243.000000000 -1.112788413
242.000000000 -0.881355531
241.000000000 -1.195307664
240.000000000 -1.710879787
239.000000000 -1.714632598
238.000000000 -1.847586060
237.000000000 -2.039456384
236.000000000 -2.268789698
235.000000000 -2.403841953
234.000000000 -2.828468883
233.000000000 -3.061898140
232.000000000 -3.326195589
231.000000000 -3.355632336
230.000000000 -3.577117106
229.000000000 -3.812494710
228.000000000 -3.978760869
227.000000000 -4.286245557
226.000000000 -4.360533398
225.000000000 -4.659727658
224.000000000 -4.654035934
223.000000000 -4.595729308
222.000000000 -5.027664735
221.000000000 -4.776786457
220.000000000 -4.514377168
219.000000000 -4.879333592
218.000000000 -4.931584229
217.000000000 -4.820361531
216.000000000 -4.754574951
215.000000000 -4.770285169
214.000000000 -4.920703690
213.000000000 -4.678415171
212.000000000 -4.792497953
211.000000000 -4.872980387
210.000000000 -4.591685426
209.000000000 -4.830193847
208.000000000 -4.559540559
207.000000000 -4.114598245
206.000000000 -4.046240296
205.000000000 -2.960256301
204.000000000 -3.085207514
203.000000000 -2.140600683
202.000000000 -1.485522033
201.000000000 -0.090360171
200.000000000 0.109620656
199.000000000 2.148948866
198.000000000 2.184953120
197.000000000 3.144936963
196.000000000 4.608470270
195.000000000 6.482956878
194.000000000 4.292550014
193.000000000 7.656199457
192.000000000 -0.530580902
191.000000000 5.706565805
190.000000000 -4.620568686
