250.000000000 -0.681389834
249.000000000 -0.829147472
248.000000000 -0.666330544
247.000000000 -0.942537188
246.000000000 -0.813611329
245.000000000 -0.909799454
244.000000000 -0.785069449
243.000000000 -0.711436127
242.000000000 -0.854254311
241.000000000 -1.271130195
240.000000000 -0.975493752
239.000000000 -1.163972873
238.000000000 -1.380943930
237.000000000 -1.211828235
236.000000000 -1.487796692
235.000000000 -1.826743572
234.000000000 -1.842886112
233.000000000 -2.036067016
232.000000000 -2.446386611
231.000000000 -2.450145387
230.000000000 -2.659098075
229.000000000 -2.919183981
228.000000000 -2.995859083
227.000000000 -3.289523028
226.000000000 -2.928470878
225.000000000 -3.594333293
224.000000000 -3.741637444
223.000000000 -3.476309032
222.000000000 -3.816365767
221.000000000 -4.261526080
220.000000000 -3.985674513
219.000000000 -4.191253846
218.000000000 -4.041578748
217.000000000 -4.058347776
216.000000000 -3.919742157
215.000000000 -4.042942052
214.000000000 -4.556886169
213.000000000 -4.102792899
212.000000000 -4.093094107
211.000000000 -4.234637042
210.000000000 -3.909582290
209.000000000 -4.260352347
208.000000000 -3.804448509
207.000000000 -3.660597593
206.000000000 -3.167103911
205.000000000 -3.303555362
204.000000000 -2.867473059
203.000000000 -2.134231464
202.000000000 -2.157081358
201.000000000 -1.497188517
200.000000000 -0.781891801
199.000000000 1.050134275
198.000000000 0.215511457
197.000000000 1.157605255
196.000000000 3.472387607
195.000000000 2.742231638
194.000000000 4.227200738
193.000000000 -0.546059680
192.000000000 -2.475270201
191.000000000 7.661240621
190.000000000 10.741208537
