250.000000000 -0.401227164
249.000000000 -0.804139714
248.000000000 -0.703207278
247.000000000 -0.620323760
246.000000000 -0.785127792
245.000000000 -0.687452270
244.000000000 -0.828321262
243.000000000 -0.798924657
242.000000000 -0.730556210
241.000000000 -1.166129038
240.000000000 -0.923593285
239.000000000 -1.115352573
238.000000000 -0.975473365
237.000000000 -1.494859782
236.000000000 -1.456004859
235.000000000 -1.500399286
234.000000000 -1.910810841
233.000000000 -2.178021434
232.000000000 -2.532242746
231.000000000 -2.202654251
230.000000000 -2.730382758
229.000000000 -2.862047156
228.000000000 -2.930474161
227.000000000 -3.136009269
226.000000000 -2.901996765
225.000000000 -3.347210610
224.000000000 -3.715342976
223.000000000 -3.844395625
222.000000000 -3.638610929
221.000000000 -4.025107292
220.000000000 -4.268818090
219.000000000 -4.035985498
218.000000000 -4.068245101
217.000000000 -3.805477401
216.000000000 -4.129796153
215.000000000 -4.117710963
214.000000000 -4.025350434
213.000000000 -3.883029426
212.000000000 -4.018348299
211.000000000 -3.842443855
210.000000000 -3.690261625
209.000000000 -3.769379067
208.000000000 -4.204929449
207.000000000 -3.664032476
206.000000000 -3.667853400
205.000000000 -3.287650056
204.000000000 -3.235788992
203.000000000 -2.872961748
202.000000000 -2.497376237
201.000000000 -1.602918655
200.000000000 -1.093122268
199.000000000 0.176120951
198.000000000 0.999644609
197.000000000 2.588532648
196.000000000 1.222588144
195.000000000 2.979302107
194.000000000 0.827620496
193.000000000 2.727419503
192.000000000 4.117413460
191.000000000 2.954881700
190.000000000 3.892247988
