250.000000000 -0.749784862
249.000000000 -0.590077770
248.000000000 -0.615363876
247.000000000 -0.763648645
246.000000000 -0.613610249
245.000000000 -0.754767998
244.000000000 -0.926903217
243.000000000 -1.197460878
242.000000000 -1.147256780
241.000000000 -1.211303290
240.000000000 -1.479023867
239.000000000 -1.815741669
238.000000000 -1.897229704
237.000000000 -1.929798948
236.000000000 -2.257066690
235.000000000 -2.784995258
234.000000000 -3.172082307
233.000000000 -3.371559182
232.000000000 -3.383444338
231.000000000 -4.229419246
230.000000000 -4.281310286
229.000000000 -4.536927901
228.000000000 -4.946686017
227.000000000 -5.010847057
226.000000000 -5.319095360
225.000000000 -5.464805983
224.000000000 -5.751645190
223.000000000 -5.981693376
222.000000000 -5.832876556
221.000000000 -5.655847002
220.000000000 -5.665011431
219.000000000 -5.877708982
218.000000000 -5.777579340
217.000000000 -5.710785768
216.000000000 -5.368877054
215.000000000 -5.491567543
214.000000000 -5.378266322
213.000000000 -5.454944835
212.000000000 -5.808382463
211.000000000 -5.874303809
210.000000000 -5.325496420
209.000000000 -5.283097183
208.000000000 -4.768969285
207.000000000 -4.339580117
206.000000000 -3.304789608
205.000000000 -2.297506677
204.000000000 -1.410487009
203.000000000 -0.075564300
202.000000000 0.809104669
201.000000000 2.589386276
200.000000000 4.113459693
199.000000000 6.368553406
198.000000000 7.601392215
197.000000000 7.561071690
196.000000000 8.626631676
195.000000000 8.501898465
194.000000000 10.608839820
193.000000000 10.492428250
192.000000000 7.065437245
191.000000000 6.639556347
190.000000000 2.893998430
