250.000000000 -0.756968480
249.000000000 -0.620125230
248.000000000 -1.043311904
247.000000000 -0.608127419
246.000000000 -1.023015085
245.000000000 -0.898809867
244.000000000 -0.941469960
243.000000000 -0.996191320
242.000000000 -0.970289974
241.000000000 -1.275520795
240.000000000 -1.513651669
239.000000000 -1.382333015
238.000000000 -1.786786127
237.000000000 -1.867340437
236.000000000 -2.479146523
235.000000000 -3.014218411
234.000000000 -3.132397013
233.000000000 -3.543580530
232.000000000 -3.585182467
231.000000000 -4.352112215
230.000000000 -4.464664288
229.000000000 -4.787127422
228.000000000 -5.309245448
227.000000000 -5.406671787
226.000000000 -5.278271352
225.000000000 -5.433713158
224.000000000 -5.647776961
223.000000000 -5.927766170
222.000000000 -5.964554133
221.000000000 -5.675962115
220.000000000 -5.778152141
219.000000000 -5.578617980
218.000000000 -5.590598921
217.000000000 -5.558373824
216.000000000 -5.517624114
215.000000000 -5.488492112
214.000000000 -5.650875426
213.000000000 -5.636532391
212.000000000 -5.294289729
211.000000000 -5.538789447
210.000000000 -5.206882578
209.000000000 -4.871965393
208.000000000 -5.046966560
207.000000000 -3.526035539
206.000000000 -3.363302198
205.000000000 -2.312093471
204.000000000 -0.984001910
203.000000000 0.260693678
202.000000000 1.005574341
201.000000000 2.999460344
200.000000000 4.509417435
199.000000000 6.489924007
198.000000000 7.601908527
197.000000000 8.233799831
196.000000000 10.113804040
195.000000000 9.198022506
194.000000000 8.969982610
193.000000000 9.893804874
192.000000000 7.516693288
191.000000000 6.387237252
190.000000000 6.862355625
