250.000000000 -0.820086897
249.000000000 -0.604794261
248.000000000 -0.638911616
247.000000000 -0.670169265
246.000000000 -0.821054032
245.000000000 -0.692280858
244.000000000 -0.849557027
243.000000000 -0.855620886
242.000000000 -0.894479821
241.000000000 -1.110317640
240.000000000 -0.805105687
239.000000000 -1.067544557
238.000000000 -1.509778656
237.000000000 -1.332745614
236.000000000 -1.573757425
235.000000000 -1.950674277
234.000000000 -2.013597883
233.000000000 -1.993387529
232.000000000 -2.087469553
231.000000000 -2.475839890
230.000000000 -2.679372110
229.000000000 -2.466214954
228.000000000 -2.902848204
227.000000000 -2.710039405
226.000000000 -3.009142700
225.000000000 -2.802805597
224.000000000 -3.319793840
223.000000000 -3.345988401
222.000000000 -3.401869399
221.000000000 -3.735052139
220.000000000 -3.366822155
219.000000000 -3.813998659
218.000000000 -3.849792191
217.000000000 -3.480062817
216.000000000 -3.500153566
215.000000000 -3.546464215
214.000000000 -3.694260557
213.000000000 -3.737933425
212.000000000 -3.584838166
211.000000000 -3.926148213
210.000000000 -3.648936758
209.000000000 -3.451884888
208.000000000 -3.685904935
207.000000000 -2.638932681
206.000000000 -3.470508101
205.000000000 -2.676732028
204.000000000 -2.446006131
203.000000000 -2.287457519
202.000000000 -1.595143055
201.000000000 -1.653414566
200.000000000 -0.101059907
199.000000000 -1.647687007
198.000000000 2.807716267
197.000000000 1.108152213
196.000000000 3.398561174
195.000000000 4.081134373
194.000000000 5.435926235
193.000000000 5.550404575
192.000000000 14.224117809
191.000000000 25.972349764
190.000000000 15.116247653
