250.000000000 -0.732218301
249.000000000 -0.836508596
248.000000000 -0.597203424
247.000000000 -1.013804427
246.000000000 -1.104240839
245.000000000 -0.785880252
244.000000000 -0.979772539
243.000000000 -0.915905658
242.000000000 -0.922083549
241.000000000 -1.025073473
240.000000000 -1.343776746
239.000000000 -1.364484705
238.000000000 -1.392677868
237.000000000 -1.525531539
236.000000000 -1.580295353
235.000000000 -2.029214687
234.000000000 -2.342689107
233.000000000 -2.536343195
232.000000000 -2.663221342
231.000000000 -2.683649586
230.000000000 -2.979516616
229.000000000 -3.116856452
228.000000000 -3.549992704
227.000000000 -3.809878161
226.000000000 -3.397415943
225.000000000 -3.945000416
224.000000000 -4.130723825
223.000000000 -4.156692944
222.000000000 -4.619121451
221.000000000 -4.358716578
220.000000000 -4.380693774
219.000000000 -4.804879354
218.000000000 -4.531419543
217.000000000 -4.408013653
216.000000000 -4.415095619
215.000000000 -4.108809307
214.000000000 -4.533858051
213.000000000 -4.092818176
212.000000000 -4.444259084
211.000000000 -4.383284903
210.000000000 -4.656227366
209.000000000 -3.893942667
208.000000000 -3.787729310
207.000000000 -3.680493797
206.000000000 -3.222474641
205.000000000 -2.598458442
204.000000000 -2.405164236
203.000000000 -2.928571375
202.000000000 -1.554546933
201.000000000 -1.489836590
200.000000000 -0.225043330
199.000000000 0.152821403
198.000000000 1.058915486
197.000000000 2.533804448
196.000000000 4.233391615
195.000000000 -0.209461175
194.000000000 0.811577743
193.000000000 3.360948905
192.000000000 -0.737714250
191.000000000 17.308632032
190.000000000 12.302543997
