250.000000000 -0.815017547
249.000000000 -0.847974319
248.000000000 -0.720155143
247.000000000 -0.957907579
246.000000000 -0.907404047
245.000000000 -0.655257328
244.000000000 -0.930552877
243.000000000 -0.821792879
242.000000000 -1.052807672
241.000000000 -1.239171682
240.000000000 -0.903721317
239.000000000 -1.351814251
238.000000000 -1.396132145
237.000000000 -1.746787339
236.000000000 -1.524382198
235.000000000 -1.739957646
234.000000000 -2.229042230
233.000000000 -2.297416543
232.000000000 -2.250006843
231.000000000 -2.569107607
230.000000000 -2.360792266
229.000000000 -2.864384607
228.000000000 -3.241557252
227.000000000 -2.795245770
226.000000000 -3.525352686
225.000000000 -3.655662005
224.000000000 -3.257617969
223.000000000 -3.740119945
222.000000000 -3.870378181
221.000000000 -3.742970174
220.000000000 -3.710150830
219.000000000 -3.656957949
218.000000000 -3.818462895
217.000000000 -4.018839224
216.000000000 -4.017115501
215.000000000 -4.207235605
214.000000000 -3.932222171
213.000000000 -3.921474460
212.000000000 -4.260726291
211.000000000 -4.021110545
210.000000000 -3.718931340
209.000000000 -4.024589690
208.000000000 -3.607147424
207.000000000 -3.371629881
206.000000000 -3.155411868
205.000000000 -2.772941497
204.000000000 -2.346223999
203.000000000 -2.331306686
202.000000000 -1.420480030
201.000000000 -0.903963239
200.000000000 0.688291345
199.000000000 -0.121198952
198.000000000 0.767958563
197.000000000 3.521992672
196.000000000 0.702259183
195.000000000 3.742192423
194.000000000 4.374363939
193.000000000 1.111101488
192.000000000 -7.179833894
191.000000000 21.562400658
190.000000000 12.327759819
