250.000000000 -0.791220564
249.000000000 -0.724729322
248.000000000 -0.881992371
247.000000000 -0.697798211
246.000000000 -0.842181697
245.000000000 -0.629677193
244.000000000 -0.784073313
243.000000000 -0.893515762
242.000000000 -0.908856375
241.000000000 -1.203299681
240.000000000 -1.335055976
239.000000000 -1.409407105
238.000000000 -1.387518865
237.000000000 -1.427262957
236.000000000 -1.805274904
235.000000000 -1.704644541
234.000000000 -1.601410163
233.000000000 -2.145789912
232.000000000 -2.158156163
231.000000000 -2.340560090
230.000000000 -2.364391289
229.000000000 -2.708888329
228.000000000 -2.618055804
227.000000000 -2.539933847
226.000000000 -2.804172053
225.000000000 -3.367013191
224.000000000 -3.165366479
223.000000000 -3.248758152
222.000000000 -3.482263815
221.000000000 -3.400739033
220.000000000 -3.627034474
219.000000000 -3.581422588
218.000000000 -3.583715883
217.000000000 -3.863758142
216.000000000 -3.542091946
215.000000000 -3.613979710
214.000000000 -3.604412317
213.000000000 -3.213529229
212.000000000 -3.117993348
211.000000000 -3.740668053
210.000000000 -3.354967207
209.000000000 -3.416535471
208.000000000 -3.340243133
207.000000000 -3.696610409
206.000000000 -3.274832049
205.000000000 -2.498784251
204.000000000 -2.577014094
203.000000000 -2.607555175
202.000000000 -1.431330920
201.000000000 -0.931578090
200.000000000 -1.115119757
199.000000000 0.734435619
198.000000000 0.670982426
197.000000000 2.144147868
196.000000000 4.317248700
195.000000000 7.154729316
194.000000000 2.218148363
193.000000000 12.027372124
192.000000000 17.515343003
191.000000000 21.406717093
190.000000000 22.123287199
