250.000000000 -0.646711429
249.000000000 -0.716027314
248.000000000 -0.629719021
247.000000000 -0.857150604
246.000000000 -0.623226623
245.000000000 -0.712682787
244.000000000 -0.972528947
243.000000000 -0.919083542
242.000000000 -1.219072659
241.000000000 -0.964635086
240.000000000 -1.210637138
239.000000000 -1.266941462
238.000000000 -1.528666268
237.000000000 -1.233860824
236.000000000 -1.791609323
235.000000000 -1.846793283
234.000000000 -1.844777258
233.000000000 -2.093582161
232.000000000 -2.307911408
231.000000000 -2.216792116
230.000000000 -2.538714947
229.000000000 -2.818188275
228.000000000 -2.680514778
227.000000000 -2.875166180
226.000000000 -3.459384425
225.000000000 -3.318538285
224.000000000 -3.439166613
223.000000000 -3.652932725
222.000000000 -3.342764030
221.000000000 -3.593806334
220.000000000 -3.377076166
219.000000000 -3.690546853
218.000000000 -3.576492135
217.000000000 -3.764677200
216.000000000 -3.603288831
215.000000000 -3.870519736
214.000000000 -4.144868307
213.000000000 -4.108017999
212.000000000 -4.335262545
211.000000000 -3.287325597
210.000000000 -3.878267558
209.000000000 -3.574514156
208.000000000 -3.271453448
207.000000000 -3.348904175
206.000000000 -3.017816782
205.000000000 -3.347929411
204.000000000 -2.569676484
203.000000000 -2.272847667
202.000000000 -2.235123552
201.000000000 -0.588810469
200.000000000 -1.479413581
199.000000000 -0.976589553
198.000000000 -0.651572634
197.000000000 0.876445722
196.000000000 1.681455370
195.000000000 6.304774543
194.000000000 -0.327658939
193.000000000 -14.480891500
192.000000000 7.040052400
191.000000000 19.748704680
190.000000000 11.460400172
