250.000000000 -0.839024474
249.000000000 -0.730544564
248.000000000 -0.968537776
247.000000000 -1.024777073
246.000000000 -1.038770207
245.000000000 -0.926644581
244.000000000 -1.080187569
243.000000000 -1.041572182
242.000000000 -1.347377441
241.000000000 -1.397369685
240.000000000 -1.516556411
239.000000000 -1.612289104
238.000000000 -1.886759604
237.000000000 -2.054217711
236.000000000 -2.420792266
235.000000000 -2.614719871
234.000000000 -2.673899709
233.000000000 -3.155415807
232.000000000 -3.634429147
231.000000000 -3.674035025
230.000000000 -4.016077476
229.000000000 -4.138162930
228.000000000 -4.172707341
227.000000000 -4.589493191
226.000000000 -4.775691804
225.000000000 -4.892353841
224.000000000 -4.923197199
223.000000000 -5.121846770
222.000000000 -5.515788178
221.000000000 -4.924665207
220.000000000 -5.041931379
219.000000000 -5.215603944
218.000000000 -4.982201698
217.000000000 -5.287880591
216.000000000 -5.169988759
215.000000000 -5.057003346
214.000000000 -4.806548249
213.000000000 -5.124874766
212.000000000 -5.321543343
211.000000000 -4.872459576
210.000000000 -5.164990459
209.000000000 -4.855473518
208.000000000 -4.696711879
207.000000000 -3.908184368
206.000000000 -4.494654136
205.000000000 -3.275715780
204.000000000 -2.091013442
203.000000000 -0.788416537
202.000000000 0.742135892
201.000000000 0.848580120
200.000000000 1.792583843
199.000000000 3.733302250
198.000000000 5.362491752
197.000000000 4.685388136
196.000000000 5.125706897
195.000000000 5.961262113
194.000000000 8.931061642
193.000000000 6.992129323
192.000000000 13.184470792
191.000000000 4.841655009
190.000000000 1.861864171
