250.000000000 -0.625706659
249.000000000 -0.891301524
248.000000000 -0.825636655
247.000000000 -0.859926066
246.000000000 -0.737631900
245.000000000 -0.796524287
244.000000000 -0.817506168
243.000000000 -0.979559605
242.000000000 -0.869252070
241.000000000 -1.009772537
240.000000000 -0.855734218
239.000000000 -1.033690407
238.000000000 -1.048959338
237.000000000 -1.558352834
236.000000000 -1.485048451
235.000000000 -1.797652122
234.000000000 -1.704104962
233.000000000 -1.922618724
232.000000000 -2.540261768
231.000000000 -2.394670594
230.000000000 -2.525957404
229.000000000 -2.948761446
228.000000000 -2.721965495
227.000000000 -2.864246195
226.000000000 -3.153276818
225.000000000 -3.468643374
224.000000000 -3.619773020
223.000000000 -3.454897779
222.000000000 -3.817742586
221.000000000 -3.866916743
220.000000000 -4.149332336
219.000000000 -3.964865835
218.000000000 -4.095454089
217.000000000 -4.281661936
216.000000000 -4.172734497
215.000000000 -3.848857611
214.000000000 -4.165024945
213.000000000 -3.933800829
212.000000000 -4.271284658
211.000000000 -3.860824765
210.000000000 -4.298322341
209.000000000 -3.956470390
208.000000000 -4.345077130
207.000000000 -3.234997324
206.000000000 -3.940463876
205.000000000 -3.231175742
204.000000000 -3.018533828
203.000000000 -3.231075593
202.000000000 -1.500577234
201.000000000 -1.058908273
200.000000000 0.401371952
199.000000000 -0.182630309
198.000000000 1.000583531
197.000000000 0.630865033
196.000000000 2.469216336
195.000000000 3.853558241
194.000000000 2.803381827
193.000000000 3.999166192
192.000000000 5.386246772
191.000000000 -2.271479098
190.000000000 0.006596355
