250.000000000 -0.618968708
249.000000000 -0.561689957
248.000000000 -0.687450937
247.000000000 -0.828310130
246.000000000 -0.634073565
245.000000000 -0.869707611
244.000000000 -0.739103695
243.000000000 -0.619783913
242.000000000 -0.811029310
241.000000000 -0.560950941
240.000000000 -1.105856124
239.000000000 -1.052161432
238.000000000 -1.087736082
237.000000000 -1.328937793
236.000000000 -1.582130704
235.000000000 -1.677636097
234.000000000 -1.424758510
233.000000000 -2.023421175
232.000000000 -2.010891202
231.000000000 -2.084330305
230.000000000 -2.321008481
229.000000000 -2.711486473
228.000000000 -2.635177518
227.000000000 -3.002485421
226.000000000 -3.271010270
225.000000000 -3.086056285
224.000000000 -3.457714551
223.000000000 -3.615799438
222.000000000 -3.547412242
221.000000000 -3.914917303
220.000000000 -3.772046121
219.000000000 -3.778659887
218.000000000 -3.785900143
217.000000000 -3.986573912
216.000000000 -4.127639370
215.000000000 -4.205810492
214.000000000 -4.174717794
213.000000000 -3.804918841
212.000000000 -3.952517834
211.000000000 -3.588758366
210.000000000 -4.370432338
209.000000000 -3.829587950
208.000000000 -4.121571915
207.000000000 -3.542526662
206.000000000 -3.575424542
205.000000000 -3.655924744
204.000000000 -2.971073774
203.000000000 -2.987072505
202.000000000 -1.805508647
201.000000000 -1.831882585
200.000000000 -0.709580915
199.000000000 0.045299869
198.000000000 1.312472117
197.000000000 0.661939260
196.000000000 1.793649244
195.000000000 2.434040353
194.000000000 1.519630605
193.000000000 2.568919280
192.000000000 3.658167151
191.000000000 6.128653937
190.000000000 1.995047359
