250.000000000 -0.517957859
249.000000000 -0.923002718
248.000000000 -0.772251123
247.000000000 -0.412510515
246.000000000 -0.866279403
245.000000000 -0.692215462
244.000000000 -0.678489603
243.000000000 -0.720375558
242.000000000 -0.777613719
241.000000000 -1.145624664
240.000000000 -1.220710683
239.000000000 -1.282303188
238.000000000 -1.421849886
237.000000000 -1.813038925
236.000000000 -1.688251249
235.000000000 -1.659862224
234.000000000 -2.000100214
233.000000000 -2.074009433
232.000000000 -2.159590383
231.000000000 -2.668970237
230.000000000 -2.599132878
229.000000000 -2.759755596
228.000000000 -2.831903233
227.000000000 -3.133352197
226.000000000 -2.855393860
225.000000000 -3.333680424
224.000000000 -3.647009133
223.000000000 -3.518050016
222.000000000 -3.512550054
221.000000000 -3.720487641
220.000000000 -3.614619257
219.000000000 -3.928477695
218.000000000 -3.963310773
217.000000000 -3.821228835
216.000000000 -3.985746317
215.000000000 -3.946427407
214.000000000 -3.750019240
213.000000000 -3.975735533
212.000000000 -3.564201834
211.000000000 -3.567855580
210.000000000 -4.340932588
209.000000000 -4.128991609
208.000000000 -4.098358331
207.000000000 -3.031034963
206.000000000 -3.444217135
205.000000000 -2.883336048
204.000000000 -2.484587531
203.000000000 -1.662610955
202.000000000 -1.977100420
201.000000000 -1.249224462
200.000000000 -1.411003676
199.000000000 -0.561554082
198.000000000 0.773701108
197.000000000 -0.053856844
196.000000000 3.659034583
195.000000000 2.826868523
194.000000000 2.718537814
193.000000000 7.940301326
192.000000000 -0.549894510
191.000000000 16.101086034
190.000000000 -13.911416557
