250.000000000 -0.722627067
249.000000000 -0.571667518
248.000000000 -0.638816656
247.000000000 -0.581197153
246.000000000 -1.038100654
245.000000000 -0.980999803
244.000000000 -0.837211287
243.000000000 -1.017883288
242.000000000 -0.993816670
241.000000000 -1.135673738
240.000000000 -1.200284150
239.000000000 -1.066901248
238.000000000 -1.129891938
237.000000000 -1.389260646
236.000000000 -1.882642653
235.000000000 -1.629732638
234.000000000 -2.139397789
233.000000000 -2.207514940
232.000000000 -2.382658672
231.000000000 -2.650297797
230.000000000 -2.697256535
229.000000000 -2.885329712
228.000000000 -3.073468557
227.000000000 -3.150223237
226.000000000 -3.232901174
225.000000000 -3.345280764
224.000000000 -3.631396893
223.000000000 -3.692104112
222.000000000 -3.987345677
221.000000000 -3.661893347
220.000000000 -3.851879165
219.000000000 -3.969804204
218.000000000 -3.727485625
217.000000000 -4.051896886
216.000000000 -3.736840423
215.000000000 -4.226728863
214.000000000 -3.706455582
213.000000000 -3.855207255
212.000000000 -3.943714439
211.000000000 -4.182972352
210.000000000 -4.056673642
209.000000000 -3.889402097
208.000000000 -4.038389522
207.000000000 -3.341748391
206.000000000 -2.868594772
205.000000000 -3.658327467
204.000000000 -2.980133375
203.000000000 -1.959667754
202.000000000 -1.534287732
201.000000000 -0.773951929
200.000000000 -0.323560048
199.000000000 0.893625571
198.000000000 0.105906436
197.000000000 1.404926330
196.000000000 3.648748729
195.000000000 8.104449256
194.000000000 12.817707347
193.000000000 -3.476335620
192.000000000 2.761218051
191.000000000 19.491984604
190.000000000 -19.057691302
