250.000000000 -0.703437936
249.000000000 -0.729333998
248.000000000 -0.693527919
247.000000000 -0.998546082
246.000000000 -0.864093083
245.000000000 -0.658824085
244.000000000 -0.877050821
243.000000000 -0.822462139
242.000000000 -0.908656546
241.000000000 -0.904572190
240.000000000 -1.073435503
239.000000000 -1.182489054
238.000000000 -1.524732695
237.000000000 -1.658522966
236.000000000 -1.371120454
235.000000000 -1.628073485
234.000000000 -1.879741318
233.000000000 -2.209059808
232.000000000 -2.588597459
231.000000000 -2.353290575
230.000000000 -2.348232795
229.000000000 -2.669107306
228.000000000 -2.741124534
227.000000000 -3.081232146
226.000000000 -3.066791773
225.000000000 -3.299319946
224.000000000 -3.508083857
223.000000000 -3.721188278
222.000000000 -3.562267579
221.000000000 -3.681195154
220.000000000 -3.858129346
219.000000000 -3.516976067
218.000000000 -4.112894656
217.000000000 -4.199270423
216.000000000 -3.718191352
215.000000000 -4.066074875
214.000000000 -3.846339061
213.000000000 -3.871822586
212.000000000 -3.717479291
211.000000000 -4.001007520
210.000000000 -3.978405755
209.000000000 -3.939225116
208.000000000 -3.658913310
207.000000000 -3.958185432
206.000000000 -2.736476454
205.000000000 -3.021310314
204.000000000 -3.013848900
203.000000000 -2.177711763
202.000000000 -1.595922340
201.000000000 -0.529267793
200.000000000 -1.094772274
199.000000000 -0.430101848
198.000000000 -0.033290475
197.000000000 -0.361640920
196.000000000 2.521337264
195.000000000 -0.000664790
194.000000000 0.799399028
193.000000000 0.607601684
192.000000000 10.939491548
191.000000000 9.138643815
190.000000000 0.406879446
