250.000000000 -0.714751341
249.000000000 -0.729714113
248.000000000 -0.843316494
247.000000000 -0.682102438
246.000000000 -0.774039497
245.000000000 -0.851716428
244.000000000 -1.142730531
243.000000000 -0.930501390
242.000000000 -0.944637693
241.000000000 -1.103834753
240.000000000 -1.063640236
239.000000000 -1.160570726
238.000000000 -1.343910229
237.000000000 -1.483518253
236.000000000 -1.346037682
235.000000000 -1.575301782
234.000000000 -1.549144743
233.000000000 -2.119441584
232.000000000 -2.099368526
231.000000000 -2.445518863
230.000000000 -2.545683864
229.000000000 -2.592366861
228.000000000 -2.637346063
227.000000000 -2.874495199
226.000000000 -3.298864035
225.000000000 -3.172468797
224.000000000 -3.287406981
223.000000000 -3.779978875
222.000000000 -3.510953281
221.000000000 -3.585599678
220.000000000 -3.817540661
219.000000000 -3.958776002
218.000000000 -3.736237749
217.000000000 -3.737386889
216.000000000 -4.119409200
215.000000000 -3.330905258
214.000000000 -3.355735012
213.000000000 -3.455242764
212.000000000 -3.705293148
211.000000000 -3.364819011
210.000000000 -3.921054896
209.000000000 -3.393536862
208.000000000 -3.630699209
207.000000000 -3.215090549
206.000000000 -2.654459097
205.000000000 -2.415207306
204.000000000 -2.461556071
203.000000000 -2.041025446
202.000000000 -1.823507610
201.000000000 -1.947049532
200.000000000 -2.086366976
199.000000000 -0.541940651
198.000000000 0.574727465
197.000000000 3.745855533
196.000000000 2.645505060
195.000000000 -0.786265826
194.000000000 -1.213399720
193.000000000 11.636732695
192.000000000 8.422968382
191.000000000 -11.450829256
190.000000000 10.129392513
