250.000000000 -0.562641244
249.000000000 -0.666578590
248.000000000 -0.727558449
247.000000000 -0.613374438
246.000000000 -0.742183039
245.000000000 -0.747178016
244.000000000 -0.962094645
243.000000000 -0.834637433
242.000000000 -0.918074809
241.000000000 -1.256316141
240.000000000 -1.262867639
239.000000000 -1.517317236
238.000000000 -1.647737532
237.000000000 -1.778840365
236.000000000 -2.257669344
235.000000000 -2.555612714
234.000000000 -2.886834611
233.000000000 -3.525891998
232.000000000 -3.555849988
231.000000000 -3.990553052
230.000000000 -4.496003875
229.000000000 -4.604878266
228.000000000 -4.969417635
227.000000000 -5.184993463
226.000000000 -5.478984925
225.000000000 -5.432082826
224.000000000 -5.723604563
223.000000000 -5.785519043
222.000000000 -5.657548893
221.000000000 -5.755727526
220.000000000 -5.882543331
219.000000000 -5.829320535
218.000000000 -5.505949471
217.000000000 -5.497601028
216.000000000 -5.396705552
215.000000000 -5.803611522
214.000000000 -5.278867705
213.000000000 -5.437108790
212.000000000 -5.446546050
211.000000000 -5.310578082
210.000000000 -5.317141634
209.000000000 -4.646612008
208.000000000 -4.506510363
207.000000000 -4.033700834
206.000000000 -3.363699397
205.000000000 -1.996498715
204.000000000 -0.890828165
203.000000000 -0.200935241
202.000000000 1.594813790
201.000000000 3.206431663
200.000000000 4.879136602
199.000000000 6.663158882
198.000000000 7.758606544
197.000000000 9.374693470
196.000000000 9.304495409
195.000000000 9.919914673
194.000000000 10.235057811
193.000000000 9.914940074
192.000000000 8.018227234
191.000000000 4.743195698
190.000000000 4.093663908
