250.000000000 -0.642156993
249.000000000 -0.812351952
248.000000000 -0.801181028
247.000000000 -0.665709921
246.000000000 -0.491557683
245.000000000 -0.820255367
244.000000000 -0.976732326
243.000000000 -0.952363325
242.000000000 -0.756550586
241.000000000 -0.949291945
240.000000000 -1.026242923
239.000000000 -1.083856835
238.000000000 -1.159943600
237.000000000 -1.401417685
236.000000000 -1.495702352
235.000000000 -1.734522261
234.000000000 -2.004957124
233.000000000 -2.332128857
232.000000000 -2.263195228
231.000000000 -2.379176731
230.000000000 -2.620536238
229.000000000 -2.584179514
228.000000000 -2.528986050
227.000000000 -2.873591703
226.000000000 -3.007982541
225.000000000 -3.388522008
224.000000000 -3.345736990
223.000000000 -3.544238094
222.000000000 -3.459992743
221.000000000 -3.754793969
220.000000000 -3.744899883
219.000000000 -3.454515638
218.000000000 -3.597488915
217.000000000 -3.903568670
216.000000000 -3.512993376
215.000000000 -3.801007364
214.000000000 -3.515065457
213.000000000 -3.628865835
212.000000000 -3.516538680
211.000000000 -3.439566624
210.000000000 -3.950695923
209.000000000 -3.448233661
208.000000000 -3.102103791
207.000000000 -3.392117532
206.000000000 -2.942948763
205.000000000 -2.609435759
204.000000000 -2.697972718
203.000000000 -2.055377591
202.000000000 -1.593795959
201.000000000 -1.081032107
200.000000000 1.678433726
199.000000000 1.104595986
198.000000000 0.018499646
197.000000000 -1.118943065
196.000000000 4.512765948
195.000000000 -3.220801944
194.000000000 11.859009237
193.000000000 -10.818852411
192.000000000 10.992991727
191.000000000 -17.831666690
190.000000000 -17.345830448
