250.000000000 -0.993227612
249.000000000 -0.803638381
248.000000000 -0.846817569
247.000000000 -0.759543530
246.000000000 -0.905389116
245.000000000 -1.019755115
244.000000000 -1.112324868
243.000000000 -1.193518889
242.000000000 -1.180371618
241.000000000 -1.488446535
240.000000000 -1.541826973
239.000000000 -1.669684765
238.000000000 -1.846607970
237.000000000 -2.330591306
236.000000000 -2.191309218
235.000000000 -2.795295759
234.000000000 -3.083151420
233.000000000 -3.196401741
232.000000000 -3.675441012
231.000000000 -3.964989349
230.000000000 -4.380839375
229.000000000 -4.786633642
228.000000000 -4.881738773
227.000000000 -4.655650477
226.000000000 -5.291175956
225.000000000 -5.329818164
224.000000000 -5.378071908
223.000000000 -5.635074821
222.000000000 -5.584134026
221.000000000 -5.508231949
220.000000000 -5.704046084
219.000000000 -5.307112143
218.000000000 -5.420093497
217.000000000 -5.570150366
216.000000000 -5.229672182
215.000000000 -5.378846816
214.000000000 -5.111918425
213.000000000 -5.415676067
212.000000000 -5.237584550
211.000000000 -5.329887832
210.000000000 -5.326325321
209.000000000 -4.809111599
208.000000000 -4.558330914
207.000000000 -3.955653652
206.000000000 -3.437078333
205.000000000 -2.847682801
204.000000000 -1.370381562
203.000000000 -0.379224945
202.000000000 0.575685557
201.000000000 1.503159761
200.000000000 3.025913352
199.000000000 4.582712879
198.000000000 6.147853338
197.000000000 7.424512093
196.000000000 7.827663163
195.000000000 8.207672911
194.000000000 7.534951657
193.000000000 8.517775158
192.000000000 1.693780936
191.000000000 4.925097825
190.000000000 -2.794742185
