250.000000000 -0.871279819
249.000000000 -0.977411029
248.000000000 -0.847071260
247.000000000 -1.021803231
246.000000000 -0.906107076
245.000000000 -1.040834091
244.000000000 -1.253641759
243.000000000 -1.228707349
242.000000000 -1.300913607
241.000000000 -1.333431099
240.000000000 -1.487872951
239.000000000 -1.751262861
238.000000000 -1.808954679
237.000000000 -2.129030874
236.000000000 -2.386578266
235.000000000 -3.112324275
234.000000000 -3.236527189
233.000000000 -3.323358753
232.000000000 -3.285616048
231.000000000 -3.632265646
230.000000000 -4.339279907
229.000000000 -4.389665445
228.000000000 -4.688638022
227.000000000 -5.286025139
226.000000000 -5.144380436
225.000000000 -5.414777040
224.000000000 -5.376576728
223.000000000 -5.488522129
222.000000000 -5.422980457
221.000000000 -5.342573668
220.000000000 -5.522242534
219.000000000 -5.330459904
218.000000000 -5.536711746
217.000000000 -5.580812334
216.000000000 -5.263841234
215.000000000 -5.554539451
214.000000000 -5.469434726
213.000000000 -5.107363260
212.000000000 -4.974940249
211.000000000 -5.245997030
210.000000000 -5.300862206
209.000000000 -5.045064626
208.000000000 -3.947572128
207.000000000 -4.505674801
206.000000000 -3.511714201
205.000000000 -2.627577986
204.000000000 -2.139903229
203.000000000 -0.455659444
202.000000000 0.275706376
201.000000000 1.888432845
200.000000000 3.152551052
199.000000000 3.348461535
198.000000000 6.211312931
197.000000000 7.019481863
196.000000000 7.439048016
195.000000000 7.714710899
194.000000000 8.925266069
193.000000000 9.137217155
192.000000000 12.887134647
191.000000000 -0.542068139
190.000000000 4.959550020
