250.000000000 -0.475182824
249.000000000 -0.505522468
248.000000000 -0.777375524
247.000000000 -0.685148069
246.000000000 -0.795888153
245.000000000 -0.665572562
244.000000000 -0.840175209
243.000000000 -0.721864423
242.000000000 -0.841120867
241.000000000 -1.096282241
240.000000000 -0.924187207
239.000000000 -0.954399322
238.000000000 -1.000707254
237.000000000 -0.927028758
236.000000000 -1.542909074
235.000000000 -1.560207151
234.000000000 -1.781583440
233.000000000 -2.156394650
232.000000000 -2.161964291
231.000000000 -2.206017077
230.000000000 -2.455801385
229.000000000 -2.780674786
228.000000000 -2.532533774
227.000000000 -2.789261639
226.000000000 -3.063456480
225.000000000 -3.131712051
224.000000000 -3.621747535
223.000000000 -3.764590873
222.000000000 -3.727578321
221.000000000 -3.646134565
220.000000000 -3.661670151
219.000000000 -3.830300690
218.000000000 -4.106553206
217.000000000 -4.400023646
216.000000000 -4.092101003
215.000000000 -3.988752757
214.000000000 -3.987029900
213.000000000 -4.002168976
212.000000000 -4.174908274
211.000000000 -4.100745012
210.000000000 -3.639074902
209.000000000 -4.190308395
208.000000000 -3.964304351
207.000000000 -4.003181745
206.000000000 -3.304354138
205.000000000 -3.473329553
204.000000000 -3.038669542
203.000000000 -1.956574069
202.000000000 -2.370537331
201.000000000 -1.725076666
200.000000000 -1.709248186
199.000000000 -0.625048749
198.000000000 0.764950410
197.000000000 1.230370399
196.000000000 1.981539765
195.000000000 2.658886633
194.000000000 1.980415861
193.000000000 3.635391433
192.000000000 3.414307269
191.000000000 -2.029796251
190.000000000 -1.715887460
