250.000000000 -0.882650683
249.000000000 -0.799363137
248.000000000 -0.702669380
247.000000000 -0.748577099
246.000000000 -0.801936130
245.000000000 -1.055945486
244.000000000 -1.067707994
243.000000000 -1.032413321
242.000000000 -1.228469614
241.000000000 -1.019654596
240.000000000 -0.937777764
239.000000000 -1.365422076
238.000000000 -1.445346892
237.000000000 -1.522366333
236.000000000 -1.631576471
235.000000000 -1.821140583
234.000000000 -1.954239638
233.000000000 -2.146352467
232.000000000 -2.226351753
231.000000000 -2.560550174
230.000000000 -2.284512008
229.000000000 -2.696714705
228.000000000 -2.669820306
227.000000000 -3.267561427
226.000000000 -3.144645528
225.000000000 -3.430634180
224.000000000 -3.467406099
223.000000000 -3.712901491
222.000000000 -3.557037083
221.000000000 -3.811386196
220.000000000 -4.000726575
219.000000000 -4.119215696
218.000000000 -3.591166205
217.000000000 -4.251929802
216.000000000 -4.110180403
215.000000000 -4.048838731
214.000000000 -4.068320940
213.000000000 -3.919312162
212.000000000 -3.979242398
211.000000000 -3.870106280
210.000000000 -3.949645208
209.000000000 -4.038054197
208.000000000 -4.155801463
207.000000000 -3.420198227
206.000000000 -3.047427689
205.000000000 -3.049847223
204.000000000 -2.995531424
203.000000000 -2.312345744
202.000000000 -1.429003580
201.000000000 -1.891296240
200.000000000 -0.398782965
199.000000000 0.838628336
198.000000000 -0.133959083
197.000000000 1.074274802
196.000000000 2.179376869
195.000000000 3.124673487
194.000000000 4.890939137
193.000000000 5.727512430
192.000000000 18.393211093
191.000000000 11.048842825
190.000000000 3.805474755
