250.000000000 -0.947213927
249.000000000 -1.050068159
248.000000000 -0.815908307
247.000000000 -0.772387424
246.000000000 -0.945085931
245.000000000 -0.886728346
244.000000000 -0.953347021
243.000000000 -0.885718550
242.000000000 -1.180015565
241.000000000 -1.089439671
240.000000000 -1.141053338
239.000000000 -1.287602434
238.000000000 -1.363740068
237.000000000 -1.492604322
236.000000000 -1.758428528
235.000000000 -1.813276267
234.000000000 -1.968972325
233.000000000 -1.972804510
232.000000000 -2.350206595
231.000000000 -2.556643287
230.000000000 -2.665811809
229.000000000 -2.782173981
228.000000000 -2.942402799
227.000000000 -3.213316094
226.000000000 -3.218101501
225.000000000 -3.277412028
224.000000000 -3.563305104
223.000000000 -3.401966457
222.000000000 -3.576245483
221.000000000 -3.851697854
220.000000000 -3.769773223
219.000000000 -4.041256189
218.000000000 -3.938865363
217.000000000 -4.179424198
216.000000000 -4.029407304
215.000000000 -4.314735240
214.000000000 -4.159404582
213.000000000 -4.242090203
212.000000000 -4.195154349
211.000000000 -4.462067683
210.000000000 -4.358442044
209.000000000 -4.190689574
208.000000000 -3.693919163
207.000000000 -3.937674555
206.000000000 -3.541143068
205.000000000 -3.813960800
204.000000000 -2.935372850
203.000000000 -2.320049106
202.000000000 -1.589905859
201.000000000 -1.935689821
200.000000000 -1.015543185
199.000000000 0.677210102
198.000000000 -0.120133984
197.000000000 1.100004623
196.000000000 2.385336207
195.000000000 2.749361184
194.000000000 3.294242443
193.000000000 4.796415171
192.000000000 9.173122643
191.000000000 3.034369532
190.000000000 13.180345649
