250.000000000 -0.617398346
249.000000000 -0.569182413
248.000000000 -0.753904087
247.000000000 -0.911063633
246.000000000 -0.759153019
245.000000000 -0.975058482
244.000000000 -0.874488630
243.000000000 -0.933216422
242.000000000 -0.928350941
241.000000000 -1.177852346
240.000000000 -1.193498661
239.000000000 -1.201323224
238.000000000 -1.480104101
237.000000000 -1.351690811
236.000000000 -1.561658149
235.000000000 -1.561678914
234.000000000 -1.785791804
233.000000000 -2.089456625
232.000000000 -2.077568055
231.000000000 -2.453507988
230.000000000 -2.450973922
229.000000000 -2.433625523
228.000000000 -2.559339173
227.000000000 -2.974766409
226.000000000 -2.818678061
225.000000000 -3.043898654
224.000000000 -3.249148583
223.000000000 -3.408729113
222.000000000 -3.388171439
221.000000000 -3.725290430
220.000000000 -3.648018087
219.000000000 -3.622662650
218.000000000 -3.596780775
217.000000000 -3.866504511
216.000000000 -3.443506246
215.000000000 -3.490283683
214.000000000 -3.682534633
213.000000000 -3.698513911
212.000000000 -3.727262462
211.000000000 -3.646288058
210.000000000 -3.845861175
209.000000000 -3.342470266
208.000000000 -3.054016819
207.000000000 -3.061202616
206.000000000 -3.065736258
205.000000000 -1.990629126
204.000000000 -1.998978601
203.000000000 -2.147167129
202.000000000 -1.531453404
201.000000000 -0.650881109
200.000000000 -0.445380045
199.000000000 0.214370569
198.000000000 1.113447589
197.000000000 -0.103392782
196.000000000 3.484936499
195.000000000 0.589538577
194.000000000 -4.039678450
193.000000000 -0.894537564
192.000000000 19.760514795
191.000000000 6.530999180
190.000000000 1.110801021
