250.000000000 -0.874492053
249.000000000 -0.706591792
248.000000000 -0.811998974
247.000000000 -0.666010650
246.000000000 -0.739478700
245.000000000 -0.825847994
244.000000000 -0.872037991
243.000000000 -0.918410942
242.000000000 -1.050121793
241.000000000 -0.972480344
240.000000000 -1.349686777
239.000000000 -1.177058502
238.000000000 -1.253262676
237.000000000 -1.353519313
236.000000000 -1.733470391
235.000000000 -1.569229984
234.000000000 -1.959235960
233.000000000 -2.071446573
232.000000000 -2.133043509
231.000000000 -2.677006345
230.000000000 -2.595728597
229.000000000 -2.566089845
228.000000000 -2.980021459
227.000000000 -2.900979231
226.000000000 -3.350919797
225.000000000 -3.724868819
224.000000000 -3.709234933
223.000000000 -3.728941280
222.000000000 -3.880055296
221.000000000 -4.166162809
220.000000000 -4.036288611
219.000000000 -3.754661363
218.000000000 -4.111653573
217.000000000 -4.305197374
216.000000000 -4.140103575
215.000000000 -4.008160106
214.000000000 -4.395265312
213.000000000 -4.047870841
212.000000000 -4.229302942
211.000000000 -4.099305864
210.000000000 -4.142776093
209.000000000 -4.016165195
208.000000000 -3.701390313
207.000000000 -3.873969462
206.000000000 -4.050131841
205.000000000 -3.368984880
204.000000000 -2.548399858
203.000000000 -2.041525044
202.000000000 -1.948834329
201.000000000 -1.429059638
200.000000000 -1.174423794
199.000000000 -0.364847625
198.000000000 0.798848749
197.000000000 1.514363494
196.000000000 0.417773238
195.000000000 3.708530614
194.000000000 3.340458230
193.000000000 2.252453211
192.000000000 -2.593236325
191.000000000 8.882331788
190.000000000 2.086979472
