250.000000000 -0.492324130
249.000000000 -0.723856567
248.000000000 -0.829149729
247.000000000 -0.663019401
246.000000000 -0.702278450
245.000000000 -0.818608555
244.000000000 -0.897959769
243.000000000 -0.862713443
242.000000000 -0.740526035
241.000000000 -0.888337992
240.000000000 -1.043212005
239.000000000 -1.050474611
238.000000000 -1.005371500
237.000000000 -1.325236111
236.000000000 -1.371184121
235.000000000 -1.747574006
234.000000000 -1.861539973
233.000000000 -1.966338636
232.000000000 -2.223160328
231.000000000 -2.144381186
230.000000000 -2.590356990
229.000000000 -2.784461184
228.000000000 -2.720086400
227.000000000 -2.869449991
226.000000000 -3.164864195
225.000000000 -3.328339138
224.000000000 -3.647106136
223.000000000 -3.531214366
222.000000000 -3.788705747
221.000000000 -3.888819799
220.000000000 -3.843557116
219.000000000 -4.114317201
218.000000000 -4.078526923
217.000000000 -3.990332744
216.000000000 -4.207710181
215.000000000 -4.220701634
214.000000000 -3.892102051
213.000000000 -4.108205153
212.000000000 -4.071306146
211.000000000 -4.215829146
210.000000000 -4.064346621
209.000000000 -4.398873638
208.000000000 -3.789495070
207.000000000 -3.884574562
206.000000000 -4.187177436
205.000000000 -3.312489989
204.000000000 -2.428910678
203.000000000 -2.008581355
202.000000000 -3.010067150
201.000000000 -1.945745179
200.000000000 -1.022151492
199.000000000 0.129162611
198.000000000 0.098899148
197.000000000 1.136099372
196.000000000 2.217425190
195.000000000 1.945780749
194.000000000 2.671298221
193.000000000 4.612098427
192.000000000 3.560221527
191.000000000 1.392583341
190.000000000 0.376019305
