250.000000000 -0.719320080
249.000000000 -0.962393684
248.000000000 -0.809143507
247.000000000 -0.763438892
246.000000000 -0.938537593
245.000000000 -0.641418441
244.000000000 -0.972862531
243.000000000 -1.063845454
242.000000000 -0.870580912
241.000000000 -1.000111068
240.000000000 -1.435833413
239.000000000 -1.262187778
238.000000000 -1.461400707
237.000000000 -1.798893801
236.000000000 -1.891600327
235.000000000 -2.351553263
234.000000000 -2.621326358
233.000000000 -2.296769114
232.000000000 -2.726588310
231.000000000 -2.955915876
230.000000000 -3.208977559
229.000000000 -3.185236604
228.000000000 -3.623491333
227.000000000 -3.646513453
226.000000000 -4.011948093
225.000000000 -3.959427178
224.000000000 -4.118944793
223.000000000 -4.343454204
222.000000000 -4.476092106
221.000000000 -4.081604402
220.000000000 -4.162813649
219.000000000 -4.140006281
218.000000000 -4.192858453
217.000000000 -4.639280407
216.000000000 -4.499338160
215.000000000 -4.315638452
214.000000000 -4.628860575
213.000000000 -4.434959811
212.000000000 -4.713032239
211.000000000 -4.729555840
210.000000000 -4.535021960
209.000000000 -4.045017802
208.000000000 -4.178948908
207.000000000 -3.973314918
206.000000000 -3.594170393
205.000000000 -3.452005499
204.000000000 -2.285966010
203.000000000 -2.686266908
202.000000000 -1.620562876
201.000000000 -1.076520238
200.000000000 0.127927386
199.000000000 0.018010047
198.000000000 2.077508879
197.000000000 2.731599451
196.000000000 1.519867010
195.000000000 4.161186462
194.000000000 3.271385568
193.000000000 2.914235426
192.000000000 8.373672928
191.000000000 -16.694787291
190.000000000 11.289542134
