250.000000000 -0.934334865
249.000000000 -0.941978841
248.000000000 -0.768716681
247.000000000 -0.929581202
246.000000000 -0.907856187
245.000000000 -0.605262159
244.000000000 -0.965115345
243.000000000 -1.085410124
242.000000000 -1.240517794
241.000000000 -1.158491234
240.000000000 -1.384646207
239.000000000 -1.046471414
238.000000000 -1.679477185
237.000000000 -1.680556252
236.000000000 -1.726969393
235.000000000 -2.082250617
234.000000000 -2.143099025
233.000000000 -2.289169712
232.000000000 -2.424405137
231.000000000 -2.802263379
230.000000000 -3.211329263
229.000000000 -3.114284632
228.000000000 -3.400484947
227.000000000 -3.672305621
226.000000000 -3.919025007
225.000000000 -3.778097500
224.000000000 -4.010658236
223.000000000 -4.149535879
222.000000000 -4.228484492
221.000000000 -4.257476534
220.000000000 -4.295568429
219.000000000 -4.547810168
218.000000000 -4.536202287
217.000000000 -4.614521680
216.000000000 -4.492386732
215.000000000 -4.202436724
214.000000000 -4.318816213
213.000000000 -4.380149766
212.000000000 -4.446123969
211.000000000 -4.510288363
210.000000000 -4.260307747
209.000000000 -4.078458198
208.000000000 -3.708964488
207.000000000 -4.123701178
206.000000000 -3.773821319
205.000000000 -3.334175363
204.000000000 -2.268428723
203.000000000 -2.621196777
202.000000000 -1.476989029
201.000000000 -0.473266837
200.000000000 -0.614326686
199.000000000 0.861332607
198.000000000 1.955417531
197.000000000 1.174346875
196.000000000 2.659852770
195.000000000 6.379774915
194.000000000 6.151771928
193.000000000 11.033850668
192.000000000 -3.800247634
191.000000000 6.065778435
190.000000000 5.105714243
