250.000000000 -0.947567193
249.000000000 -0.974028799
248.000000000 -0.773869053
247.000000000 -0.923395535
246.000000000 -0.613083348
245.000000000 -0.979772317
244.000000000 -0.546777098
243.000000000 -0.895578163
242.000000000 -1.046310878
241.000000000 -0.994532670
240.000000000 -1.005113942
239.000000000 -1.227573877
238.000000000 -1.423235266
237.000000000 -1.495063693
236.000000000 -1.508721155
235.000000000 -1.702392292
234.000000000 -2.021115115
233.000000000 -1.986229907
232.000000000 -2.500677394
231.000000000 -2.489390862
230.000000000 -2.557885354
229.000000000 -2.835884556
228.000000000 -2.692730927
227.000000000 -2.659953588
226.000000000 -3.192870413
225.000000000 -2.898577412
224.000000000 -3.519722680
223.000000000 -3.202339946
222.000000000 -3.387143611
221.000000000 -3.453858788
220.000000000 -3.582374001
219.000000000 -3.746043178
218.000000000 -3.460920592
217.000000000 -3.688905254
216.000000000 -3.765858614
215.000000000 -3.706201785
214.000000000 -3.599542157
213.000000000 -3.790678961
212.000000000 -3.457917122
211.000000000 -3.555144416
210.000000000 -3.677802066
209.000000000 -3.540667457
208.000000000 -3.303743807
207.000000000 -3.285464496
206.000000000 -3.302695123
205.000000000 -2.874781408
204.000000000 -2.373409411
203.000000000 -1.911045689
202.000000000 -1.533360257
201.000000000 -1.663886751
200.000000000 0.129504474
199.000000000 -0.544681822
198.000000000 2.109108947
197.000000000 1.411657687
196.000000000 1.671963757
195.000000000 -0.198883155
194.000000000 9.722598910
193.000000000 4.514499299
192.000000000 28.226901960
191.000000000 -0.982496758
190.000000000 8.205514505
