250.000000000 -1.094499819
249.000000000 -0.763669511
248.000000000 -1.014038279
247.000000000 -0.648473582
246.000000000 -0.764473258
245.000000000 -0.864906507
244.000000000 -0.761748868
243.000000000 -1.009725638
242.000000000 -1.055577735
241.000000000 -1.253546065
240.000000000 -1.345666954
239.000000000 -1.413447088
238.000000000 -1.462578351
237.000000000 -1.754481268
236.000000000 -1.834237882
235.000000000 -2.121715431
234.000000000 -1.909873304
233.000000000 -2.531208899
232.000000000 -2.566610572
231.000000000 -2.953348965
230.000000000 -3.029266443
229.000000000 -3.163836424
228.000000000 -3.408844537
227.000000000 -3.518612035
226.000000000 -3.741971079
225.000000000 -4.033795929
224.000000000 -4.133518373
223.000000000 -4.111320957
222.000000000 -4.416043317
221.000000000 -4.337176872
220.000000000 -4.221430974
219.000000000 -4.640680487
218.000000000 -4.134489940
217.000000000 -4.570070374
216.000000000 -4.387155479
215.000000000 -4.401022894
214.000000000 -3.926708244
213.000000000 -4.543356055
212.000000000 -4.632477278
211.000000000 -4.496252555
210.000000000 -4.199517916
209.000000000 -4.304892828
208.000000000 -3.771011629
207.000000000 -3.986368843
206.000000000 -3.700997516
205.000000000 -3.204461813
204.000000000 -3.186376852
203.000000000 -2.578858444
202.000000000 -1.458448753
201.000000000 -0.853804065
200.000000000 -0.052270265
199.000000000 0.805781934
198.000000000 3.229614820
197.000000000 1.340253055
196.000000000 3.448876162
195.000000000 2.130013984
194.000000000 1.414319722
193.000000000 4.193479943
192.000000000 6.051272233
191.000000000 7.414830226
190.000000000 27.280552775
