250.000000000 -0.715366734
249.000000000 -0.399529555
248.000000000 -0.695051009
247.000000000 -0.763077248
246.000000000 -0.611346396
245.000000000 -0.770463949
244.000000000 -0.814658474
243.000000000 -0.720498578
242.000000000 -0.945994280
241.000000000 -0.850505406
240.000000000 -1.056440997
239.000000000 -1.271905458
238.000000000 -1.271780973
237.000000000 -1.329813476
236.000000000 -1.439040792
235.000000000 -1.734894794
234.000000000 -2.092490127
233.000000000 -1.944195871
232.000000000 -2.183234017
231.000000000 -2.556953728
230.000000000 -2.504702489
229.000000000 -2.463882816
228.000000000 -2.682845843
227.000000000 -3.002484686
226.000000000 -2.964268015
225.000000000 -3.621451893
224.000000000 -3.118511495
223.000000000 -3.217392573
222.000000000 -3.414389730
221.000000000 -3.749463004
220.000000000 -3.512786735
219.000000000 -3.733028860
218.000000000 -3.504606199
217.000000000 -3.602204090
216.000000000 -3.714820683
215.000000000 -3.085111408
214.000000000 -3.753311829
213.000000000 -3.480534079
212.000000000 -3.594675203
211.000000000 -3.396438051
210.000000000 -3.293397222
209.000000000 -3.467960287
208.000000000 -3.377904884
207.000000000 -4.039378954
206.000000000 -3.214445231
205.000000000 -2.721381943
204.000000000 -2.614602259
203.000000000 -2.465705490
202.000000000 -1.697381646
201.000000000 -0.997463764
200.000000000 0.853988818
199.000000000 0.104602011
198.000000000 1.037676950
197.000000000 0.122080942
196.000000000 1.838589216
195.000000000 -0.655980388
194.000000000 8.695883967
193.000000000 31.907648356
192.000000000 17.853935217
191.000000000 39.733649871
190.000000000 8.961452995
