250.000000000 -0.862698950
249.000000000 -0.812959699
248.000000000 -0.935021478
247.000000000 -1.045543163
246.000000000 -1.016283349
245.000000000 -1.229425011
244.000000000 -1.258361797
243.000000000 -1.163423932
242.000000000 -1.180939926
241.000000000 -1.340936413
240.000000000 -1.471797352
239.000000000 -1.800753577
238.000000000 -1.773928878
237.000000000 -2.064566076
236.000000000 -2.302545098
235.000000000 -2.707023133
234.000000000 -2.864428200
233.000000000 -3.435662910
232.000000000 -3.710720899
231.000000000 -3.886385515
230.000000000 -4.548024863
229.000000000 -4.674901182
228.000000000 -4.867546235
227.000000000 -5.189572172
226.000000000 -5.187626931
225.000000000 -5.378213256
224.000000000 -5.480477276
223.000000000 -5.659627074
222.000000000 -5.471751431
221.000000000 -5.426549172
220.000000000 -5.770651220
219.000000000 -5.616002147
218.000000000 -5.472976953
217.000000000 -5.583789897
216.000000000 -5.582864157
215.000000000 -5.644777499
214.000000000 -5.430768229
213.000000000 -5.372620139
212.000000000 -5.433823862
211.000000000 -5.086949194
210.000000000 -5.060700256
209.000000000 -5.055607043
208.000000000 -4.362412595
207.000000000 -3.900272617
206.000000000 -3.704988548
205.000000000 -3.065571039
204.000000000 -1.943402397
203.000000000 -0.562867779
202.000000000 0.705520533
201.000000000 2.210042101
200.000000000 3.949665249
199.000000000 4.023549859
198.000000000 7.048822387
197.000000000 6.610291576
196.000000000 8.110485693
195.000000000 9.390790564
194.000000000 7.921587594
193.000000000 7.647701855
192.000000000 5.654949140
191.000000000 4.355375782
190.000000000 -4.001875908
