250.000000000 -0.715249945
249.000000000 -0.588697513
248.000000000 -0.588926799
247.000000000 -0.636203776
246.000000000 -0.795415739
245.000000000 -0.704720703
244.000000000 -0.870337759
243.000000000 -0.893257140
242.000000000 -1.249806320
241.000000000 -1.178413692
240.000000000 -1.421793490
239.000000000 -1.726058240
238.000000000 -1.668429641
237.000000000 -2.131210764
236.000000000 -2.325424960
235.000000000 -2.724475940
234.000000000 -2.994183176
233.000000000 -3.539429739
232.000000000 -3.626881109
231.000000000 -4.149117632
230.000000000 -4.347708752
229.000000000 -4.760387611
228.000000000 -4.854864041
227.000000000 -5.275580477
226.000000000 -5.255636120
225.000000000 -5.732339773
224.000000000 -5.766162380
223.000000000 -5.942093866
222.000000000 -5.977508806
221.000000000 -5.910784225
220.000000000 -5.792475600
219.000000000 -6.105331987
218.000000000 -5.449944834
217.000000000 -5.944304085
216.000000000 -5.162306145
215.000000000 -5.389759608
214.000000000 -5.275173801
213.000000000 -5.259727139
212.000000000 -5.334220295
211.000000000 -5.325279992
210.000000000 -5.365811074
209.000000000 -4.840273921
208.000000000 -4.759424062
207.000000000 -3.883534716
206.000000000 -3.240475046
205.000000000 -2.171309549
204.000000000 -1.065607595
203.000000000 0.249626678
202.000000000 0.846045333
201.000000000 2.761617838
200.000000000 5.199856424
199.000000000 6.326398701
198.000000000 8.366201730
197.000000000 9.958276236
196.000000000 9.829901296
195.000000000 10.569929693
194.000000000 9.092567789
193.000000000 8.913631420
192.000000000 10.399305338
191.000000000 8.792935508
190.000000000 1.752038245
