250.000000000 -0.762814130
249.000000000 -0.834055201
248.000000000 -0.728721724
247.000000000 -0.948887512
246.000000000 -0.576590459
245.000000000 -0.861898766
244.000000000 -1.208167692
243.000000000 -0.915009453
242.000000000 -1.053298305
241.000000000 -0.880678492
240.000000000 -1.171183008
239.000000000 -0.991433637
238.000000000 -1.089866235
237.000000000 -1.416955740
236.000000000 -1.366068842
235.000000000 -1.763121665
234.000000000 -1.798014223
233.000000000 -2.218476541
232.000000000 -2.253103758
231.000000000 -2.760281774
230.000000000 -2.517599078
229.000000000 -2.944772460
228.000000000 -2.875581682
227.000000000 -3.087102790
226.000000000 -3.003298600
225.000000000 -3.599262294
224.000000000 -3.351015389
223.000000000 -3.865349362
222.000000000 -4.205512735
221.000000000 -3.999369543
220.000000000 -3.937409128
219.000000000 -3.477621254
218.000000000 -4.140203741
217.000000000 -3.797496286
216.000000000 -4.236520473
215.000000000 -3.889594467
214.000000000 -3.841847183
213.000000000 -3.902134437
212.000000000 -4.118866022
211.000000000 -4.245429357
210.000000000 -3.908249325
209.000000000 -4.112053036
208.000000000 -4.148102891
207.000000000 -3.571072768
206.000000000 -3.342338325
205.000000000 -3.299358212
204.000000000 -3.252510499
203.000000000 -2.625513863
202.000000000 -2.324141093
201.000000000 -1.726468526
200.000000000 -0.919140595
199.000000000 0.798418207
198.000000000 0.338756633
197.000000000 1.710562153
196.000000000 2.754008618
195.000000000 2.625321756
194.000000000 1.579118075
193.000000000 2.276808026
192.000000000 1.344411257
191.000000000 4.679838456
190.000000000 1.771319542
