250.000000000 -0.620030532
249.000000000 -0.480220274
248.000000000 -0.835056229
247.000000000 -0.704208129
246.000000000 -0.820181018
245.000000000 -0.878284770
244.000000000 -0.722374715
243.000000000 -0.876039526
242.000000000 -0.848243110
241.000000000 -0.919974120
240.000000000 -0.970915282
239.000000000 -1.234889368
238.000000000 -1.403013427
237.000000000 -1.768847489
236.000000000 -1.309078082
235.000000000 -1.693330944
234.000000000 -1.946292639
233.000000000 -2.280983631
232.000000000 -2.373721960
231.000000000 -2.355442130
230.000000000 -2.371447424
229.000000000 -2.599858665
228.000000000 -2.837506888
227.000000000 -2.972352745
226.000000000 -3.196157709
225.000000000 -3.462722811
224.000000000 -3.543061697
223.000000000 -3.630561678
222.000000000 -3.639940036
221.000000000 -3.792887089
220.000000000 -4.054275567
219.000000000 -3.860225586
218.000000000 -4.017605470
217.000000000 -3.519447693
216.000000000 -4.147670951
215.000000000 -3.874942017
214.000000000 -3.748473976
213.000000000 -3.821575736
212.000000000 -3.635283038
211.000000000 -3.923489193
210.000000000 -3.670740477
209.000000000 -3.405113786
208.000000000 -3.719448008
207.000000000 -3.274256747
206.000000000 -2.807723834
205.000000000 -3.412114863
204.000000000 -2.333397120
203.000000000 -1.681674318
202.000000000 -1.050311676
201.000000000 -0.678451048
200.000000000 0.646608305
199.000000000 -1.694938137
198.000000000 1.397117868
197.000000000 4.191626746
196.000000000 -0.345421371
195.000000000 7.307697103
194.000000000 10.056368854
193.000000000 9.369144321
192.000000000 6.764335556
191.000000000 21.401096031
190.000000000 19.664359380
