250.000000000 -0.729250544
249.000000000 -0.790035648
248.000000000 -0.905825719
247.000000000 -0.779211514
246.000000000 -0.786903410
245.000000000 -0.527851968
244.000000000 -0.979728298
243.000000000 -0.835225274
242.000000000 -0.823145557
241.000000000 -1.185459613
240.000000000 -1.230004250
239.000000000 -1.081320181
238.000000000 -1.146403268
237.000000000 -1.304283180
236.000000000 -1.644624393
235.000000000 -1.691424832
234.000000000 -1.942153239
233.000000000 -1.932317733
232.000000000 -2.061073386
231.000000000 -2.554264209
230.000000000 -2.660982734
229.000000000 -2.912988642
228.000000000 -3.161735277
227.000000000 -2.865739804
226.000000000 -3.168998822
225.000000000 -3.225395452
224.000000000 -3.567033801
223.000000000 -3.827477720
222.000000000 -3.780006718
221.000000000 -3.981390487
220.000000000 -3.942182036
219.000000000 -4.093356926
218.000000000 -4.043195802
217.000000000 -4.233586814
216.000000000 -3.852033697
215.000000000 -4.449302062
214.000000000 -4.360333577
213.000000000 -4.165987452
212.000000000 -3.879248349
211.000000000 -4.346526467
210.000000000 -3.439687838
209.000000000 -3.970835711
208.000000000 -4.163521117
207.000000000 -3.938387786
206.000000000 -3.993060061
205.000000000 -3.367828928
204.000000000 -2.959043748
203.000000000 -2.845200427
202.000000000 -1.518599465
201.000000000 -0.934146975
200.000000000 -0.063609860
199.000000000 -0.258560675
198.000000000 1.152772504
197.000000000 1.448271873
196.000000000 2.557007511
195.000000000 1.128241913
194.000000000 3.251771073
193.000000000 2.192789598
192.000000000 4.988469544
191.000000000 0.303037860
190.000000000 8.179598482
