250.000000000 -0.808042572
249.000000000 -0.693031111
248.000000000 -0.835686158
247.000000000 -0.964761211
246.000000000 -0.774754467
245.000000000 -0.933550649
244.000000000 -0.816383369
243.000000000 -0.902672171
242.000000000 -1.058592264
241.000000000 -1.093141051
240.000000000 -1.124392643
239.000000000 -1.142607977
238.000000000 -1.185593387
237.000000000 -1.374534001
236.000000000 -1.390403895
235.000000000 -1.493962485
234.000000000 -1.977772481
233.000000000 -2.072089323
232.000000000 -2.313569149
231.000000000 -2.629108188
230.000000000 -2.415618670
229.000000000 -2.399523189
228.000000000 -2.690831195
227.000000000 -2.567644097
226.000000000 -2.589470149
225.000000000 -3.256770743
224.000000000 -3.044308714
223.000000000 -3.518847073
222.000000000 -3.691404475
221.000000000 -3.750151746
220.000000000 -3.728840069
219.000000000 -3.579979208
218.000000000 -3.428683576
217.000000000 -3.909693658
216.000000000 -3.645280584
215.000000000 -3.797821179
214.000000000 -3.429115753
213.000000000 -3.631632629
212.000000000 -3.771817541
211.000000000 -3.589009851
210.000000000 -3.349941228
209.000000000 -3.655437267
208.000000000 -3.887750731
207.000000000 -3.093075997
206.000000000 -3.074525084
205.000000000 -2.183185940
204.000000000 -2.202229156
203.000000000 -2.027977040
202.000000000 -1.103430717
201.000000000 -0.770430714
200.000000000 -0.173654250
199.000000000 -1.017418677
198.000000000 0.660234429
197.000000000 -0.443373840
196.000000000 -0.440398592
195.000000000 4.503142886
194.000000000 -1.896787692
193.000000000 -5.995827690
192.000000000 6.547985239
191.000000000 -16.899567352
190.000000000 3.823880708
