250.000000000 -0.910740107
249.000000000 -0.773332320
248.000000000 -0.847891993
247.000000000 -0.728767535
246.000000000 -0.885772591
245.000000000 -0.929969719
244.000000000 -1.015737175
243.000000000 -1.202702873
242.000000000 -1.079014161
241.000000000 -1.115151343
240.000000000 -0.976190041
239.000000000 -1.130175286
238.000000000 -1.405338559
237.000000000 -1.118194072
236.000000000 -1.711028485
235.000000000 -1.980525494
234.000000000 -2.053996633
233.000000000 -2.349339560
232.000000000 -2.177130226
231.000000000 -2.555793680
230.000000000 -3.003924890
229.000000000 -2.745730770
228.000000000 -2.610332243
227.000000000 -2.825770365
226.000000000 -2.954086625
225.000000000 -3.600460922
224.000000000 -3.414481349
223.000000000 -3.766323942
222.000000000 -3.939063800
221.000000000 -3.903367170
220.000000000 -4.000174774
219.000000000 -3.920145210
218.000000000 -3.935790156
217.000000000 -3.527751090
216.000000000 -3.898676305
215.000000000 -4.059233276
214.000000000 -4.223446985
213.000000000 -4.004823045
212.000000000 -4.024359122
211.000000000 -4.409366955
210.000000000 -4.014776347
209.000000000 -3.600880811
208.000000000 -3.755878414
207.000000000 -3.438634742
206.000000000 -3.260321015
205.000000000 -2.965894284
204.000000000 -2.655128144
203.000000000 -2.288750655
202.000000000 -1.568184100
201.000000000 -1.543977547
200.000000000 -0.482286528
199.000000000 1.426273943
198.000000000 -0.169159051
197.000000000 0.426571726
196.000000000 2.855406190
195.000000000 6.839175650
194.000000000 5.445924154
193.000000000 2.975462441
192.000000000 7.229571014
191.000000000 22.593282553
190.000000000 0.102037231
