250.000000000 -0.591210838
249.000000000 -0.729354497
248.000000000 -0.650666624
247.000000000 -0.778633431
246.000000000 -0.816199627
245.000000000 -0.864733543
244.000000000 -0.741045601
243.000000000 -0.865306084
242.000000000 -0.851505953
241.000000000 -1.165154072
240.000000000 -1.102850996
239.000000000 -1.058001305
238.000000000 -0.979339726
237.000000000 -1.331325366
236.000000000 -1.573350834
235.000000000 -1.721684744
234.000000000 -1.857713953
233.000000000 -2.153842067
232.000000000 -2.248619308
231.000000000 -2.183069507
230.000000000 -2.706400727
229.000000000 -2.478145192
228.000000000 -2.894013118
227.000000000 -2.861314410
226.000000000 -3.006042438
225.000000000 -3.348487236
224.000000000 -3.450015196
223.000000000 -3.210007674
222.000000000 -3.632269442
221.000000000 -3.720814067
220.000000000 -3.483486322
219.000000000 -3.731460400
218.000000000 -3.976354512
217.000000000 -3.517183570
216.000000000 -3.981558722
215.000000000 -3.849760509
214.000000000 -3.688311048
213.000000000 -3.533778243
212.000000000 -3.354877104
211.000000000 -3.304818738
210.000000000 -3.168514422
209.000000000 -3.803469220
208.000000000 -3.188669411
207.000000000 -3.336534042
206.000000000 -3.219926966
205.000000000 -2.304723525
204.000000000 -2.323424174
203.000000000 -3.115729942
202.000000000 -2.913313461
201.000000000 -0.916190968
200.000000000 -0.137213754
199.000000000 -0.387202421
198.000000000 1.557835150
197.000000000 0.774854187
196.000000000 0.178997044
195.000000000 -2.915913812
194.000000000 3.498924363
193.000000000 -2.878482521
192.000000000 5.808881418
191.000000000 -9.123438766
190.000000000 -10.121837806
