250.000000000 -0.716621705
249.000000000 -0.636823876
248.000000000 -0.638273458
247.000000000 -0.696998364
246.000000000 -0.964070298
245.000000000 -0.608164131
244.000000000 -0.740616361
243.000000000 -0.618061467
242.000000000 -0.742281853
241.000000000 -1.016371965
240.000000000 -0.975857723
239.000000000 -1.036198003
238.000000000 -1.039507715
237.000000000 -1.472574088
236.000000000 -1.408752412
235.000000000 -1.430716121
234.000000000 -1.804190585
233.000000000 -1.875122047
232.000000000 -2.362049953
231.000000000 -2.302993895
230.000000000 -2.554078314
229.000000000 -2.540078116
228.000000000 -2.894915474
227.000000000 -2.960928198
226.000000000 -3.083237925
225.000000000 -3.348427858
224.000000000 -3.477863771
223.000000000 -3.491473200
222.000000000 -4.107550555
221.000000000 -3.587589596
220.000000000 -3.691691819
219.000000000 -4.232029805
218.000000000 -3.812219491
217.000000000 -3.881530775
216.000000000 -4.044141746
215.000000000 -4.454230733
214.000000000 -4.307169804
213.000000000 -4.443357892
212.000000000 -4.106954331
211.000000000 -4.348930526
210.000000000 -4.503488081
209.000000000 -4.034082952
208.000000000 -4.225418570
207.000000000 -3.958433943
206.000000000 -3.508638184
205.000000000 -3.234229665
204.000000000 -3.119798552
203.000000000 -2.723238348
202.000000000 -2.046584915
201.000000000 -2.000874484
200.000000000 -0.499585536
199.000000000 -0.633153580
198.000000000 0.367555722
197.000000000 1.110164899
196.000000000 1.940025365
195.000000000 1.884366823
194.000000000 1.346937102
193.000000000 3.340034493
192.000000000 1.378665575
191.000000000 3.685524555
190.000000000 3.452942718
