250.000000000 -0.984778400
249.000000000 -0.577581220
248.000000000 -0.569070981
247.000000000 -0.735118785
246.000000000 -0.761041351
245.000000000 -0.840579837
244.000000000 -0.936615509
243.000000000 -0.840242058
242.000000000 -0.943710110
241.000000000 -0.625171021
240.000000000 -0.856886893
239.000000000 -1.419127099
238.000000000 -1.168413619
237.000000000 -1.194876106
236.000000000 -1.503540143
235.000000000 -1.693579407
234.000000000 -1.975333394
233.000000000 -2.023477365
232.000000000 -2.263973664
231.000000000 -2.371939173
230.000000000 -2.362229552
229.000000000 -2.526115023
228.000000000 -2.841133954
227.000000000 -2.935968626
226.000000000 -3.107722455
225.000000000 -3.348118944
224.000000000 -3.285874329
223.000000000 -3.656266068
222.000000000 -3.725558072
221.000000000 -3.534816702
220.000000000 -3.764072174
219.000000000 -3.538392047
218.000000000 -3.968146380
217.000000000 -3.943960815
216.000000000 -4.037323076
215.000000000 -3.942298651
214.000000000 -4.211284244
213.000000000 -4.202442637
212.000000000 -4.000602169
211.000000000 -4.121044651
210.000000000 -4.002921305
209.000000000 -3.473600987
208.000000000 -3.769867819
207.000000000 -3.588385047
206.000000000 -3.495994553
205.000000000 -3.280771616
204.000000000 -3.088305276
203.000000000 -2.432796556
202.000000000 -1.968692092
201.000000000 -0.321358365
200.000000000 -1.062019579
199.000000000 0.042215845
198.000000000 0.827197450
197.000000000 1.522881203
196.000000000 3.662421443
195.000000000 5.284088197
194.000000000 3.347439564
193.000000000 -1.375713323
192.000000000 -1.827711343
191.000000000 -13.742630587
190.000000000 15.725603453
