250.000000000 -0.594438570
249.000000000 -0.842808907
248.000000000 -0.643063936
247.000000000 -0.819443984
246.000000000 -0.817413207
245.000000000 -0.894414030
244.000000000 -1.035512485
243.000000000 -0.741334770
242.000000000 -1.198200480
241.000000000 -1.163188888
240.000000000 -1.171812162
239.000000000 -1.312505675
238.000000000 -1.513640090
237.000000000 -1.673480263
236.000000000 -1.661904689
235.000000000 -2.075209149
234.000000000 -2.266950386
233.000000000 -2.340054314
232.000000000 -2.317886047
231.000000000 -2.821830790
230.000000000 -2.853274180
229.000000000 -3.023508490
228.000000000 -3.414540599
227.000000000 -3.499709426
226.000000000 -3.765549866
225.000000000 -3.728714529
224.000000000 -3.675219853
223.000000000 -3.865589309
222.000000000 -3.874660707
221.000000000 -4.096074694
220.000000000 -4.152460978
219.000000000 -4.276163333
218.000000000 -3.889802672
217.000000000 -4.318778793
216.000000000 -4.058018798
215.000000000 -4.194569212
214.000000000 -4.505008837
213.000000000 -4.355156134
212.000000000 -4.459339486
211.000000000 -4.324037107
210.000000000 -4.198180392
209.000000000 -4.577105602
208.000000000 -3.912491371
207.000000000 -3.830282058
206.000000000 -3.533074609
205.000000000 -3.330178300
204.000000000 -2.804053493
203.000000000 -2.386738399
202.000000000 -1.234624433
201.000000000 -1.397228540
200.000000000 -0.205865415
199.000000000 -0.325172406
198.000000000 0.345376878
197.000000000 3.873667510
196.000000000 2.274225505
195.000000000 4.967624291
194.000000000 9.481841455
193.000000000 6.985174157
192.000000000 0.704964106
191.000000000 12.334918569
190.000000000 1.931826636
