250.000000000 -0.915539877
249.000000000 -0.536033230
248.000000000 -0.702590739
247.000000000 -0.864175622
246.000000000 -0.788404759
245.000000000 -0.977208522
244.000000000 -0.735679057
243.000000000 -0.993700914
242.000000000 -0.837285297
241.000000000 -1.303841503
240.000000000 -1.051212426
239.000000000 -1.467099110
238.000000000 -1.661831800
237.000000000 -1.565676695
236.000000000 -1.926657295
235.000000000 -2.089639226
234.000000000 -2.206472122
233.000000000 -2.470539859
232.000000000 -2.558122469
231.000000000 -2.555581582
230.000000000 -2.907516014
229.000000000 -2.939613520
228.000000000 -3.339963427
227.000000000 -3.054953613
226.000000000 -3.620178065
225.000000000 -3.600334179
224.000000000 -3.656797010
223.000000000 -4.009669490
222.000000000 -4.076776840
221.000000000 -3.937173268
220.000000000 -4.165678503
219.000000000 -4.365714158
218.000000000 -4.309343186
217.000000000 -4.469202794
216.000000000 -4.056537322
215.000000000 -4.093524558
214.000000000 -4.422327776
213.000000000 -4.352558703
212.000000000 -4.340860535
211.000000000 -3.917334924
210.000000000 -3.890679312
209.000000000 -3.941714350
208.000000000 -4.163680408
207.000000000 -3.648087481
206.000000000 -3.516444535
205.000000000 -2.613220510
204.000000000 -3.003128913
203.000000000 -1.766506032
202.000000000 -1.913581635
201.000000000 -1.071696834
200.000000000 -1.284426379
199.000000000 -0.352008327
198.000000000 1.480520561
197.000000000 2.643921558
196.000000000 3.203521054
195.000000000 2.335562581
194.000000000 7.493859766
193.000000000 6.779779059
192.000000000 13.193582551
191.000000000 17.606083409
190.000000000 -23.930868311
