250.000000000 -0.733656242
249.000000000 -0.979143457
248.000000000 -0.777566387
247.000000000 -0.985267370
246.000000000 -0.934776865
245.000000000 -1.170389257
244.000000000 -0.971634443
243.000000000 -1.101723227
242.000000000 -1.228819775
241.000000000 -1.200657152
240.000000000 -1.314286820
239.000000000 -1.775447957
238.000000000 -2.309497711
237.000000000 -1.999649139
236.000000000 -2.292646112
235.000000000 -2.744532270
234.000000000 -2.914680974
233.000000000 -3.295030222
232.000000000 -3.453451968
231.000000000 -3.870685362
230.000000000 -4.231801531
229.000000000 -4.611648420
228.000000000 -4.910258168
227.000000000 -4.782035694
226.000000000 -5.365829598
225.000000000 -5.153473682
224.000000000 -5.392114923
223.000000000 -5.571512061
222.000000000 -5.497331479
221.000000000 -5.408993272
220.000000000 -5.501844564
219.000000000 -5.473501966
218.000000000 -5.470814167
217.000000000 -5.277853098
216.000000000 -5.190284284
215.000000000 -5.195492146
214.000000000 -5.308511409
213.000000000 -5.340891759
212.000000000 -5.475100415
211.000000000 -5.461981515
210.000000000 -5.424699572
209.000000000 -4.921655985
208.000000000 -4.653747142
207.000000000 -4.250194223
206.000000000 -3.386462033
205.000000000 -2.711341334
204.000000000 -1.589806206
203.000000000 -0.619994363
202.000000000 0.025108470
201.000000000 0.839300014
200.000000000 2.514840667
199.000000000 4.924405021
198.000000000 6.725863152
197.000000000 7.170408642
196.000000000 7.277400589
195.000000000 6.786612622
194.000000000 8.715442480
193.000000000 6.135896454
192.000000000 6.871840593
191.000000000 8.948600901
190.000000000 0.239409772
