250.000000000 -0.707534102
249.000000000 -0.674840314
248.000000000 -0.959986355
247.000000000 -0.746178925
246.000000000 -1.014135806
245.000000000 -0.900085716
244.000000000 -1.050440669
243.000000000 -0.786343274
242.000000000 -1.023552750
241.000000000 -0.932531635
240.000000000 -1.259133727
239.000000000 -1.428431712
238.000000000 -1.229995047
237.000000000 -1.213955090
236.000000000 -1.384801475
235.000000000 -1.863910945
234.000000000 -1.977072323
233.000000000 -2.250344277
232.000000000 -2.195931830
231.000000000 -2.491466693
230.000000000 -2.602158050
229.000000000 -2.927669970
228.000000000 -2.841291493
227.000000000 -3.292180246
226.000000000 -2.943568267
225.000000000 -3.352237781
224.000000000 -3.402428132
223.000000000 -3.842788150
222.000000000 -3.564709643
221.000000000 -3.814840132
220.000000000 -4.031621732
219.000000000 -4.042841164
218.000000000 -4.215070352
217.000000000 -3.961570981
216.000000000 -3.921041455
215.000000000 -4.235351814
214.000000000 -4.138668581
213.000000000 -3.937440597
212.000000000 -4.338173704
211.000000000 -3.807091277
210.000000000 -4.215716674
209.000000000 -3.789791526
208.000000000 -3.716138107
207.000000000 -3.639033194
206.000000000 -3.468894121
205.000000000 -3.313423199
204.000000000 -2.815911616
203.000000000 -2.336445684
202.000000000 -1.571981500
201.000000000 -1.327919716
200.000000000 0.137436943
199.000000000 0.353555341
198.000000000 0.420012847
197.000000000 0.602144834
196.000000000 1.245338491
195.000000000 0.970080429
194.000000000 4.418552305
193.000000000 4.117624214
192.000000000 3.709782857
191.000000000 9.100727941
190.000000000 6.290613653
