250.000000000 -0.826851642
249.000000000 -1.048405759
248.000000000 -1.030506174
247.000000000 -1.131632648
246.000000000 -1.044990048
245.000000000 -1.204865733
244.000000000 -0.942678816
243.000000000 -0.909823288
242.000000000 -1.186349157
241.000000000 -1.167385854
240.000000000 -1.218215004
239.000000000 -1.365821593
238.000000000 -1.480860756
237.000000000 -1.810037997
236.000000000 -1.934377105
235.000000000 -2.299941120
234.000000000 -2.282250013
233.000000000 -2.743852932
232.000000000 -2.724411238
231.000000000 -3.073264783
230.000000000 -3.527749627
229.000000000 -3.597033586
228.000000000 -3.803699676
227.000000000 -3.573852243
226.000000000 -3.948836008
225.000000000 -4.063394987
224.000000000 -4.044764572
223.000000000 -4.395290605
222.000000000 -4.545045787
221.000000000 -4.666267754
220.000000000 -4.456549231
219.000000000 -4.272522907
218.000000000 -4.580352371
217.000000000 -4.532637958
216.000000000 -4.226157596
215.000000000 -4.499599295
214.000000000 -4.564701557
213.000000000 -4.809643229
212.000000000 -4.572056498
211.000000000 -4.572561880
210.000000000 -4.486996494
209.000000000 -4.307198236
208.000000000 -4.817328424
207.000000000 -3.911528030
206.000000000 -3.959607496
205.000000000 -3.813955068
204.000000000 -2.853614271
203.000000000 -2.024570008
202.000000000 -1.648679855
201.000000000 -0.652431976
200.000000000 0.213204618
199.000000000 0.327181905
198.000000000 1.764653386
197.000000000 1.510683366
196.000000000 0.457365859
195.000000000 4.273050656
194.000000000 2.958681187
193.000000000 4.090335947
192.000000000 -0.600445861
191.000000000 -4.216097641
190.000000000 0.152864856
