250.000000000 -0.834679507
249.000000000 -0.768406365
248.000000000 -0.917728894
247.000000000 -0.910613846
246.000000000 -0.830689853
245.000000000 -0.883649328
244.000000000 -0.869295353
243.000000000 -1.233889975
242.000000000 -1.113455077
241.000000000 -1.118605517
240.000000000 -1.293700805
239.000000000 -1.540976599
238.000000000 -1.365132297
237.000000000 -1.730001835
236.000000000 -1.691135615
235.000000000 -2.109670810
234.000000000 -2.255996756
233.000000000 -2.416390816
232.000000000 -2.878038567
231.000000000 -2.737496041
230.000000000 -3.339827845
229.000000000 -3.218695541
228.000000000 -3.339420389
227.000000000 -3.554008815
226.000000000 -3.792016228
225.000000000 -3.683748272
224.000000000 -4.178323346
223.000000000 -4.491495501
222.000000000 -4.531054558
221.000000000 -4.332811295
220.000000000 -4.517012529
219.000000000 -4.406850899
218.000000000 -4.339116426
217.000000000 -4.785779380
216.000000000 -4.786521764
215.000000000 -4.574363540
214.000000000 -4.482785627
213.000000000 -4.497187855
212.000000000 -4.677315287
211.000000000 -4.775380140
210.000000000 -4.751367489
209.000000000 -4.608000418
208.000000000 -4.036724253
207.000000000 -3.965122929
206.000000000 -3.485485881
205.000000000 -3.479812944
204.000000000 -2.598616556
203.000000000 -2.513946520
202.000000000 -1.895485415
201.000000000 -1.376363812
200.000000000 0.273641237
199.000000000 0.721273639
198.000000000 0.403452875
197.000000000 2.750674917
196.000000000 4.909159248
195.000000000 2.920202969
194.000000000 1.930165727
193.000000000 3.676329528
192.000000000 -3.446632226
191.000000000 -6.888847112
190.000000000 12.602191093
