250.000000000 -0.708426447
249.000000000 -0.814928343
248.000000000 -0.853369531
247.000000000 -0.809214728
246.000000000 -0.627499670
245.000000000 -1.179199205
244.000000000 -0.857562847
243.000000000 -1.096484830
242.000000000 -0.862168306
241.000000000 -1.124084382
240.000000000 -1.023232760
239.000000000 -1.275101070
238.000000000 -1.278968693
237.000000000 -1.202826224
236.000000000 -1.533207388
235.000000000 -1.869662551
234.000000000 -1.984829555
233.000000000 -2.042996128
232.000000000 -2.538970384
231.000000000 -2.686248357
230.000000000 -2.621437501
229.000000000 -2.866207747
228.000000000 -2.623003626
227.000000000 -2.937338972
226.000000000 -3.269225479
225.000000000 -3.299928663
224.000000000 -3.551246169
223.000000000 -3.874206548
222.000000000 -3.929938672
221.000000000 -3.620084342
220.000000000 -3.996064929
219.000000000 -4.211883286
218.000000000 -3.658056629
217.000000000 -4.138300697
216.000000000 -4.031253553
215.000000000 -3.861372695
214.000000000 -4.478010831
213.000000000 -4.178839576
212.000000000 -4.980751760
211.000000000 -4.156351916
210.000000000 -3.966483728
209.000000000 -4.323949625
208.000000000 -4.122904252
207.000000000 -3.945021939
206.000000000 -3.856024843
205.000000000 -3.207228493
204.000000000 -2.537178078
203.000000000 -2.110973398
202.000000000 -1.588085478
201.000000000 -1.176190399
200.000000000 -1.275535355
199.000000000 -0.952397859
198.000000000 0.454686840
197.000000000 0.968028694
196.000000000 0.235047804
195.000000000 2.027214971
194.000000000 1.789155064
193.000000000 5.379043912
192.000000000 8.368641806
191.000000000 6.139128226
190.000000000 2.606476615
