Frame	Min_Distance
0	41.042
1	33.463
2	32.438
3	27.653
4	34.220
5	29.678
6	30.325
7	33.267
8	31.629
9	30.455
10	31.720
11	30.020
12	29.614
13	32.360
14	29.201
15	32.623
16	37.840
17	31.562
18	26.565
19	30.863
20	26.043
21	36.457
22	29.505
23	26.362
24	22.650
25	17.511
26	12.380
27	13.832
28	17.717
29	21.716
30	25.779
31	24.685
32	24.455
33	28.125
34	21.598
35	13.830
36	9.944
37	8.541
38	7.869
39	6.423
40	5.976
41	2.691
42	2.439
43	2.538
44	2.437
45	2.429
46	2.194
47	2.101
48	2.198
49	2.154
50	2.162
51	1.986
52	2.218
53	2.145
54	2.175
55	2.138
56	2.081
57	2.209
58	2.093
59	2.175
60	2.056
61	2.075
62	2.172
63	2.058
64	2.075
65	2.138
66	2.113
67	2.108
68	1.996
69	2.163
70	2.342
71	2.178
72	2.288
73	2.122
74	1.965
75	2.077
76	1.870
77	2.127
78	2.157
79	2.030
80	2.081
81	2.214
82	2.096
83	2.263
84	1.837
85	2.018
86	2.135
87	2.353
88	1.535
89	2.094
90	2.162
91	1.919
92	2.177
93	2.302
94	2.136
95	2.205
96	1.960
97	2.187
98	2.333
99	2.314
100	2.335
101	2.088
102	1.990
103	2.223
104	2.008
105	2.022
106	2.081
107	2.142
108	2.128
109	2.107
110	2.101
111	2.025
112	2.121
113	2.109
114	1.973
115	2.053
116	2.172
117	2.134
118	2.181
119	1.888
120	2.113
121	2.114
122	2.287
123	2.404
124	2.051
125	2.472
126	2.105
127	2.113
128	2.203
129	2.160
130	2.102
131	2.394
132	2.558
133	2.184
134	2.244
135	2.219
136	2.408
137	2.489
138	2.182
139	1.839
140	2.028
141	2.264
142	2.220
143	2.001
144	2.197
145	2.212
146	2.213
147	2.062
148	1.965
149	2.187
150	1.923
151	2.181
152	2.041
153	2.081
154	2.020
155	2.057
156	2.048
157	1.872
158	2.173
159	2.300
160	2.281
161	2.201
162	2.378
163	2.102
164	2.161
165	2.005
166	2.260
167	2.230
168	2.326
169	2.221
170	2.038
171	2.035
172	2.156
173	2.081
174	2.058
175	2.006
176	1.933
177	2.386
178	2.076
179	2.088
180	2.240
181	2.447
182	2.054
183	2.096
184	2.145
185	2.114
186	2.475
187	2.110
188	2.067
189	2.153
190	2.220
191	1.987
192	2.126
193	2.081
194	2.018
195	2.497
196	2.343
197	2.104
198	2.141
199	1.964
200	1.918
201	2.190
202	2.415
203	1.913
204	2.176
205	2.153
206	2.292
207	2.283
208	2.283
209	2.169
210	2.279
211	2.171
212	1.965
213	2.391
214	1.957
215	2.186
216	2.127
217	2.105
218	2.077
219	2.170
220	2.440
221	2.303
222	2.190
223	2.293
224	2.319
225	2.214
226	2.152
227	2.269
228	2.194
229	2.218
230	2.244
231	2.132
232	2.194
233	1.997
234	2.300
235	2.265
236	2.055
237	2.134
238	2.175
239	2.027
240	1.665
241	2.175
242	2.005
243	2.266
244	2.084
245	2.039
246	1.636
247	1.846
248	2.126
249	2.247
250	2.048
251	2.240
252	2.006
253	2.094
254	2.103
255	2.113
256	1.868
257	2.257
258	2.055
259	1.993
260	2.238
261	2.229
262	2.169
263	2.179
264	2.075
265	2.103
266	2.211
267	2.000
268	1.947
269	2.063
270	2.299
271	2.170
272	2.117
273	2.240
274	2.334
275	2.197
276	2.136
277	2.194
278	1.928
279	2.091
280	2.168
281	2.067
282	2.198
283	2.050
284	2.059
285	1.998
286	2.127
287	2.244
288	2.059
289	2.037
290	2.257
291	1.981
292	1.672
293	2.178
294	2.194
295	2.130
296	2.017
297	1.843
298	2.097
299	2.031
300	2.391
301	2.206
302	2.047
303	2.097
304	1.989
305	2.202
306	2.150
307	2.177
308	2.117
309	1.915
310	1.899
311	2.137
312	2.235
313	2.174
314	2.144
315	1.985
316	2.049
317	1.689
318	2.032
319	1.968
320	2.285
321	1.808
322	1.754
323	2.122
324	2.099
325	2.198
326	1.974
327	2.114
328	1.959
329	2.043
330	2.033
331	2.025
332	2.235
333	2.024
334	2.140
335	1.840
336	2.049
337	2.061
338	1.950
339	2.138
340	2.246
341	2.121
342	2.213
343	2.132
344	1.984
345	2.291
346	2.192
347	1.900
348	2.116
349	2.039
350	2.139
351	2.350
352	1.910
353	2.171
354	2.625
355	2.285
356	2.115
357	2.269
358	2.373
359	2.384
360	2.244
361	2.092
362	2.468
363	2.150
364	2.153
365	2.269
366	2.189
367	2.229
368	2.486
369	1.938
370	1.919
371	2.255
372	2.370
373	2.042
374	2.185
375	1.911
376	2.327
377	2.279
378	2.303
379	2.177
380	2.116
381	2.021
382	2.224
383	2.314
384	2.075
385	2.110
386	2.116
387	2.026
388	2.052
389	2.247
390	2.309
391	2.212
392	2.300
393	2.097
394	1.950
395	1.978
396	2.233
397	2.017
398	2.363
399	2.258
400	2.176
401	2.270
402	2.273
403	2.324
404	2.282
405	2.066
406	2.432
407	2.114
408	2.031
409	2.064
410	2.354
411	2.367
412	2.254
413	2.101
414	2.395
415	2.220
416	1.893
417	2.233
418	2.271
419	2.294
420	2.221
421	2.266
422	2.018
423	2.226
424	2.209
425	1.971
426	2.244
427	2.326
428	2.141
429	2.110
430	2.208
431	2.194
432	2.206
433	2.463
434	1.954
435	2.244
436	2.117
437	2.332
438	2.352
439	2.206
440	2.313
441	2.527
442	2.196
443	2.333
444	2.386
445	2.265
446	2.669
447	2.051
448	2.073
449	2.169
450	2.174
451	2.557
452	2.537
453	2.130
454	2.295
455	2.368
456	2.152
457	2.703
458	2.340
459	2.013
460	2.298
461	2.253
462	2.521
463	2.384
464	2.368
465	2.366
466	2.198
467	2.713
468	2.180
469	2.196
470	2.641
471	2.384
472	2.141
473	2.176
474	2.126
475	2.442
476	2.177
477	2.467
478	2.738
479	2.161
480	2.159
481	2.268
482	2.181
483	2.053
484	2.244
485	1.909
486	2.530
487	2.274
488	2.291
489	2.267
490	2.280
491	1.968
492	1.780
493	2.365
494	2.222
495	2.459
496	2.441
497	2.048
498	2.647
499	2.598
500	2.195
501	2.221
502	2.356
503	2.336
504	2.472
505	2.424
506	2.513
507	2.757
508	1.973
509	2.447
510	2.323
511	2.133
512	2.087
513	2.136
514	2.331
515	2.299
516	2.331
517	2.148
518	2.227
519	2.058
520	2.050
521	2.018
522	2.127
523	2.510
524	2.257
525	2.172
526	1.928
527	2.322
528	2.146
529	2.153
530	2.470
531	2.285
532	2.426
533	2.092
534	2.587
535	2.239
536	2.028
537	2.070
538	2.130
539	1.983
540	2.118
541	1.995
542	2.101
543	2.154
544	2.229
545	2.137
546	2.571
547	2.154
548	1.996
549	2.343
550	2.097
551	2.061
552	2.438
553	1.705
554	2.426
555	2.488
556	2.421
557	2.139
558	2.463
559	2.637
560	2.507
561	2.519
562	2.530
563	4.303
564	3.020
565	4.113
566	2.723
567	5.220
568	4.691
569	5.824
570	15.883
571	14.895
572	15.000
573	15.978
574	14.319
575	13.161
576	21.278
577	47.496
578	44.144
579	48.923
580	19.174
581	43.765
582	23.266
583	22.748
584	42.539
585	39.307
586	37.187
587	36.552
588	39.077
589	31.713
590	37.490
591	40.039
592	36.592
593	39.958
594	41.181
595	39.818
596	40.268
597	47.280
598	49.174
599	45.393
600	46.845
601	42.286
602	36.604
603	48.520
604	49.414
605	51.355
606	52.400
607	50.723
608	45.408
609	45.146
610	52.629
611	46.514
612	55.983
613	54.882
614	54.557
615	51.149
616	50.546
617	41.093
618	39.601
619	41.451
620	41.335
621	46.224
622	47.459
623	45.309
624	45.133
625	44.731
626	41.181
627	37.905
628	40.011
629	32.471
630	34.402
631	41.054
632	42.856
633	46.141
634	41.031
635	36.325
636	38.811
637	28.071
638	29.939
639	36.044
640	33.838
641	31.260
642	31.919
643	31.361
644	21.830
645	25.287
646	25.994
647	28.460
648	34.683
649	30.000
650	23.313
651	24.208
652	24.902
653	22.100
654	16.396
655	21.833
656	16.574
657	19.862
658	9.198
659	8.984
660	8.712
661	11.633
662	12.028
663	13.947
664	14.491
665	17.175
666	13.448
667	8.858
668	16.539
669	18.001
670	16.630
671	24.718
672	22.292
673	20.428
674	19.229
675	15.692
676	18.559
677	20.033
678	22.410
679	26.627
680	26.272
681	22.096
682	19.535
683	23.046
684	25.753
685	25.825
686	23.394
687	20.299
688	19.629
689	14.324
690	11.274
691	9.557
692	4.506
693	2.713
694	5.341
695	4.332
696	5.245
697	8.548
698	12.848
699	5.076
700	7.420
