250.000000000 347.853820801
249.000000000 347.853820801
248.000000000 347.853820801
247.000000000 347.853820801
246.000000000 347.853820801
245.000000000 347.853820801
244.000000000 347.853820801
243.000000000 347.853820801
242.000000000 347.853820801
241.000000000 347.853820801
240.000000000 347.853820801
239.000000000 347.853820801
238.000000000 347.853820801
237.000000000 347.853820801
236.000000000 347.853820801
235.000000000 347.853820801
234.000000000 347.853820801
233.000000000 347.853820801
232.000000000 365.307098389
231.000000000 365.307098389
230.000000000 365.307098389
229.000000000 365.307098389
228.000000000 365.307098389
227.000000000 365.307098389
226.000000000 365.307098389
225.000000000 384.293823242
224.000000000 384.293823242
223.000000000 384.293823242
222.000000000 384.293823242
221.000000000 384.293823242
220.000000000 384.293823242
219.000000000 384.293823242
218.000000000 384.293823242
217.000000000 384.293823242
216.000000000 384.293823242
215.000000000 407.146514893
214.000000000 407.146514893
213.000000000 407.146514893
212.000000000 407.146514893
211.000000000 407.146514893
210.000000000 428.884887695
209.000000000 428.884887695
208.000000000 428.884887695
207.000000000 428.884887695
206.000000000 428.884887695
205.000000000 453.737243652
204.000000000 453.737243652
203.000000000 453.737243652
202.000000000 479.072601318
201.000000000 479.072601318
200.000000000 479.072601318
199.000000000 502.934143066
198.000000000 502.934143066
197.000000000 502.934143066
196.000000000 526.815002441
195.000000000 526.815002441
194.000000000 526.815002441
193.000000000 526.815002441
192.000000000 526.815002441
191.000000000 552.519653320
190.000000000 552.519653320
