250.000000000 345.433502197
249.000000000 345.433502197
248.000000000 345.433502197
247.000000000 345.433502197
246.000000000 345.433502197
245.000000000 345.433502197
244.000000000 345.433502197
243.000000000 345.433502197
242.000000000 345.433502197
241.000000000 345.433502197
240.000000000 345.433502197
239.000000000 345.433502197
238.000000000 345.433502197
237.000000000 345.433502197
236.000000000 345.433502197
235.000000000 345.433502197
234.000000000 365.148956299
233.000000000 365.148956299
232.000000000 365.148956299
231.000000000 365.148956299
230.000000000 365.148956299
229.000000000 365.148956299
228.000000000 365.148956299
227.000000000 365.148956299
226.000000000 365.148956299
225.000000000 365.148956299
224.000000000 365.148956299
223.000000000 383.882019043
222.000000000 383.882019043
221.000000000 383.882019043
220.000000000 383.882019043
219.000000000 383.882019043
218.000000000 383.882019043
217.000000000 383.882019043
216.000000000 403.403198242
215.000000000 403.403198242
214.000000000 403.403198242
213.000000000 403.403198242
212.000000000 403.403198242
211.000000000 424.803619385
210.000000000 424.803619385
209.000000000 424.803619385
208.000000000 424.803619385
207.000000000 449.148590088
206.000000000 449.148590088
205.000000000 449.148590088
204.000000000 449.148590088
203.000000000 471.643768311
202.000000000 471.643768311
201.000000000 471.643768311
200.000000000 471.643768311
199.000000000 499.811004639
198.000000000 499.811004639
197.000000000 499.811004639
196.000000000 499.811004639
195.000000000 499.811004639
194.000000000 524.138977051
193.000000000 524.138977051
192.000000000 524.138977051
191.000000000 524.138977051
190.000000000 524.138977051
