250.000000000 345.433502197
249.000000000 345.433502197
248.000000000 345.433502197
247.000000000 345.433502197
246.000000000 345.433502197
245.000000000 345.433502197
244.000000000 345.433502197
243.000000000 345.433502197
242.000000000 345.433502197
241.000000000 345.433502197
240.000000000 345.433502197
239.000000000 345.433502197
238.000000000 345.433502197
237.000000000 345.433502197
236.000000000 345.433502197
235.000000000 345.433502197
234.000000000 365.536132812
233.000000000 365.536132812
232.000000000 365.536132812
231.000000000 365.536132812
230.000000000 365.536132812
229.000000000 365.536132812
228.000000000 365.536132812
227.000000000 365.536132812
226.000000000 365.536132812
225.000000000 365.536132812
224.000000000 365.536132812
223.000000000 365.536132812
222.000000000 386.866943359
221.000000000 386.866943359
220.000000000 386.866943359
219.000000000 386.866943359
218.000000000 386.866943359
217.000000000 386.866943359
216.000000000 386.866943359
215.000000000 386.866943359
214.000000000 407.346130371
213.000000000 407.346130371
212.000000000 407.346130371
211.000000000 407.346130371
210.000000000 429.564178467
209.000000000 429.564178467
208.000000000 429.564178467
207.000000000 429.564178467
206.000000000 452.244049072
205.000000000 452.244049072
204.000000000 452.244049072
203.000000000 452.244049072
202.000000000 477.892761230
201.000000000 477.892761230
200.000000000 477.892761230
199.000000000 477.892761230
198.000000000 503.118347168
197.000000000 503.118347168
196.000000000 503.118347168
195.000000000 503.118347168
194.000000000 503.118347168
193.000000000 503.118347168
192.000000000 503.118347168
191.000000000 503.118347168
190.000000000 503.118347168
