250.000000000 345.433502197
249.000000000 345.433502197
248.000000000 345.433502197
247.000000000 345.433502197
246.000000000 345.433502197
245.000000000 345.433502197
244.000000000 345.433502197
243.000000000 345.433502197
242.000000000 345.433502197
241.000000000 345.433502197
240.000000000 345.433502197
239.000000000 345.433502197
238.000000000 345.433502197
237.000000000 345.433502197
236.000000000 345.433502197
235.000000000 364.309356689
234.000000000 364.309356689
233.000000000 364.309356689
232.000000000 364.309356689
231.000000000 364.309356689
230.000000000 364.309356689
229.000000000 364.309356689
228.000000000 364.309356689
227.000000000 364.309356689
226.000000000 364.309356689
225.000000000 364.309356689
224.000000000 364.309356689
223.000000000 385.315643311
222.000000000 385.315643311
221.000000000 385.315643311
220.000000000 385.315643311
219.000000000 385.315643311
218.000000000 385.315643311
217.000000000 385.315643311
216.000000000 385.315643311
215.000000000 385.315643311
214.000000000 406.076812744
213.000000000 406.076812744
212.000000000 406.076812744
211.000000000 406.076812744
210.000000000 429.546142578
209.000000000 429.546142578
208.000000000 429.546142578
207.000000000 429.546142578
206.000000000 454.617767334
205.000000000 454.617767334
204.000000000 454.617767334
203.000000000 454.617767334
202.000000000 477.912292480
201.000000000 477.912292480
200.000000000 477.912292480
199.000000000 477.912292480
198.000000000 503.371582031
197.000000000 503.371582031
196.000000000 503.371582031
195.000000000 503.371582031
194.000000000 503.371582031
193.000000000 503.371582031
192.000000000 503.371582031
191.000000000 503.371582031
190.000000000 503.371582031
