250.000000000 347.853820801
249.000000000 347.853820801
248.000000000 347.853820801
247.000000000 347.853820801
246.000000000 347.853820801
245.000000000 347.853820801
244.000000000 347.853820801
243.000000000 347.853820801
242.000000000 347.853820801
241.000000000 347.853820801
240.000000000 347.853820801
239.000000000 347.853820801
238.000000000 347.853820801
237.000000000 347.853820801
236.000000000 347.853820801
235.000000000 347.853820801
234.000000000 365.228454590
233.000000000 365.228454590
232.000000000 365.228454590
231.000000000 365.228454590
230.000000000 365.228454590
229.000000000 365.228454590
228.000000000 365.228454590
227.000000000 365.228454590
226.000000000 365.228454590
225.000000000 382.469604492
224.000000000 382.469604492
223.000000000 382.469604492
222.000000000 382.469604492
221.000000000 382.469604492
220.000000000 382.469604492
219.000000000 382.469604492
218.000000000 382.469604492
217.000000000 382.469604492
216.000000000 402.299438477
215.000000000 402.299438477
214.000000000 402.299438477
213.000000000 402.299438477
212.000000000 402.299438477
211.000000000 421.877777100
210.000000000 421.877777100
209.000000000 421.877777100
208.000000000 421.877777100
207.000000000 441.753814697
206.000000000 441.753814697
205.000000000 441.753814697
204.000000000 463.190429688
203.000000000 463.190429688
202.000000000 463.190429688
201.000000000 463.190429688
200.000000000 487.301849365
199.000000000 487.301849365
198.000000000 487.301849365
197.000000000 512.168151855
196.000000000 512.168151855
195.000000000 512.168151855
194.000000000 512.168151855
193.000000000 512.168151855
192.000000000 541.982666016
191.000000000 541.982666016
190.000000000 541.982666016
