250.000000000 345.433502197
249.000000000 345.433502197
248.000000000 345.433502197
247.000000000 345.433502197
246.000000000 345.433502197
245.000000000 345.433502197
244.000000000 345.433502197
243.000000000 345.433502197
242.000000000 345.433502197
241.000000000 345.433502197
240.000000000 345.433502197
239.000000000 345.433502197
238.000000000 345.433502197
237.000000000 345.433502197
236.000000000 362.560913086
235.000000000 362.560913086
234.000000000 362.560913086
233.000000000 362.560913086
232.000000000 362.560913086
231.000000000 362.560913086
230.000000000 362.560913086
229.000000000 362.560913086
228.000000000 362.560913086
227.000000000 362.560913086
226.000000000 362.560913086
225.000000000 362.560913086
224.000000000 382.732940674
223.000000000 382.732940674
222.000000000 382.732940674
221.000000000 382.732940674
220.000000000 382.732940674
219.000000000 382.732940674
218.000000000 382.732940674
217.000000000 382.732940674
216.000000000 402.391754150
215.000000000 402.391754150
214.000000000 402.391754150
213.000000000 402.391754150
212.000000000 402.391754150
211.000000000 422.166809082
210.000000000 422.166809082
209.000000000 422.166809082
208.000000000 443.839050293
207.000000000 443.839050293
206.000000000 443.839050293
205.000000000 443.839050293
204.000000000 467.813415527
203.000000000 467.813415527
202.000000000 467.813415527
201.000000000 467.813415527
200.000000000 493.570495605
199.000000000 493.570495605
198.000000000 493.570495605
197.000000000 493.570495605
196.000000000 517.400573730
195.000000000 517.400573730
194.000000000 517.400573730
193.000000000 517.400573730
192.000000000 517.400573730
191.000000000 517.400573730
190.000000000 517.400573730
