250.000000000 345.433502197
249.000000000 345.433502197
248.000000000 345.433502197
247.000000000 345.433502197
246.000000000 345.433502197
245.000000000 345.433502197
244.000000000 345.433502197
243.000000000 345.433502197
242.000000000 345.433502197
241.000000000 345.433502197
240.000000000 345.433502197
239.000000000 345.433502197
238.000000000 345.433502197
237.000000000 345.433502197
236.000000000 345.433502197
235.000000000 345.433502197
234.000000000 362.545898438
233.000000000 362.545898438
232.000000000 362.545898438
231.000000000 362.545898438
230.000000000 362.545898438
229.000000000 362.545898438
228.000000000 362.545898438
227.000000000 362.545898438
226.000000000 362.545898438
225.000000000 362.545898438
224.000000000 380.854797363
223.000000000 380.854797363
222.000000000 380.854797363
221.000000000 380.854797363
220.000000000 380.854797363
219.000000000 380.854797363
218.000000000 380.854797363
217.000000000 380.854797363
216.000000000 400.896026611
215.000000000 400.896026611
214.000000000 400.896026611
213.000000000 400.896026611
212.000000000 400.896026611
211.000000000 421.252624512
210.000000000 421.252624512
209.000000000 421.252624512
208.000000000 444.817749023
207.000000000 444.817749023
206.000000000 444.817749023
205.000000000 444.817749023
204.000000000 466.513824463
203.000000000 466.513824463
202.000000000 466.513824463
201.000000000 466.513824463
200.000000000 493.706207275
199.000000000 493.706207275
198.000000000 493.706207275
197.000000000 493.706207275
196.000000000 519.621643066
195.000000000 519.621643066
194.000000000 519.621643066
193.000000000 519.621643066
192.000000000 519.621643066
191.000000000 519.621643066
190.000000000 519.621643066
