250.000000000 345.433502197
249.000000000 345.433502197
248.000000000 345.433502197
247.000000000 345.433502197
246.000000000 345.433502197
245.000000000 345.433502197
244.000000000 345.433502197
243.000000000 345.433502197
242.000000000 345.433502197
241.000000000 345.433502197
240.000000000 345.433502197
239.000000000 345.433502197
238.000000000 345.433502197
237.000000000 345.433502197
236.000000000 345.433502197
235.000000000 345.433502197
234.000000000 345.433502197
233.000000000 363.232177734
232.000000000 363.232177734
231.000000000 363.232177734
230.000000000 363.232177734
229.000000000 363.232177734
228.000000000 363.232177734
227.000000000 363.232177734
226.000000000 363.232177734
225.000000000 363.232177734
224.000000000 381.435363770
223.000000000 381.435363770
222.000000000 381.435363770
221.000000000 381.435363770
220.000000000 381.435363770
219.000000000 381.435363770
218.000000000 381.435363770
217.000000000 381.435363770
216.000000000 381.435363770
215.000000000 404.056518555
214.000000000 404.056518555
213.000000000 404.056518555
212.000000000 404.056518555
211.000000000 404.056518555
210.000000000 428.872528076
209.000000000 428.872528076
208.000000000 428.872528076
207.000000000 428.872528076
206.000000000 455.120452881
205.000000000 455.120452881
204.000000000 455.120452881
203.000000000 455.120452881
202.000000000 455.120452881
201.000000000 486.329437256
200.000000000 486.329437256
199.000000000 486.329437256
198.000000000 486.329437256
197.000000000 486.329437256
196.000000000 516.235351562
195.000000000 516.235351562
194.000000000 516.235351562
193.000000000 516.235351562
192.000000000 516.235351562
191.000000000 516.235351562
190.000000000 516.235351562
