250.000000000 345.433502197
249.000000000 345.433502197
248.000000000 345.433502197
247.000000000 345.433502197
246.000000000 345.433502197
245.000000000 345.433502197
244.000000000 345.433502197
243.000000000 345.433502197
242.000000000 345.433502197
241.000000000 345.433502197
240.000000000 345.433502197
239.000000000 345.433502197
238.000000000 345.433502197
237.000000000 345.433502197
236.000000000 345.433502197
235.000000000 345.433502197
234.000000000 365.286956787
233.000000000 365.286956787
232.000000000 365.286956787
231.000000000 365.286956787
230.000000000 365.286956787
229.000000000 365.286956787
228.000000000 365.286956787
227.000000000 365.286956787
226.000000000 365.286956787
225.000000000 365.286956787
224.000000000 365.286956787
223.000000000 384.610321045
222.000000000 384.610321045
221.000000000 384.610321045
220.000000000 384.610321045
219.000000000 384.610321045
218.000000000 384.610321045
217.000000000 384.610321045
216.000000000 384.610321045
215.000000000 384.610321045
214.000000000 408.409210205
213.000000000 408.409210205
212.000000000 408.409210205
211.000000000 408.409210205
210.000000000 408.409210205
209.000000000 433.672485352
208.000000000 433.672485352
207.000000000 433.672485352
206.000000000 456.009857178
205.000000000 456.009857178
204.000000000 456.009857178
203.000000000 456.009857178
202.000000000 456.009857178
201.000000000 483.210876465
200.000000000 483.210876465
199.000000000 483.210876465
198.000000000 483.210876465
197.000000000 509.171508789
196.000000000 509.171508789
195.000000000 509.171508789
194.000000000 509.171508789
193.000000000 509.171508789
192.000000000 509.171508789
191.000000000 509.171508789
190.000000000 509.171508789
