250.000000000 347.853820801
249.000000000 347.853820801
248.000000000 347.853820801
247.000000000 347.853820801
246.000000000 347.853820801
245.000000000 347.853820801
244.000000000 347.853820801
243.000000000 347.853820801
242.000000000 347.853820801
241.000000000 347.853820801
240.000000000 347.853820801
239.000000000 347.853820801
238.000000000 347.853820801
237.000000000 347.853820801
236.000000000 347.853820801
235.000000000 347.853820801
234.000000000 364.804962158
233.000000000 364.804962158
232.000000000 364.804962158
231.000000000 364.804962158
230.000000000 364.804962158
229.000000000 364.804962158
228.000000000 364.804962158
227.000000000 364.804962158
226.000000000 381.959899902
225.000000000 381.959899902
224.000000000 381.959899902
223.000000000 381.959899902
222.000000000 381.959899902
221.000000000 381.959899902
220.000000000 381.959899902
219.000000000 381.959899902
218.000000000 400.889312744
217.000000000 400.889312744
216.000000000 400.889312744
215.000000000 400.889312744
214.000000000 400.889312744
213.000000000 400.889312744
212.000000000 420.143432617
211.000000000 420.143432617
210.000000000 420.143432617
209.000000000 420.143432617
208.000000000 420.143432617
207.000000000 443.849731445
206.000000000 443.849731445
205.000000000 443.849731445
204.000000000 469.192993164
203.000000000 469.192993164
202.000000000 469.192993164
201.000000000 492.851379395
200.000000000 492.851379395
199.000000000 492.851379395
198.000000000 516.856201172
197.000000000 516.856201172
196.000000000 516.856201172
195.000000000 516.856201172
194.000000000 516.856201172
193.000000000 548.624206543
192.000000000 548.624206543
191.000000000 548.624206543
190.000000000 548.624206543
