250.000000000 345.433502197
249.000000000 345.433502197
248.000000000 345.433502197
247.000000000 345.433502197
246.000000000 345.433502197
245.000000000 345.433502197
244.000000000 345.433502197
243.000000000 345.433502197
242.000000000 345.433502197
241.000000000 345.433502197
240.000000000 345.433502197
239.000000000 345.433502197
238.000000000 345.433502197
237.000000000 345.433502197
236.000000000 345.433502197
235.000000000 363.194305420
234.000000000 363.194305420
233.000000000 363.194305420
232.000000000 363.194305420
231.000000000 363.194305420
230.000000000 363.194305420
229.000000000 363.194305420
228.000000000 363.194305420
227.000000000 363.194305420
226.000000000 363.194305420
225.000000000 380.935150146
224.000000000 380.935150146
223.000000000 380.935150146
222.000000000 380.935150146
221.000000000 380.935150146
220.000000000 380.935150146
219.000000000 380.935150146
218.000000000 380.935150146
217.000000000 380.935150146
216.000000000 400.927368164
215.000000000 400.927368164
214.000000000 400.927368164
213.000000000 400.927368164
212.000000000 400.927368164
211.000000000 423.583892822
210.000000000 423.583892822
209.000000000 423.583892822
208.000000000 423.583892822
207.000000000 447.934112549
206.000000000 447.934112549
205.000000000 447.934112549
204.000000000 447.934112549
203.000000000 469.859161377
202.000000000 469.859161377
201.000000000 469.859161377
200.000000000 469.859161377
199.000000000 499.245300293
198.000000000 499.245300293
197.000000000 499.245300293
196.000000000 499.245300293
195.000000000 499.245300293
194.000000000 499.245300293
193.000000000 499.245300293
192.000000000 525.563110352
191.000000000 525.563110352
190.000000000 525.563110352
