250.000000000 347.853820801
249.000000000 347.853820801
248.000000000 347.853820801
247.000000000 347.853820801
246.000000000 347.853820801
245.000000000 347.853820801
244.000000000 347.853820801
243.000000000 347.853820801
242.000000000 347.853820801
241.000000000 347.853820801
240.000000000 347.853820801
239.000000000 347.853820801
238.000000000 347.853820801
237.000000000 347.853820801
236.000000000 364.160034180
235.000000000 364.160034180
234.000000000 364.160034180
233.000000000 364.160034180
232.000000000 364.160034180
231.000000000 364.160034180
230.000000000 364.160034180
229.000000000 364.160034180
228.000000000 364.160034180
227.000000000 364.160034180
226.000000000 364.160034180
225.000000000 364.160034180
224.000000000 364.160034180
223.000000000 382.705596924
222.000000000 382.705596924
221.000000000 382.705596924
220.000000000 382.705596924
219.000000000 382.705596924
218.000000000 382.705596924
217.000000000 401.955291748
216.000000000 401.955291748
215.000000000 401.955291748
214.000000000 401.955291748
213.000000000 401.955291748
212.000000000 401.955291748
211.000000000 401.955291748
210.000000000 425.296661377
209.000000000 425.296661377
208.000000000 425.296661377
207.000000000 425.296661377
206.000000000 453.360839844
205.000000000 453.360839844
204.000000000 453.360839844
203.000000000 453.360839844
202.000000000 479.049041748
201.000000000 479.049041748
200.000000000 479.049041748
199.000000000 502.790222168
198.000000000 502.790222168
197.000000000 502.790222168
196.000000000 527.072875977
195.000000000 527.072875977
194.000000000 527.072875977
193.000000000 527.072875977
192.000000000 527.072875977
191.000000000 527.072875977
190.000000000 555.849182129
