250.000000000 347.853820801
249.000000000 347.853820801
248.000000000 347.853820801
247.000000000 347.853820801
246.000000000 347.853820801
245.000000000 347.853820801
244.000000000 347.853820801
243.000000000 347.853820801
242.000000000 347.853820801
241.000000000 347.853820801
240.000000000 347.853820801
239.000000000 347.853820801
238.000000000 347.853820801
237.000000000 347.853820801
236.000000000 347.853820801
235.000000000 347.853820801
234.000000000 347.853820801
233.000000000 347.853820801
232.000000000 368.408447266
231.000000000 368.408447266
230.000000000 368.408447266
229.000000000 368.408447266
228.000000000 368.408447266
227.000000000 368.408447266
226.000000000 368.408447266
225.000000000 368.408447266
224.000000000 368.408447266
223.000000000 368.408447266
222.000000000 387.627685547
221.000000000 387.627685547
220.000000000 387.627685547
219.000000000 387.627685547
218.000000000 387.627685547
217.000000000 387.627685547
216.000000000 387.627685547
215.000000000 387.627685547
214.000000000 406.583526611
213.000000000 406.583526611
212.000000000 406.583526611
211.000000000 406.583526611
210.000000000 406.583526611
209.000000000 428.737487793
208.000000000 428.737487793
207.000000000 428.737487793
206.000000000 428.737487793
205.000000000 452.864440918
204.000000000 452.864440918
203.000000000 452.864440918
202.000000000 452.864440918
201.000000000 481.685424805
200.000000000 481.685424805
199.000000000 481.685424805
198.000000000 505.149291992
197.000000000 505.149291992
196.000000000 505.149291992
195.000000000 505.149291992
194.000000000 505.149291992
193.000000000 505.149291992
192.000000000 532.173278809
191.000000000 532.173278809
190.000000000 532.173278809
