250.000000000 347.853820801
249.000000000 347.853820801
248.000000000 347.853820801
247.000000000 347.853820801
246.000000000 347.853820801
245.000000000 347.853820801
244.000000000 347.853820801
243.000000000 347.853820801
242.000000000 347.853820801
241.000000000 347.853820801
240.000000000 347.853820801
239.000000000 347.853820801
238.000000000 347.853820801
237.000000000 347.853820801
236.000000000 347.853820801
235.000000000 347.853820801
234.000000000 347.853820801
233.000000000 364.740020752
232.000000000 364.740020752
231.000000000 364.740020752
230.000000000 364.740020752
229.000000000 364.740020752
228.000000000 364.740020752
227.000000000 364.740020752
226.000000000 364.740020752
225.000000000 364.740020752
224.000000000 364.740020752
223.000000000 382.891296387
222.000000000 382.891296387
221.000000000 382.891296387
220.000000000 382.891296387
219.000000000 382.891296387
218.000000000 382.891296387
217.000000000 382.891296387
216.000000000 382.891296387
215.000000000 382.891296387
214.000000000 382.891296387
213.000000000 404.108947754
212.000000000 404.108947754
211.000000000 404.108947754
210.000000000 404.108947754
209.000000000 428.167602539
208.000000000 428.167602539
207.000000000 428.167602539
206.000000000 428.167602539
205.000000000 451.133178711
204.000000000 451.133178711
203.000000000 451.133178711
202.000000000 451.133178711
201.000000000 476.447235107
200.000000000 476.447235107
199.000000000 476.447235107
198.000000000 499.853851318
197.000000000 499.853851318
196.000000000 499.853851318
195.000000000 499.853851318
194.000000000 526.534240723
193.000000000 526.534240723
192.000000000 526.534240723
191.000000000 526.534240723
190.000000000 526.534240723
