250.000000000 345.433502197
249.000000000 345.433502197
248.000000000 345.433502197
247.000000000 345.433502197
246.000000000 345.433502197
245.000000000 345.433502197
244.000000000 345.433502197
243.000000000 345.433502197
242.000000000 345.433502197
241.000000000 345.433502197
240.000000000 345.433502197
239.000000000 345.433502197
238.000000000 345.433502197
237.000000000 345.433502197
236.000000000 345.433502197
235.000000000 345.433502197
234.000000000 363.477539062
233.000000000 363.477539062
232.000000000 363.477539062
231.000000000 363.477539062
230.000000000 363.477539062
229.000000000 363.477539062
228.000000000 363.477539062
227.000000000 363.477539062
226.000000000 363.477539062
225.000000000 363.477539062
224.000000000 382.277770996
223.000000000 382.277770996
222.000000000 382.277770996
221.000000000 382.277770996
220.000000000 382.277770996
219.000000000 382.277770996
218.000000000 382.277770996
217.000000000 382.277770996
216.000000000 403.554718018
215.000000000 403.554718018
214.000000000 403.554718018
213.000000000 403.554718018
212.000000000 403.554718018
211.000000000 403.554718018
210.000000000 430.370391846
209.000000000 430.370391846
208.000000000 430.370391846
207.000000000 430.370391846
206.000000000 454.400390625
205.000000000 454.400390625
204.000000000 454.400390625
203.000000000 454.400390625
202.000000000 481.756652832
201.000000000 481.756652832
200.000000000 481.756652832
199.000000000 481.756652832
198.000000000 508.368560791
197.000000000 508.368560791
196.000000000 508.368560791
195.000000000 508.368560791
194.000000000 508.368560791
193.000000000 508.368560791
192.000000000 508.368560791
191.000000000 533.964477539
190.000000000 533.964477539
