250.000000000 347.853820801
249.000000000 347.853820801
248.000000000 347.853820801
247.000000000 347.853820801
246.000000000 347.853820801
245.000000000 347.853820801
244.000000000 347.853820801
243.000000000 347.853820801
242.000000000 347.853820801
241.000000000 347.853820801
240.000000000 347.853820801
239.000000000 347.853820801
238.000000000 347.853820801
237.000000000 347.853820801
236.000000000 347.853820801
235.000000000 347.853820801
234.000000000 365.471099854
233.000000000 365.471099854
232.000000000 365.471099854
231.000000000 365.471099854
230.000000000 365.471099854
229.000000000 365.471099854
228.000000000 365.471099854
227.000000000 365.471099854
226.000000000 365.471099854
225.000000000 365.471099854
224.000000000 365.471099854
223.000000000 383.800292969
222.000000000 383.800292969
221.000000000 383.800292969
220.000000000 383.800292969
219.000000000 383.800292969
218.000000000 383.800292969
217.000000000 383.800292969
216.000000000 383.800292969
215.000000000 383.800292969
214.000000000 408.082916260
213.000000000 408.082916260
212.000000000 408.082916260
211.000000000 408.082916260
210.000000000 408.082916260
209.000000000 430.172760010
208.000000000 430.172760010
207.000000000 430.172760010
206.000000000 430.172760010
205.000000000 455.487274170
204.000000000 455.487274170
203.000000000 455.487274170
202.000000000 455.487274170
201.000000000 480.036315918
200.000000000 480.036315918
199.000000000 480.036315918
198.000000000 509.068206787
197.000000000 509.068206787
196.000000000 509.068206787
195.000000000 509.068206787
194.000000000 509.068206787
193.000000000 534.513732910
192.000000000 534.513732910
191.000000000 534.513732910
190.000000000 534.513732910
