250.000000000 347.853820801
249.000000000 347.853820801
248.000000000 347.853820801
247.000000000 347.853820801
246.000000000 347.853820801
245.000000000 347.853820801
244.000000000 347.853820801
243.000000000 347.853820801
242.000000000 347.853820801
241.000000000 347.853820801
240.000000000 347.853820801
239.000000000 347.853820801
238.000000000 347.853820801
237.000000000 347.853820801
236.000000000 347.853820801
235.000000000 347.853820801
234.000000000 365.105560303
233.000000000 365.105560303
232.000000000 365.105560303
231.000000000 365.105560303
230.000000000 365.105560303
229.000000000 365.105560303
228.000000000 365.105560303
227.000000000 365.105560303
226.000000000 365.105560303
225.000000000 365.105560303
224.000000000 365.105560303
223.000000000 365.105560303
222.000000000 386.910247803
221.000000000 386.910247803
220.000000000 386.910247803
219.000000000 386.910247803
218.000000000 386.910247803
217.000000000 386.910247803
216.000000000 386.910247803
215.000000000 386.910247803
214.000000000 405.352935791
213.000000000 405.352935791
212.000000000 405.352935791
211.000000000 405.352935791
210.000000000 405.352935791
209.000000000 425.291961670
208.000000000 425.291961670
207.000000000 425.291961670
206.000000000 425.291961670
205.000000000 447.400238037
204.000000000 447.400238037
203.000000000 447.400238037
202.000000000 474.493743896
201.000000000 474.493743896
200.000000000 474.493743896
199.000000000 497.429382324
198.000000000 497.429382324
197.000000000 497.429382324
196.000000000 497.429382324
195.000000000 524.574218750
194.000000000 524.574218750
193.000000000 524.574218750
192.000000000 524.574218750
191.000000000 524.574218750
190.000000000 524.574218750
