250.000000000 345.433502197
249.000000000 345.433502197
248.000000000 345.433502197
247.000000000 345.433502197
246.000000000 345.433502197
245.000000000 345.433502197
244.000000000 345.433502197
243.000000000 345.433502197
242.000000000 345.433502197
241.000000000 345.433502197
240.000000000 345.433502197
239.000000000 345.433502197
238.000000000 345.433502197
237.000000000 345.433502197
236.000000000 362.430664062
235.000000000 362.430664062
234.000000000 362.430664062
233.000000000 362.430664062
232.000000000 362.430664062
231.000000000 362.430664062
230.000000000 362.430664062
229.000000000 362.430664062
228.000000000 362.430664062
227.000000000 362.430664062
226.000000000 362.430664062
225.000000000 382.539794922
224.000000000 382.539794922
223.000000000 382.539794922
222.000000000 382.539794922
221.000000000 382.539794922
220.000000000 382.539794922
219.000000000 382.539794922
218.000000000 382.539794922
217.000000000 382.539794922
216.000000000 403.433837891
215.000000000 403.433837891
214.000000000 403.433837891
213.000000000 403.433837891
212.000000000 403.433837891
211.000000000 425.107696533
210.000000000 425.107696533
209.000000000 425.107696533
208.000000000 425.107696533
207.000000000 452.373504639
206.000000000 452.373504639
205.000000000 452.373504639
204.000000000 452.373504639
203.000000000 452.373504639
202.000000000 479.029205322
201.000000000 479.029205322
200.000000000 479.029205322
199.000000000 479.029205322
198.000000000 509.629669189
197.000000000 509.629669189
196.000000000 509.629669189
195.000000000 509.629669189
194.000000000 509.629669189
193.000000000 509.629669189
192.000000000 509.629669189
191.000000000 535.246948242
190.000000000 535.246948242
