250.000000000 347.853820801
249.000000000 347.853820801
248.000000000 347.853820801
247.000000000 347.853820801
246.000000000 347.853820801
245.000000000 347.853820801
244.000000000 347.853820801
243.000000000 347.853820801
242.000000000 347.853820801
241.000000000 347.853820801
240.000000000 347.853820801
239.000000000 347.853820801
238.000000000 347.853820801
237.000000000 347.853820801
236.000000000 347.853820801
235.000000000 347.853820801
234.000000000 347.853820801
233.000000000 364.519958496
232.000000000 364.519958496
231.000000000 364.519958496
230.000000000 364.519958496
229.000000000 364.519958496
228.000000000 364.519958496
227.000000000 364.519958496
226.000000000 364.519958496
225.000000000 382.045410156
224.000000000 382.045410156
223.000000000 382.045410156
222.000000000 382.045410156
221.000000000 382.045410156
220.000000000 382.045410156
219.000000000 382.045410156
218.000000000 382.045410156
217.000000000 382.045410156
216.000000000 401.646972656
215.000000000 401.646972656
214.000000000 401.646972656
213.000000000 401.646972656
212.000000000 401.646972656
211.000000000 421.162048340
210.000000000 421.162048340
209.000000000 421.162048340
208.000000000 421.162048340
207.000000000 442.221008301
206.000000000 442.221008301
205.000000000 442.221008301
204.000000000 442.221008301
203.000000000 464.605651855
202.000000000 464.605651855
201.000000000 464.605651855
200.000000000 492.475769043
199.000000000 492.475769043
198.000000000 492.475769043
197.000000000 518.135864258
196.000000000 518.135864258
195.000000000 518.135864258
194.000000000 518.135864258
193.000000000 518.135864258
192.000000000 518.135864258
191.000000000 542.803161621
190.000000000 542.803161621
