250.000000000 347.853820801
249.000000000 347.853820801
248.000000000 347.853820801
247.000000000 347.853820801
246.000000000 347.853820801
245.000000000 347.853820801
244.000000000 347.853820801
243.000000000 347.853820801
242.000000000 347.853820801
241.000000000 347.853820801
240.000000000 347.853820801
239.000000000 347.853820801
238.000000000 347.853820801
237.000000000 347.853820801
236.000000000 347.853820801
235.000000000 347.853820801
234.000000000 347.853820801
233.000000000 366.896423340
232.000000000 366.896423340
231.000000000 366.896423340
230.000000000 366.896423340
229.000000000 366.896423340
228.000000000 366.896423340
227.000000000 366.896423340
226.000000000 366.896423340
225.000000000 366.896423340
224.000000000 366.896423340
223.000000000 385.308227539
222.000000000 385.308227539
221.000000000 385.308227539
220.000000000 385.308227539
219.000000000 385.308227539
218.000000000 385.308227539
217.000000000 385.308227539
216.000000000 385.308227539
215.000000000 385.308227539
214.000000000 385.308227539
213.000000000 405.387542725
212.000000000 405.387542725
211.000000000 405.387542725
210.000000000 405.387542725
209.000000000 426.671356201
208.000000000 426.671356201
207.000000000 426.671356201
206.000000000 426.671356201
205.000000000 449.180725098
204.000000000 449.180725098
203.000000000 449.180725098
202.000000000 476.313140869
201.000000000 476.313140869
200.000000000 476.313140869
199.000000000 498.956176758
198.000000000 498.956176758
197.000000000 498.956176758
196.000000000 498.956176758
195.000000000 523.835510254
194.000000000 523.835510254
193.000000000 523.835510254
192.000000000 523.835510254
191.000000000 523.835510254
190.000000000 523.835510254
