250.000000000 345.433502197
249.000000000 345.433502197
248.000000000 345.433502197
247.000000000 345.433502197
246.000000000 345.433502197
245.000000000 345.433502197
244.000000000 345.433502197
243.000000000 345.433502197
242.000000000 345.433502197
241.000000000 345.433502197
240.000000000 345.433502197
239.000000000 345.433502197
238.000000000 345.433502197
237.000000000 345.433502197
236.000000000 345.433502197
235.000000000 345.433502197
234.000000000 365.197967529
233.000000000 365.197967529
232.000000000 365.197967529
231.000000000 365.197967529
230.000000000 365.197967529
229.000000000 365.197967529
228.000000000 365.197967529
227.000000000 365.197967529
226.000000000 365.197967529
225.000000000 365.197967529
224.000000000 365.197967529
223.000000000 382.917022705
222.000000000 382.917022705
221.000000000 382.917022705
220.000000000 382.917022705
219.000000000 382.917022705
218.000000000 382.917022705
217.000000000 382.917022705
216.000000000 382.917022705
215.000000000 401.763610840
214.000000000 401.763610840
213.000000000 401.763610840
212.000000000 401.763610840
211.000000000 421.489562988
210.000000000 421.489562988
209.000000000 421.489562988
208.000000000 443.244232178
207.000000000 443.244232178
206.000000000 443.244232178
205.000000000 443.244232178
204.000000000 466.527832031
203.000000000 466.527832031
202.000000000 466.527832031
201.000000000 466.527832031
200.000000000 492.001190186
199.000000000 492.001190186
198.000000000 492.001190186
197.000000000 492.001190186
196.000000000 492.001190186
195.000000000 519.323181152
194.000000000 519.323181152
193.000000000 519.323181152
192.000000000 519.323181152
191.000000000 519.323181152
190.000000000 519.323181152
