250.000000000 345.433502197
249.000000000 345.433502197
248.000000000 345.433502197
247.000000000 345.433502197
246.000000000 345.433502197
245.000000000 345.433502197
244.000000000 345.433502197
243.000000000 345.433502197
242.000000000 345.433502197
241.000000000 345.433502197
240.000000000 345.433502197
239.000000000 345.433502197
238.000000000 345.433502197
237.000000000 345.433502197
236.000000000 345.433502197
235.000000000 362.918426514
234.000000000 362.918426514
233.000000000 362.918426514
232.000000000 362.918426514
231.000000000 362.918426514
230.000000000 362.918426514
229.000000000 362.918426514
228.000000000 362.918426514
227.000000000 362.918426514
226.000000000 362.918426514
225.000000000 362.918426514
224.000000000 362.918426514
223.000000000 382.138580322
222.000000000 382.138580322
221.000000000 382.138580322
220.000000000 382.138580322
219.000000000 382.138580322
218.000000000 382.138580322
217.000000000 382.138580322
216.000000000 402.298187256
215.000000000 402.298187256
214.000000000 402.298187256
213.000000000 402.298187256
212.000000000 402.298187256
211.000000000 402.298187256
210.000000000 427.325256348
209.000000000 427.325256348
208.000000000 427.325256348
207.000000000 427.325256348
206.000000000 452.201507568
205.000000000 452.201507568
204.000000000 452.201507568
203.000000000 452.201507568
202.000000000 476.486816406
201.000000000 476.486816406
200.000000000 476.486816406
199.000000000 500.330627441
198.000000000 500.330627441
197.000000000 500.330627441
196.000000000 500.330627441
195.000000000 500.330627441
194.000000000 524.838378906
193.000000000 524.838378906
192.000000000 524.838378906
191.000000000 524.838378906
190.000000000 524.838378906
