250.000000000 347.853820801
249.000000000 347.853820801
248.000000000 347.853820801
247.000000000 347.853820801
246.000000000 347.853820801
245.000000000 347.853820801
244.000000000 347.853820801
243.000000000 347.853820801
242.000000000 347.853820801
241.000000000 347.853820801
240.000000000 347.853820801
239.000000000 347.853820801
238.000000000 347.853820801
237.000000000 347.853820801
236.000000000 347.853820801
235.000000000 347.853820801
234.000000000 347.853820801
233.000000000 347.853820801
232.000000000 364.518371582
231.000000000 364.518371582
230.000000000 364.518371582
229.000000000 364.518371582
228.000000000 364.518371582
227.000000000 364.518371582
226.000000000 364.518371582
225.000000000 364.518371582
224.000000000 364.518371582
223.000000000 364.518371582
222.000000000 381.829040527
221.000000000 381.829040527
220.000000000 381.829040527
219.000000000 381.829040527
218.000000000 381.829040527
217.000000000 381.829040527
216.000000000 381.829040527
215.000000000 402.251007080
214.000000000 402.251007080
213.000000000 402.251007080
212.000000000 402.251007080
211.000000000 402.251007080
210.000000000 402.251007080
209.000000000 424.000091553
208.000000000 424.000091553
207.000000000 424.000091553
206.000000000 445.541564941
205.000000000 445.541564941
204.000000000 445.541564941
203.000000000 445.541564941
202.000000000 468.096160889
201.000000000 468.096160889
200.000000000 468.096160889
199.000000000 495.932586670
198.000000000 495.932586670
197.000000000 495.932586670
196.000000000 495.932586670
195.000000000 495.932586670
194.000000000 525.725830078
193.000000000 525.725830078
192.000000000 525.725830078
191.000000000 525.725830078
190.000000000 525.725830078
