250.000000000 347.853820801
249.000000000 347.853820801
248.000000000 347.853820801
247.000000000 347.853820801
246.000000000 347.853820801
245.000000000 347.853820801
244.000000000 347.853820801
243.000000000 347.853820801
242.000000000 347.853820801
241.000000000 347.853820801
240.000000000 347.853820801
239.000000000 347.853820801
238.000000000 347.853820801
237.000000000 347.853820801
236.000000000 347.853820801
235.000000000 365.551300049
234.000000000 365.551300049
233.000000000 365.551300049
232.000000000 365.551300049
231.000000000 365.551300049
230.000000000 365.551300049
229.000000000 365.551300049
228.000000000 365.551300049
227.000000000 365.551300049
226.000000000 365.551300049
225.000000000 365.551300049
224.000000000 385.284240723
223.000000000 385.284240723
222.000000000 385.284240723
221.000000000 385.284240723
220.000000000 385.284240723
219.000000000 385.284240723
218.000000000 385.284240723
217.000000000 385.284240723
216.000000000 385.284240723
215.000000000 405.752014160
214.000000000 405.752014160
213.000000000 405.752014160
212.000000000 405.752014160
211.000000000 405.752014160
210.000000000 405.752014160
209.000000000 435.419311523
208.000000000 435.419311523
207.000000000 435.419311523
206.000000000 435.419311523
205.000000000 435.419311523
204.000000000 464.687469482
203.000000000 464.687469482
202.000000000 464.687469482
201.000000000 464.687469482
200.000000000 497.127838135
199.000000000 497.127838135
198.000000000 497.127838135
197.000000000 497.127838135
196.000000000 530.593139648
195.000000000 530.593139648
194.000000000 530.593139648
193.000000000 530.593139648
192.000000000 530.593139648
191.000000000 530.593139648
190.000000000 557.279296875
