250.000000000 347.853820801
249.000000000 347.853820801
248.000000000 347.853820801
247.000000000 347.853820801
246.000000000 347.853820801
245.000000000 347.853820801
244.000000000 347.853820801
243.000000000 347.853820801
242.000000000 347.853820801
241.000000000 347.853820801
240.000000000 347.853820801
239.000000000 347.853820801
238.000000000 347.853820801
237.000000000 347.853820801
236.000000000 347.853820801
235.000000000 347.853820801
234.000000000 347.853820801
233.000000000 366.971527100
232.000000000 366.971527100
231.000000000 366.971527100
230.000000000 366.971527100
229.000000000 366.971527100
228.000000000 366.971527100
227.000000000 366.971527100
226.000000000 366.971527100
225.000000000 366.971527100
224.000000000 366.971527100
223.000000000 366.971527100
222.000000000 366.971527100
221.000000000 388.715148926
220.000000000 388.715148926
219.000000000 388.715148926
218.000000000 388.715148926
217.000000000 388.715148926
216.000000000 388.715148926
215.000000000 388.715148926
214.000000000 388.715148926
213.000000000 388.715148926
212.000000000 412.305572510
211.000000000 412.305572510
210.000000000 412.305572510
209.000000000 412.305572510
208.000000000 432.594818115
207.000000000 432.594818115
206.000000000 432.594818115
205.000000000 432.594818115
204.000000000 456.217224121
203.000000000 456.217224121
202.000000000 456.217224121
201.000000000 456.217224121
200.000000000 489.913574219
199.000000000 489.913574219
198.000000000 489.913574219
197.000000000 489.913574219
196.000000000 514.184997559
195.000000000 514.184997559
194.000000000 514.184997559
193.000000000 514.184997559
192.000000000 514.184997559
191.000000000 514.184997559
190.000000000 514.184997559
