250.000000000 345.433502197
249.000000000 345.433502197
248.000000000 345.433502197
247.000000000 345.433502197
246.000000000 345.433502197
245.000000000 345.433502197
244.000000000 345.433502197
243.000000000 345.433502197
242.000000000 345.433502197
241.000000000 345.433502197
240.000000000 345.433502197
239.000000000 345.433502197
238.000000000 345.433502197
237.000000000 345.433502197
236.000000000 345.433502197
235.000000000 345.433502197
234.000000000 363.138275146
233.000000000 363.138275146
232.000000000 363.138275146
231.000000000 363.138275146
230.000000000 363.138275146
229.000000000 363.138275146
228.000000000 363.138275146
227.000000000 363.138275146
226.000000000 363.138275146
225.000000000 363.138275146
224.000000000 383.406982422
223.000000000 383.406982422
222.000000000 383.406982422
221.000000000 383.406982422
220.000000000 383.406982422
219.000000000 383.406982422
218.000000000 383.406982422
217.000000000 383.406982422
216.000000000 383.406982422
215.000000000 405.022094727
214.000000000 405.022094727
213.000000000 405.022094727
212.000000000 405.022094727
211.000000000 405.022094727
210.000000000 429.447998047
209.000000000 429.447998047
208.000000000 429.447998047
207.000000000 429.447998047
206.000000000 455.401428223
205.000000000 455.401428223
204.000000000 455.401428223
203.000000000 455.401428223
202.000000000 482.498321533
201.000000000 482.498321533
200.000000000 482.498321533
199.000000000 482.498321533
198.000000000 507.933654785
197.000000000 507.933654785
196.000000000 507.933654785
195.000000000 507.933654785
194.000000000 507.933654785
193.000000000 507.933654785
192.000000000 532.488891602
191.000000000 532.488891602
190.000000000 532.488891602
