250.000000000 345.433502197
249.000000000 345.433502197
248.000000000 345.433502197
247.000000000 345.433502197
246.000000000 345.433502197
245.000000000 345.433502197
244.000000000 345.433502197
243.000000000 345.433502197
242.000000000 345.433502197
241.000000000 345.433502197
240.000000000 345.433502197
239.000000000 345.433502197
238.000000000 345.433502197
237.000000000 345.433502197
236.000000000 362.341369629
235.000000000 362.341369629
234.000000000 362.341369629
233.000000000 362.341369629
232.000000000 362.341369629
231.000000000 362.341369629
230.000000000 362.341369629
229.000000000 362.341369629
228.000000000 362.341369629
227.000000000 362.341369629
226.000000000 362.341369629
225.000000000 381.082519531
224.000000000 381.082519531
223.000000000 381.082519531
222.000000000 381.082519531
221.000000000 381.082519531
220.000000000 381.082519531
219.000000000 381.082519531
218.000000000 381.082519531
217.000000000 381.082519531
216.000000000 402.097747803
215.000000000 402.097747803
214.000000000 402.097747803
213.000000000 402.097747803
212.000000000 402.097747803
211.000000000 402.097747803
210.000000000 427.429565430
209.000000000 427.429565430
208.000000000 427.429565430
207.000000000 427.429565430
206.000000000 452.425994873
205.000000000 452.425994873
204.000000000 452.425994873
203.000000000 452.425994873
202.000000000 475.782104492
201.000000000 475.782104492
200.000000000 475.782104492
199.000000000 499.872680664
198.000000000 499.872680664
197.000000000 499.872680664
196.000000000 499.872680664
195.000000000 499.872680664
194.000000000 499.872680664
193.000000000 527.403808594
192.000000000 527.403808594
191.000000000 527.403808594
190.000000000 527.403808594
