250.000000000 345.433502197
249.000000000 345.433502197
248.000000000 345.433502197
247.000000000 345.433502197
246.000000000 345.433502197
245.000000000 345.433502197
244.000000000 345.433502197
243.000000000 345.433502197
242.000000000 345.433502197
241.000000000 345.433502197
240.000000000 345.433502197
239.000000000 345.433502197
238.000000000 345.433502197
237.000000000 345.433502197
236.000000000 362.946655273
235.000000000 362.946655273
234.000000000 362.946655273
233.000000000 362.946655273
232.000000000 362.946655273
231.000000000 362.946655273
230.000000000 362.946655273
229.000000000 362.946655273
228.000000000 362.946655273
227.000000000 362.946655273
226.000000000 362.946655273
225.000000000 362.946655273
224.000000000 380.760131836
223.000000000 380.760131836
222.000000000 380.760131836
221.000000000 380.760131836
220.000000000 380.760131836
219.000000000 380.760131836
218.000000000 380.760131836
217.000000000 399.152282715
216.000000000 399.152282715
215.000000000 399.152282715
214.000000000 399.152282715
213.000000000 399.152282715
212.000000000 399.152282715
211.000000000 421.579254150
210.000000000 421.579254150
209.000000000 421.579254150
208.000000000 444.918365479
207.000000000 444.918365479
206.000000000 444.918365479
205.000000000 444.918365479
204.000000000 468.834869385
203.000000000 468.834869385
202.000000000 468.834869385
201.000000000 468.834869385
200.000000000 495.177032471
199.000000000 495.177032471
198.000000000 495.177032471
197.000000000 495.177032471
196.000000000 495.177032471
195.000000000 519.503051758
194.000000000 519.503051758
193.000000000 519.503051758
192.000000000 519.503051758
191.000000000 519.503051758
190.000000000 519.503051758
