250.000000000 347.853820801
249.000000000 347.853820801
248.000000000 347.853820801
247.000000000 347.853820801
246.000000000 347.853820801
245.000000000 347.853820801
244.000000000 347.853820801
243.000000000 347.853820801
242.000000000 347.853820801
241.000000000 347.853820801
240.000000000 347.853820801
239.000000000 347.853820801
238.000000000 347.853820801
237.000000000 347.853820801
236.000000000 347.853820801
235.000000000 347.853820801
234.000000000 347.853820801
233.000000000 365.393890381
232.000000000 365.393890381
231.000000000 365.393890381
230.000000000 365.393890381
229.000000000 365.393890381
228.000000000 365.393890381
227.000000000 365.393890381
226.000000000 365.393890381
225.000000000 365.393890381
224.000000000 365.393890381
223.000000000 365.393890381
222.000000000 385.520935059
221.000000000 385.520935059
220.000000000 385.520935059
219.000000000 385.520935059
218.000000000 385.520935059
217.000000000 385.520935059
216.000000000 385.520935059
215.000000000 385.520935059
214.000000000 385.520935059
213.000000000 407.287597656
212.000000000 407.287597656
211.000000000 407.287597656
210.000000000 407.287597656
209.000000000 407.287597656
208.000000000 433.407775879
207.000000000 433.407775879
206.000000000 433.407775879
205.000000000 433.407775879
204.000000000 458.901275635
203.000000000 458.901275635
202.000000000 458.901275635
201.000000000 458.901275635
200.000000000 486.731781006
199.000000000 486.731781006
198.000000000 486.731781006
197.000000000 486.731781006
196.000000000 513.580932617
195.000000000 513.580932617
194.000000000 513.580932617
193.000000000 513.580932617
192.000000000 513.580932617
191.000000000 513.580932617
190.000000000 513.580932617
