250.000000000 347.853820801
249.000000000 347.853820801
248.000000000 347.853820801
247.000000000 347.853820801
246.000000000 347.853820801
245.000000000 347.853820801
244.000000000 347.853820801
243.000000000 347.853820801
242.000000000 347.853820801
241.000000000 347.853820801
240.000000000 347.853820801
239.000000000 347.853820801
238.000000000 347.853820801
237.000000000 347.853820801
236.000000000 347.853820801
235.000000000 365.253509521
234.000000000 365.253509521
233.000000000 365.253509521
232.000000000 365.253509521
231.000000000 365.253509521
230.000000000 365.253509521
229.000000000 365.253509521
228.000000000 365.253509521
227.000000000 365.253509521
226.000000000 365.253509521
225.000000000 365.253509521
224.000000000 384.514343262
223.000000000 384.514343262
222.000000000 384.514343262
221.000000000 384.514343262
220.000000000 384.514343262
219.000000000 384.514343262
218.000000000 384.514343262
217.000000000 384.514343262
216.000000000 404.061706543
215.000000000 404.061706543
214.000000000 404.061706543
213.000000000 404.061706543
212.000000000 404.061706543
211.000000000 423.886871338
210.000000000 423.886871338
209.000000000 423.886871338
208.000000000 423.886871338
207.000000000 443.877014160
206.000000000 443.877014160
205.000000000 443.877014160
204.000000000 466.971649170
203.000000000 466.971649170
202.000000000 466.971649170
201.000000000 489.946746826
200.000000000 489.946746826
199.000000000 489.946746826
198.000000000 515.619140625
197.000000000 515.619140625
196.000000000 515.619140625
195.000000000 515.619140625
194.000000000 515.619140625
193.000000000 515.619140625
192.000000000 544.868164062
191.000000000 544.868164062
190.000000000 544.868164062
