250.000000000 345.433502197
249.000000000 345.433502197
248.000000000 345.433502197
247.000000000 345.433502197
246.000000000 345.433502197
245.000000000 345.433502197
244.000000000 345.433502197
243.000000000 345.433502197
242.000000000 345.433502197
241.000000000 345.433502197
240.000000000 345.433502197
239.000000000 345.433502197
238.000000000 345.433502197
237.000000000 345.433502197
236.000000000 345.433502197
235.000000000 362.936187744
234.000000000 362.936187744
233.000000000 362.936187744
232.000000000 362.936187744
231.000000000 362.936187744
230.000000000 362.936187744
229.000000000 362.936187744
228.000000000 362.936187744
227.000000000 362.936187744
226.000000000 362.936187744
225.000000000 362.936187744
224.000000000 362.936187744
223.000000000 383.649291992
222.000000000 383.649291992
221.000000000 383.649291992
220.000000000 383.649291992
219.000000000 383.649291992
218.000000000 383.649291992
217.000000000 383.649291992
216.000000000 383.649291992
215.000000000 404.514587402
214.000000000 404.514587402
213.000000000 404.514587402
212.000000000 404.514587402
211.000000000 404.514587402
210.000000000 429.666503906
209.000000000 429.666503906
208.000000000 429.666503906
207.000000000 429.666503906
206.000000000 452.829650879
205.000000000 452.829650879
204.000000000 452.829650879
203.000000000 452.829650879
202.000000000 476.527618408
201.000000000 476.527618408
200.000000000 476.527618408
199.000000000 476.527618408
198.000000000 505.580291748
197.000000000 505.580291748
196.000000000 505.580291748
195.000000000 505.580291748
194.000000000 505.580291748
193.000000000 505.580291748
192.000000000 505.580291748
191.000000000 505.580291748
190.000000000 505.580291748
