250.000000000 347.853820801
249.000000000 347.853820801
248.000000000 347.853820801
247.000000000 347.853820801
246.000000000 347.853820801
245.000000000 347.853820801
244.000000000 347.853820801
243.000000000 347.853820801
242.000000000 347.853820801
241.000000000 347.853820801
240.000000000 347.853820801
239.000000000 347.853820801
238.000000000 347.853820801
237.000000000 347.853820801
236.000000000 347.853820801
235.000000000 347.853820801
234.000000000 365.191009521
233.000000000 365.191009521
232.000000000 365.191009521
231.000000000 365.191009521
230.000000000 365.191009521
229.000000000 365.191009521
228.000000000 365.191009521
227.000000000 365.191009521
226.000000000 365.191009521
225.000000000 365.191009521
224.000000000 383.291259766
223.000000000 383.291259766
222.000000000 383.291259766
221.000000000 383.291259766
220.000000000 383.291259766
219.000000000 383.291259766
218.000000000 383.291259766
217.000000000 383.291259766
216.000000000 383.291259766
215.000000000 383.291259766
214.000000000 405.806884766
213.000000000 405.806884766
212.000000000 405.806884766
211.000000000 405.806884766
210.000000000 405.806884766
209.000000000 429.007598877
208.000000000 429.007598877
207.000000000 429.007598877
206.000000000 429.007598877
205.000000000 429.007598877
204.000000000 460.391357422
203.000000000 460.391357422
202.000000000 460.391357422
201.000000000 460.391357422
200.000000000 486.476928711
199.000000000 486.476928711
198.000000000 486.476928711
197.000000000 509.543121338
196.000000000 509.543121338
195.000000000 509.543121338
194.000000000 509.543121338
193.000000000 509.543121338
192.000000000 509.543121338
191.000000000 534.840881348
190.000000000 534.840881348
