250.000000000 347.853820801
249.000000000 347.853820801
248.000000000 347.853820801
247.000000000 347.853820801
246.000000000 347.853820801
245.000000000 347.853820801
244.000000000 347.853820801
243.000000000 347.853820801
242.000000000 347.853820801
241.000000000 347.853820801
240.000000000 347.853820801
239.000000000 347.853820801
238.000000000 347.853820801
237.000000000 347.853820801
236.000000000 347.853820801
235.000000000 347.853820801
234.000000000 364.627655029
233.000000000 364.627655029
232.000000000 364.627655029
231.000000000 364.627655029
230.000000000 364.627655029
229.000000000 364.627655029
228.000000000 364.627655029
227.000000000 364.627655029
226.000000000 364.627655029
225.000000000 383.117004395
224.000000000 383.117004395
223.000000000 383.117004395
222.000000000 383.117004395
221.000000000 383.117004395
220.000000000 383.117004395
219.000000000 383.117004395
218.000000000 383.117004395
217.000000000 383.117004395
216.000000000 401.946899414
215.000000000 401.946899414
214.000000000 401.946899414
213.000000000 401.946899414
212.000000000 401.946899414
211.000000000 421.189636230
210.000000000 421.189636230
209.000000000 421.189636230
208.000000000 421.189636230
207.000000000 445.485382080
206.000000000 445.485382080
205.000000000 445.485382080
204.000000000 445.485382080
203.000000000 445.485382080
202.000000000 474.863555908
201.000000000 474.863555908
200.000000000 474.863555908
199.000000000 499.820251465
198.000000000 499.820251465
197.000000000 499.820251465
196.000000000 499.820251465
195.000000000 527.022277832
194.000000000 527.022277832
193.000000000 527.022277832
192.000000000 527.022277832
191.000000000 527.022277832
190.000000000 527.022277832
