250.000000000 347.853820801
249.000000000 347.853820801
248.000000000 347.853820801
247.000000000 347.853820801
246.000000000 347.853820801
245.000000000 347.853820801
244.000000000 347.853820801
243.000000000 347.853820801
242.000000000 347.853820801
241.000000000 347.853820801
240.000000000 347.853820801
239.000000000 347.853820801
238.000000000 347.853820801
237.000000000 347.853820801
236.000000000 347.853820801
235.000000000 347.853820801
234.000000000 365.614349365
233.000000000 365.614349365
232.000000000 365.614349365
231.000000000 365.614349365
230.000000000 365.614349365
229.000000000 365.614349365
228.000000000 365.614349365
227.000000000 365.614349365
226.000000000 365.614349365
225.000000000 365.614349365
224.000000000 385.136260986
223.000000000 385.136260986
222.000000000 385.136260986
221.000000000 385.136260986
220.000000000 385.136260986
219.000000000 385.136260986
218.000000000 385.136260986
217.000000000 385.136260986
216.000000000 385.136260986
215.000000000 407.059082031
214.000000000 407.059082031
213.000000000 407.059082031
212.000000000 407.059082031
211.000000000 407.059082031
210.000000000 407.059082031
209.000000000 433.191467285
208.000000000 433.191467285
207.000000000 433.191467285
206.000000000 433.191467285
205.000000000 433.191467285
204.000000000 463.232879639
203.000000000 463.232879639
202.000000000 463.232879639
201.000000000 463.232879639
200.000000000 493.983764648
199.000000000 493.983764648
198.000000000 493.983764648
197.000000000 493.983764648
196.000000000 526.270202637
195.000000000 526.270202637
194.000000000 526.270202637
193.000000000 526.270202637
192.000000000 526.270202637
191.000000000 526.270202637
190.000000000 526.270202637
