250.000000000 347.853820801
249.000000000 347.853820801
248.000000000 347.853820801
247.000000000 347.853820801
246.000000000 347.853820801
245.000000000 347.853820801
244.000000000 347.853820801
243.000000000 347.853820801
242.000000000 347.853820801
241.000000000 347.853820801
240.000000000 347.853820801
239.000000000 347.853820801
238.000000000 347.853820801
237.000000000 347.853820801
236.000000000 347.853820801
235.000000000 347.853820801
234.000000000 365.988708496
233.000000000 365.988708496
232.000000000 365.988708496
231.000000000 365.988708496
230.000000000 365.988708496
229.000000000 365.988708496
228.000000000 365.988708496
227.000000000 365.988708496
226.000000000 365.988708496
225.000000000 365.988708496
224.000000000 365.988708496
223.000000000 365.988708496
222.000000000 387.197113037
221.000000000 387.197113037
220.000000000 387.197113037
219.000000000 387.197113037
218.000000000 387.197113037
217.000000000 387.197113037
216.000000000 387.197113037
215.000000000 387.197113037
214.000000000 406.166839600
213.000000000 406.166839600
212.000000000 406.166839600
211.000000000 406.166839600
210.000000000 406.166839600
209.000000000 406.166839600
208.000000000 435.730926514
207.000000000 435.730926514
206.000000000 435.730926514
205.000000000 435.730926514
204.000000000 458.596740723
203.000000000 458.596740723
202.000000000 458.596740723
201.000000000 458.596740723
200.000000000 486.632690430
199.000000000 486.632690430
198.000000000 486.632690430
197.000000000 486.632690430
196.000000000 514.195739746
195.000000000 514.195739746
194.000000000 514.195739746
193.000000000 514.195739746
192.000000000 514.195739746
191.000000000 514.195739746
190.000000000 514.195739746
