250.000000000 347.853820801
249.000000000 347.853820801
248.000000000 347.853820801
247.000000000 347.853820801
246.000000000 347.853820801
245.000000000 347.853820801
244.000000000 347.853820801
243.000000000 347.853820801
242.000000000 347.853820801
241.000000000 347.853820801
240.000000000 347.853820801
239.000000000 347.853820801
238.000000000 347.853820801
237.000000000 347.853820801
236.000000000 347.853820801
235.000000000 347.853820801
234.000000000 347.853820801
233.000000000 364.816467285
232.000000000 364.816467285
231.000000000 364.816467285
230.000000000 364.816467285
229.000000000 364.816467285
228.000000000 364.816467285
227.000000000 364.816467285
226.000000000 364.816467285
225.000000000 364.816467285
224.000000000 364.816467285
223.000000000 383.492065430
222.000000000 383.492065430
221.000000000 383.492065430
220.000000000 383.492065430
219.000000000 383.492065430
218.000000000 383.492065430
217.000000000 383.492065430
216.000000000 402.265899658
215.000000000 402.265899658
214.000000000 402.265899658
213.000000000 402.265899658
212.000000000 402.265899658
211.000000000 402.265899658
210.000000000 402.265899658
209.000000000 425.482055664
208.000000000 425.482055664
207.000000000 425.482055664
206.000000000 425.482055664
205.000000000 450.396423340
204.000000000 450.396423340
203.000000000 450.396423340
202.000000000 472.532501221
201.000000000 472.532501221
200.000000000 472.532501221
199.000000000 500.099822998
198.000000000 500.099822998
197.000000000 500.099822998
196.000000000 500.099822998
195.000000000 524.201171875
194.000000000 524.201171875
193.000000000 524.201171875
192.000000000 524.201171875
191.000000000 524.201171875
190.000000000 524.201171875
