250.000000000 345.433502197
249.000000000 345.433502197
248.000000000 345.433502197
247.000000000 345.433502197
246.000000000 345.433502197
245.000000000 345.433502197
244.000000000 345.433502197
243.000000000 345.433502197
242.000000000 345.433502197
241.000000000 345.433502197
240.000000000 345.433502197
239.000000000 345.433502197
238.000000000 345.433502197
237.000000000 345.433502197
236.000000000 345.433502197
235.000000000 362.962829590
234.000000000 362.962829590
233.000000000 362.962829590
232.000000000 362.962829590
231.000000000 362.962829590
230.000000000 362.962829590
229.000000000 362.962829590
228.000000000 362.962829590
227.000000000 362.962829590
226.000000000 362.962829590
225.000000000 362.962829590
224.000000000 381.899353027
223.000000000 381.899353027
222.000000000 381.899353027
221.000000000 381.899353027
220.000000000 381.899353027
219.000000000 381.899353027
218.000000000 381.899353027
217.000000000 381.899353027
216.000000000 381.899353027
215.000000000 404.554443359
214.000000000 404.554443359
213.000000000 404.554443359
212.000000000 404.554443359
211.000000000 404.554443359
210.000000000 426.367523193
209.000000000 426.367523193
208.000000000 426.367523193
207.000000000 447.251892090
206.000000000 447.251892090
205.000000000 447.251892090
204.000000000 447.251892090
203.000000000 447.251892090
202.000000000 478.508544922
201.000000000 478.508544922
200.000000000 478.508544922
199.000000000 478.508544922
198.000000000 506.824920654
197.000000000 506.824920654
196.000000000 506.824920654
195.000000000 506.824920654
194.000000000 506.824920654
193.000000000 506.824920654
192.000000000 506.824920654
191.000000000 506.824920654
190.000000000 506.824920654
