250.000000000 347.853820801
249.000000000 347.853820801
248.000000000 347.853820801
247.000000000 347.853820801
246.000000000 347.853820801
245.000000000 347.853820801
244.000000000 347.853820801
243.000000000 347.853820801
242.000000000 347.853820801
241.000000000 347.853820801
240.000000000 347.853820801
239.000000000 347.853820801
238.000000000 347.853820801
237.000000000 347.853820801
236.000000000 347.853820801
235.000000000 347.853820801
234.000000000 347.853820801
233.000000000 364.855773926
232.000000000 364.855773926
231.000000000 364.855773926
230.000000000 364.855773926
229.000000000 364.855773926
228.000000000 364.855773926
227.000000000 364.855773926
226.000000000 364.855773926
225.000000000 364.855773926
224.000000000 364.855773926
223.000000000 364.855773926
222.000000000 387.664855957
221.000000000 387.664855957
220.000000000 387.664855957
219.000000000 387.664855957
218.000000000 387.664855957
217.000000000 387.664855957
216.000000000 387.664855957
215.000000000 387.664855957
214.000000000 387.664855957
213.000000000 406.596710205
212.000000000 406.596710205
211.000000000 406.596710205
210.000000000 425.793792725
209.000000000 425.793792725
208.000000000 425.793792725
207.000000000 425.793792725
206.000000000 447.208190918
205.000000000 447.208190918
204.000000000 447.208190918
203.000000000 469.115173340
202.000000000 469.115173340
201.000000000 469.115173340
200.000000000 492.579589844
199.000000000 492.579589844
198.000000000 492.579589844
197.000000000 492.579589844
196.000000000 522.075500488
195.000000000 522.075500488
194.000000000 522.075500488
193.000000000 522.075500488
192.000000000 522.075500488
191.000000000 522.075500488
190.000000000 522.075500488
