250.000000000 347.853820801
249.000000000 347.853820801
248.000000000 347.853820801
247.000000000 347.853820801
246.000000000 347.853820801
245.000000000 347.853820801
244.000000000 347.853820801
243.000000000 347.853820801
242.000000000 347.853820801
241.000000000 347.853820801
240.000000000 347.853820801
239.000000000 347.853820801
238.000000000 347.853820801
237.000000000 347.853820801
236.000000000 347.853820801
235.000000000 347.853820801
234.000000000 368.547058105
233.000000000 368.547058105
232.000000000 368.547058105
231.000000000 368.547058105
230.000000000 368.547058105
229.000000000 368.547058105
228.000000000 368.547058105
227.000000000 368.547058105
226.000000000 368.547058105
225.000000000 368.547058105
224.000000000 386.758117676
223.000000000 386.758117676
222.000000000 386.758117676
221.000000000 386.758117676
220.000000000 386.758117676
219.000000000 386.758117676
218.000000000 386.758117676
217.000000000 386.758117676
216.000000000 406.737548828
215.000000000 406.737548828
214.000000000 406.737548828
213.000000000 406.737548828
212.000000000 406.737548828
211.000000000 406.737548828
210.000000000 430.624237061
209.000000000 430.624237061
208.000000000 430.624237061
207.000000000 430.624237061
206.000000000 457.765899658
205.000000000 457.765899658
204.000000000 457.765899658
203.000000000 457.765899658
202.000000000 488.348815918
201.000000000 488.348815918
200.000000000 488.348815918
199.000000000 511.421081543
198.000000000 511.421081543
197.000000000 511.421081543
196.000000000 536.956359863
195.000000000 536.956359863
194.000000000 536.956359863
193.000000000 536.956359863
192.000000000 536.956359863
191.000000000 563.574462891
190.000000000 563.574462891
