250.000000000 347.853820801
249.000000000 347.853820801
248.000000000 347.853820801
247.000000000 347.853820801
246.000000000 347.853820801
245.000000000 347.853820801
244.000000000 347.853820801
243.000000000 347.853820801
242.000000000 347.853820801
241.000000000 347.853820801
240.000000000 347.853820801
239.000000000 347.853820801
238.000000000 347.853820801
237.000000000 347.853820801
236.000000000 347.853820801
235.000000000 347.853820801
234.000000000 365.694732666
233.000000000 365.694732666
232.000000000 365.694732666
231.000000000 365.694732666
230.000000000 365.694732666
229.000000000 365.694732666
228.000000000 365.694732666
227.000000000 365.694732666
226.000000000 365.694732666
225.000000000 384.429473877
224.000000000 384.429473877
223.000000000 384.429473877
222.000000000 384.429473877
221.000000000 384.429473877
220.000000000 384.429473877
219.000000000 384.429473877
218.000000000 384.429473877
217.000000000 384.429473877
216.000000000 406.170959473
215.000000000 406.170959473
214.000000000 406.170959473
213.000000000 406.170959473
212.000000000 406.170959473
211.000000000 406.170959473
210.000000000 432.262664795
209.000000000 432.262664795
208.000000000 432.262664795
207.000000000 432.262664795
206.000000000 432.262664795
205.000000000 459.167114258
204.000000000 459.167114258
203.000000000 459.167114258
202.000000000 480.990417480
201.000000000 480.990417480
200.000000000 504.302093506
199.000000000 504.302093506
198.000000000 504.302093506
197.000000000 530.317077637
196.000000000 530.317077637
195.000000000 530.317077637
194.000000000 530.317077637
193.000000000 530.317077637
192.000000000 530.317077637
191.000000000 557.501892090
190.000000000 557.501892090
