250.000000000 345.433502197
249.000000000 345.433502197
248.000000000 345.433502197
247.000000000 345.433502197
246.000000000 345.433502197
245.000000000 345.433502197
244.000000000 345.433502197
243.000000000 345.433502197
242.000000000 345.433502197
241.000000000 345.433502197
240.000000000 345.433502197
239.000000000 345.433502197
238.000000000 345.433502197
237.000000000 345.433502197
236.000000000 345.433502197
235.000000000 345.433502197
234.000000000 345.433502197
233.000000000 367.429504395
232.000000000 367.429504395
231.000000000 367.429504395
230.000000000 367.429504395
229.000000000 367.429504395
228.000000000 367.429504395
227.000000000 367.429504395
226.000000000 367.429504395
225.000000000 367.429504395
224.000000000 367.429504395
223.000000000 385.813018799
222.000000000 385.813018799
221.000000000 385.813018799
220.000000000 385.813018799
219.000000000 385.813018799
218.000000000 385.813018799
217.000000000 385.813018799
216.000000000 385.813018799
215.000000000 405.277984619
214.000000000 405.277984619
213.000000000 405.277984619
212.000000000 405.277984619
211.000000000 405.277984619
210.000000000 428.711853027
209.000000000 428.711853027
208.000000000 428.711853027
207.000000000 451.571533203
206.000000000 451.571533203
205.000000000 451.571533203
204.000000000 451.571533203
203.000000000 474.510833740
202.000000000 474.510833740
201.000000000 474.510833740
200.000000000 474.510833740
199.000000000 500.255737305
198.000000000 500.255737305
197.000000000 500.255737305
196.000000000 500.255737305
195.000000000 500.255737305
194.000000000 525.372619629
193.000000000 525.372619629
192.000000000 525.372619629
191.000000000 525.372619629
190.000000000 525.372619629
