250.000000000 345.433502197
249.000000000 345.433502197
248.000000000 345.433502197
247.000000000 345.433502197
246.000000000 345.433502197
245.000000000 345.433502197
244.000000000 345.433502197
243.000000000 345.433502197
242.000000000 345.433502197
241.000000000 345.433502197
240.000000000 345.433502197
239.000000000 345.433502197
238.000000000 345.433502197
237.000000000 345.433502197
236.000000000 345.433502197
235.000000000 364.005279541
234.000000000 364.005279541
233.000000000 364.005279541
232.000000000 364.005279541
231.000000000 364.005279541
230.000000000 364.005279541
229.000000000 364.005279541
228.000000000 364.005279541
227.000000000 364.005279541
226.000000000 364.005279541
225.000000000 364.005279541
224.000000000 364.005279541
223.000000000 385.165893555
222.000000000 385.165893555
221.000000000 385.165893555
220.000000000 385.165893555
219.000000000 385.165893555
218.000000000 385.165893555
217.000000000 385.165893555
216.000000000 385.165893555
215.000000000 385.165893555
214.000000000 405.136108398
213.000000000 405.136108398
212.000000000 405.136108398
211.000000000 405.136108398
210.000000000 429.749237061
209.000000000 429.749237061
208.000000000 429.749237061
207.000000000 429.749237061
206.000000000 452.622528076
205.000000000 452.622528076
204.000000000 452.622528076
203.000000000 452.622528076
202.000000000 478.357086182
201.000000000 478.357086182
200.000000000 478.357086182
199.000000000 478.357086182
198.000000000 502.975341797
197.000000000 502.975341797
196.000000000 502.975341797
195.000000000 502.975341797
194.000000000 502.975341797
193.000000000 502.975341797
192.000000000 502.975341797
191.000000000 502.975341797
190.000000000 502.975341797
