250.000000000 347.853820801
249.000000000 347.853820801
248.000000000 347.853820801
247.000000000 347.853820801
246.000000000 347.853820801
245.000000000 347.853820801
244.000000000 347.853820801
243.000000000 347.853820801
242.000000000 347.853820801
241.000000000 347.853820801
240.000000000 347.853820801
239.000000000 347.853820801
238.000000000 347.853820801
237.000000000 347.853820801
236.000000000 347.853820801
235.000000000 364.884582520
234.000000000 364.884582520
233.000000000 364.884582520
232.000000000 364.884582520
231.000000000 364.884582520
230.000000000 364.884582520
229.000000000 364.884582520
228.000000000 364.884582520
227.000000000 364.884582520
226.000000000 364.884582520
225.000000000 383.380432129
224.000000000 383.380432129
223.000000000 383.380432129
222.000000000 383.380432129
221.000000000 383.380432129
220.000000000 383.380432129
219.000000000 383.380432129
218.000000000 383.380432129
217.000000000 383.380432129
216.000000000 406.163177490
215.000000000 406.163177490
214.000000000 406.163177490
213.000000000 406.163177490
212.000000000 406.163177490
211.000000000 425.673736572
210.000000000 425.673736572
209.000000000 425.673736572
208.000000000 425.673736572
207.000000000 446.088409424
206.000000000 446.088409424
205.000000000 446.088409424
204.000000000 446.088409424
203.000000000 474.819274902
202.000000000 474.819274902
201.000000000 474.819274902
200.000000000 501.274505615
199.000000000 501.274505615
198.000000000 501.274505615
197.000000000 501.274505615
196.000000000 534.361389160
195.000000000 534.361389160
194.000000000 534.361389160
193.000000000 534.361389160
192.000000000 534.361389160
191.000000000 534.361389160
190.000000000 560.473937988
