250.000000000 347.853820801
249.000000000 347.853820801
248.000000000 347.853820801
247.000000000 347.853820801
246.000000000 347.853820801
245.000000000 347.853820801
244.000000000 347.853820801
243.000000000 347.853820801
242.000000000 347.853820801
241.000000000 347.853820801
240.000000000 347.853820801
239.000000000 347.853820801
238.000000000 347.853820801
237.000000000 347.853820801
236.000000000 347.853820801
235.000000000 347.853820801
234.000000000 347.853820801
233.000000000 364.968658447
232.000000000 364.968658447
231.000000000 364.968658447
230.000000000 364.968658447
229.000000000 364.968658447
228.000000000 364.968658447
227.000000000 364.968658447
226.000000000 364.968658447
225.000000000 383.832427979
224.000000000 383.832427979
223.000000000 383.832427979
222.000000000 383.832427979
221.000000000 383.832427979
220.000000000 383.832427979
219.000000000 383.832427979
218.000000000 383.832427979
217.000000000 383.832427979
216.000000000 403.593994141
215.000000000 403.593994141
214.000000000 403.593994141
213.000000000 403.593994141
212.000000000 403.593994141
211.000000000 422.817657471
210.000000000 422.817657471
209.000000000 422.817657471
208.000000000 422.817657471
207.000000000 447.730346680
206.000000000 447.730346680
205.000000000 447.730346680
204.000000000 447.730346680
203.000000000 468.748687744
202.000000000 468.748687744
201.000000000 468.748687744
200.000000000 495.080902100
199.000000000 495.080902100
198.000000000 495.080902100
197.000000000 524.421386719
196.000000000 524.421386719
195.000000000 524.421386719
194.000000000 524.421386719
193.000000000 524.421386719
192.000000000 524.421386719
191.000000000 552.827819824
190.000000000 552.827819824
