250.000000000 347.853820801
249.000000000 347.853820801
248.000000000 347.853820801
247.000000000 347.853820801
246.000000000 347.853820801
245.000000000 347.853820801
244.000000000 347.853820801
243.000000000 347.853820801
242.000000000 347.853820801
241.000000000 347.853820801
240.000000000 347.853820801
239.000000000 347.853820801
238.000000000 347.853820801
237.000000000 347.853820801
236.000000000 347.853820801
235.000000000 347.853820801
234.000000000 347.853820801
233.000000000 347.853820801
232.000000000 364.160705566
231.000000000 364.160705566
230.000000000 364.160705566
229.000000000 364.160705566
228.000000000 364.160705566
227.000000000 364.160705566
226.000000000 364.160705566
225.000000000 364.160705566
224.000000000 364.160705566
223.000000000 384.050994873
222.000000000 384.050994873
221.000000000 384.050994873
220.000000000 384.050994873
219.000000000 384.050994873
218.000000000 384.050994873
217.000000000 384.050994873
216.000000000 384.050994873
215.000000000 406.552978516
214.000000000 406.552978516
213.000000000 406.552978516
212.000000000 406.552978516
211.000000000 406.552978516
210.000000000 428.089508057
209.000000000 428.089508057
208.000000000 428.089508057
207.000000000 428.089508057
206.000000000 428.089508057
205.000000000 450.217803955
204.000000000 450.217803955
203.000000000 450.217803955
202.000000000 473.073455811
201.000000000 473.073455811
200.000000000 495.792816162
199.000000000 495.792816162
198.000000000 495.792816162
197.000000000 495.792816162
196.000000000 524.860290527
195.000000000 524.860290527
194.000000000 524.860290527
193.000000000 524.860290527
192.000000000 524.860290527
191.000000000 524.860290527
190.000000000 524.860290527
