250.000000000 345.433502197
249.000000000 345.433502197
248.000000000 345.433502197
247.000000000 345.433502197
246.000000000 345.433502197
245.000000000 345.433502197
244.000000000 345.433502197
243.000000000 345.433502197
242.000000000 345.433502197
241.000000000 345.433502197
240.000000000 345.433502197
239.000000000 345.433502197
238.000000000 345.433502197
237.000000000 345.433502197
236.000000000 363.760803223
235.000000000 363.760803223
234.000000000 363.760803223
233.000000000 363.760803223
232.000000000 363.760803223
231.000000000 363.760803223
230.000000000 363.760803223
229.000000000 363.760803223
228.000000000 363.760803223
227.000000000 363.760803223
226.000000000 363.760803223
225.000000000 382.180938721
224.000000000 382.180938721
223.000000000 382.180938721
222.000000000 382.180938721
221.000000000 382.180938721
220.000000000 382.180938721
219.000000000 382.180938721
218.000000000 382.180938721
217.000000000 401.978454590
216.000000000 401.978454590
215.000000000 401.978454590
214.000000000 401.978454590
213.000000000 401.978454590
212.000000000 401.978454590
211.000000000 424.547790527
210.000000000 424.547790527
209.000000000 424.547790527
208.000000000 445.516021729
207.000000000 445.516021729
206.000000000 445.516021729
205.000000000 445.516021729
204.000000000 469.254425049
203.000000000 469.254425049
202.000000000 469.254425049
201.000000000 469.254425049
200.000000000 496.055725098
199.000000000 496.055725098
198.000000000 496.055725098
197.000000000 496.055725098
196.000000000 521.856750488
195.000000000 521.856750488
194.000000000 521.856750488
193.000000000 521.856750488
192.000000000 521.856750488
191.000000000 521.856750488
190.000000000 521.856750488
