250.000000000 347.853820801
249.000000000 347.853820801
248.000000000 347.853820801
247.000000000 347.853820801
246.000000000 347.853820801
245.000000000 347.853820801
244.000000000 347.853820801
243.000000000 347.853820801
242.000000000 347.853820801
241.000000000 347.853820801
240.000000000 347.853820801
239.000000000 347.853820801
238.000000000 347.853820801
237.000000000 347.853820801
236.000000000 347.853820801
235.000000000 365.431365967
234.000000000 365.431365967
233.000000000 365.431365967
232.000000000 365.431365967
231.000000000 365.431365967
230.000000000 365.431365967
229.000000000 365.431365967
228.000000000 365.431365967
227.000000000 365.431365967
226.000000000 365.431365967
225.000000000 365.431365967
224.000000000 383.907897949
223.000000000 383.907897949
222.000000000 383.907897949
221.000000000 383.907897949
220.000000000 383.907897949
219.000000000 383.907897949
218.000000000 383.907897949
217.000000000 383.907897949
216.000000000 383.907897949
215.000000000 403.180389404
214.000000000 403.180389404
213.000000000 403.180389404
212.000000000 403.180389404
211.000000000 403.180389404
210.000000000 423.515960693
209.000000000 423.515960693
208.000000000 423.515960693
207.000000000 444.246154785
206.000000000 444.246154785
205.000000000 444.246154785
204.000000000 444.246154785
203.000000000 470.003601074
202.000000000 470.003601074
201.000000000 470.003601074
200.000000000 493.226837158
199.000000000 493.226837158
198.000000000 493.226837158
197.000000000 493.226837158
196.000000000 519.257873535
195.000000000 519.257873535
194.000000000 519.257873535
193.000000000 519.257873535
192.000000000 519.257873535
191.000000000 519.257873535
190.000000000 519.257873535
