250.000000000 345.433502197
249.000000000 345.433502197
248.000000000 345.433502197
247.000000000 345.433502197
246.000000000 345.433502197
245.000000000 345.433502197
244.000000000 345.433502197
243.000000000 345.433502197
242.000000000 345.433502197
241.000000000 345.433502197
240.000000000 345.433502197
239.000000000 345.433502197
238.000000000 345.433502197
237.000000000 345.433502197
236.000000000 345.433502197
235.000000000 345.433502197
234.000000000 363.872009277
233.000000000 363.872009277
232.000000000 363.872009277
231.000000000 363.872009277
230.000000000 363.872009277
229.000000000 363.872009277
228.000000000 363.872009277
227.000000000 363.872009277
226.000000000 363.872009277
225.000000000 383.308288574
224.000000000 383.308288574
223.000000000 383.308288574
222.000000000 383.308288574
221.000000000 383.308288574
220.000000000 383.308288574
219.000000000 383.308288574
218.000000000 383.308288574
217.000000000 383.308288574
216.000000000 404.468658447
215.000000000 404.468658447
214.000000000 404.468658447
213.000000000 404.468658447
212.000000000 404.468658447
211.000000000 404.468658447
210.000000000 433.967193604
209.000000000 433.967193604
208.000000000 433.967193604
207.000000000 433.967193604
206.000000000 457.609863281
205.000000000 457.609863281
204.000000000 457.609863281
203.000000000 457.609863281
202.000000000 480.603637695
201.000000000 480.603637695
200.000000000 480.603637695
199.000000000 503.831848145
198.000000000 503.831848145
197.000000000 503.831848145
196.000000000 503.831848145
195.000000000 503.831848145
194.000000000 528.450805664
193.000000000 528.450805664
192.000000000 528.450805664
191.000000000 528.450805664
190.000000000 528.450805664
