250.000000000 345.433502197
249.000000000 345.433502197
248.000000000 345.433502197
247.000000000 345.433502197
246.000000000 345.433502197
245.000000000 345.433502197
244.000000000 345.433502197
243.000000000 345.433502197
242.000000000 345.433502197
241.000000000 345.433502197
240.000000000 345.433502197
239.000000000 345.433502197
238.000000000 345.433502197
237.000000000 345.433502197
236.000000000 345.433502197
235.000000000 364.066162109
234.000000000 364.066162109
233.000000000 364.066162109
232.000000000 364.066162109
231.000000000 364.066162109
230.000000000 364.066162109
229.000000000 364.066162109
228.000000000 364.066162109
227.000000000 364.066162109
226.000000000 364.066162109
225.000000000 364.066162109
224.000000000 382.439666748
223.000000000 382.439666748
222.000000000 382.439666748
221.000000000 382.439666748
220.000000000 382.439666748
219.000000000 382.439666748
218.000000000 382.439666748
217.000000000 382.439666748
216.000000000 382.439666748
215.000000000 402.577758789
214.000000000 402.577758789
213.000000000 402.577758789
212.000000000 402.577758789
211.000000000 402.577758789
210.000000000 429.366333008
209.000000000 429.366333008
208.000000000 429.366333008
207.000000000 429.366333008
206.000000000 457.077423096
205.000000000 457.077423096
204.000000000 457.077423096
203.000000000 457.077423096
202.000000000 480.204132080
201.000000000 480.204132080
200.000000000 480.204132080
199.000000000 503.528381348
198.000000000 503.528381348
197.000000000 503.528381348
196.000000000 503.528381348
195.000000000 503.528381348
194.000000000 503.528381348
193.000000000 503.528381348
192.000000000 531.444458008
191.000000000 531.444458008
190.000000000 531.444458008
