250.000000000 347.853820801
249.000000000 347.853820801
248.000000000 347.853820801
247.000000000 347.853820801
246.000000000 347.853820801
245.000000000 347.853820801
244.000000000 347.853820801
243.000000000 347.853820801
242.000000000 347.853820801
241.000000000 347.853820801
240.000000000 347.853820801
239.000000000 347.853820801
238.000000000 347.853820801
237.000000000 347.853820801
236.000000000 347.853820801
235.000000000 366.103576660
234.000000000 366.103576660
233.000000000 366.103576660
232.000000000 366.103576660
231.000000000 366.103576660
230.000000000 366.103576660
229.000000000 366.103576660
228.000000000 366.103576660
227.000000000 366.103576660
226.000000000 366.103576660
225.000000000 366.103576660
224.000000000 366.103576660
223.000000000 389.830749512
222.000000000 389.830749512
221.000000000 389.830749512
220.000000000 389.830749512
219.000000000 389.830749512
218.000000000 389.830749512
217.000000000 389.830749512
216.000000000 389.830749512
215.000000000 389.830749512
214.000000000 412.660339355
213.000000000 412.660339355
212.000000000 412.660339355
211.000000000 412.660339355
210.000000000 412.660339355
209.000000000 436.902465820
208.000000000 436.902465820
207.000000000 436.902465820
206.000000000 436.902465820
205.000000000 458.959930420
204.000000000 458.959930420
203.000000000 458.959930420
202.000000000 483.835754395
201.000000000 483.835754395
200.000000000 483.835754395
199.000000000 512.069885254
198.000000000 512.069885254
197.000000000 512.069885254
196.000000000 512.069885254
195.000000000 537.824340820
194.000000000 537.824340820
193.000000000 537.824340820
192.000000000 537.824340820
191.000000000 537.824340820
190.000000000 564.968627930
