250.000000000 347.853820801
249.000000000 347.853820801
248.000000000 347.853820801
247.000000000 347.853820801
246.000000000 347.853820801
245.000000000 347.853820801
244.000000000 347.853820801
243.000000000 347.853820801
242.000000000 347.853820801
241.000000000 347.853820801
240.000000000 347.853820801
239.000000000 347.853820801
238.000000000 347.853820801
237.000000000 347.853820801
236.000000000 347.853820801
235.000000000 364.920471191
234.000000000 364.920471191
233.000000000 364.920471191
232.000000000 364.920471191
231.000000000 364.920471191
230.000000000 364.920471191
229.000000000 364.920471191
228.000000000 364.920471191
227.000000000 364.920471191
226.000000000 364.920471191
225.000000000 364.920471191
224.000000000 364.920471191
223.000000000 386.044158936
222.000000000 386.044158936
221.000000000 386.044158936
220.000000000 386.044158936
219.000000000 386.044158936
218.000000000 386.044158936
217.000000000 386.044158936
216.000000000 386.044158936
215.000000000 404.520812988
214.000000000 404.520812988
213.000000000 404.520812988
212.000000000 404.520812988
211.000000000 404.520812988
210.000000000 424.644744873
209.000000000 424.644744873
208.000000000 424.644744873
207.000000000 424.644744873
206.000000000 447.032989502
205.000000000 447.032989502
204.000000000 447.032989502
203.000000000 447.032989502
202.000000000 472.240264893
201.000000000 472.240264893
200.000000000 472.240264893
199.000000000 494.965362549
198.000000000 494.965362549
197.000000000 494.965362549
196.000000000 519.518737793
195.000000000 519.518737793
194.000000000 519.518737793
193.000000000 519.518737793
192.000000000 519.518737793
191.000000000 519.518737793
190.000000000 519.518737793
