250.000000000 345.433502197
249.000000000 345.433502197
248.000000000 345.433502197
247.000000000 345.433502197
246.000000000 345.433502197
245.000000000 345.433502197
244.000000000 345.433502197
243.000000000 345.433502197
242.000000000 345.433502197
241.000000000 345.433502197
240.000000000 345.433502197
239.000000000 345.433502197
238.000000000 345.433502197
237.000000000 345.433502197
236.000000000 363.598602295
235.000000000 363.598602295
234.000000000 363.598602295
233.000000000 363.598602295
232.000000000 363.598602295
231.000000000 363.598602295
230.000000000 363.598602295
229.000000000 363.598602295
228.000000000 363.598602295
227.000000000 363.598602295
226.000000000 363.598602295
225.000000000 382.238464355
224.000000000 382.238464355
223.000000000 382.238464355
222.000000000 382.238464355
221.000000000 382.238464355
220.000000000 382.238464355
219.000000000 382.238464355
218.000000000 382.238464355
217.000000000 400.872436523
216.000000000 400.872436523
215.000000000 400.872436523
214.000000000 400.872436523
213.000000000 400.872436523
212.000000000 400.872436523
211.000000000 425.685241699
210.000000000 425.685241699
209.000000000 425.685241699
208.000000000 446.609771729
207.000000000 446.609771729
206.000000000 446.609771729
205.000000000 446.609771729
204.000000000 446.609771729
203.000000000 476.215118408
202.000000000 476.215118408
201.000000000 476.215118408
200.000000000 476.215118408
199.000000000 502.555816650
198.000000000 502.555816650
197.000000000 502.555816650
196.000000000 502.555816650
195.000000000 502.555816650
194.000000000 528.159179688
193.000000000 528.159179688
192.000000000 528.159179688
191.000000000 528.159179688
190.000000000 528.159179688
