250.000000000 345.433502197
249.000000000 345.433502197
248.000000000 345.433502197
247.000000000 345.433502197
246.000000000 345.433502197
245.000000000 345.433502197
244.000000000 345.433502197
243.000000000 345.433502197
242.000000000 345.433502197
241.000000000 345.433502197
240.000000000 345.433502197
239.000000000 345.433502197
238.000000000 345.433502197
237.000000000 345.433502197
236.000000000 345.433502197
235.000000000 363.227539062
234.000000000 363.227539062
233.000000000 363.227539062
232.000000000 363.227539062
231.000000000 363.227539062
230.000000000 363.227539062
229.000000000 363.227539062
228.000000000 363.227539062
227.000000000 363.227539062
226.000000000 363.227539062
225.000000000 363.227539062
224.000000000 363.227539062
223.000000000 384.385803223
222.000000000 384.385803223
221.000000000 384.385803223
220.000000000 384.385803223
219.000000000 384.385803223
218.000000000 384.385803223
217.000000000 384.385803223
216.000000000 384.385803223
215.000000000 405.866088867
214.000000000 405.866088867
213.000000000 405.866088867
212.000000000 405.866088867
211.000000000 405.866088867
210.000000000 428.373168945
209.000000000 428.373168945
208.000000000 428.373168945
207.000000000 451.262145996
206.000000000 451.262145996
205.000000000 451.262145996
204.000000000 451.262145996
203.000000000 451.262145996
202.000000000 476.534515381
201.000000000 476.534515381
200.000000000 476.534515381
199.000000000 476.534515381
198.000000000 507.626556396
197.000000000 507.626556396
196.000000000 507.626556396
195.000000000 507.626556396
194.000000000 507.626556396
193.000000000 507.626556396
192.000000000 507.626556396
191.000000000 507.626556396
190.000000000 507.626556396
