250.000000000 345.433502197
249.000000000 345.433502197
248.000000000 345.433502197
247.000000000 345.433502197
246.000000000 345.433502197
245.000000000 345.433502197
244.000000000 345.433502197
243.000000000 345.433502197
242.000000000 345.433502197
241.000000000 345.433502197
240.000000000 345.433502197
239.000000000 345.433502197
238.000000000 345.433502197
237.000000000 345.433502197
236.000000000 345.433502197
235.000000000 345.433502197
234.000000000 363.217956543
233.000000000 363.217956543
232.000000000 363.217956543
231.000000000 363.217956543
230.000000000 363.217956543
229.000000000 363.217956543
228.000000000 363.217956543
227.000000000 363.217956543
226.000000000 363.217956543
225.000000000 363.217956543
224.000000000 384.383880615
223.000000000 384.383880615
222.000000000 384.383880615
221.000000000 384.383880615
220.000000000 384.383880615
219.000000000 384.383880615
218.000000000 384.383880615
217.000000000 384.383880615
216.000000000 403.724090576
215.000000000 403.724090576
214.000000000 403.724090576
213.000000000 403.724090576
212.000000000 403.724090576
211.000000000 424.218627930
210.000000000 424.218627930
209.000000000 424.218627930
208.000000000 424.218627930
207.000000000 450.126892090
206.000000000 450.126892090
205.000000000 450.126892090
204.000000000 450.126892090
203.000000000 473.370208740
202.000000000 473.370208740
201.000000000 473.370208740
200.000000000 473.370208740
199.000000000 502.837738037
198.000000000 502.837738037
197.000000000 502.837738037
196.000000000 502.837738037
195.000000000 502.837738037
194.000000000 528.322875977
193.000000000 528.322875977
192.000000000 528.322875977
191.000000000 528.322875977
190.000000000 528.322875977
