250.000000000 345.433502197
249.000000000 345.433502197
248.000000000 345.433502197
247.000000000 345.433502197
246.000000000 345.433502197
245.000000000 345.433502197
244.000000000 345.433502197
243.000000000 345.433502197
242.000000000 345.433502197
241.000000000 345.433502197
240.000000000 345.433502197
239.000000000 345.433502197
238.000000000 345.433502197
237.000000000 345.433502197
236.000000000 345.433502197
235.000000000 364.745697021
234.000000000 364.745697021
233.000000000 364.745697021
232.000000000 364.745697021
231.000000000 364.745697021
230.000000000 364.745697021
229.000000000 364.745697021
228.000000000 364.745697021
227.000000000 364.745697021
226.000000000 364.745697021
225.000000000 364.745697021
224.000000000 364.745697021
223.000000000 382.973693848
222.000000000 382.973693848
221.000000000 382.973693848
220.000000000 382.973693848
219.000000000 382.973693848
218.000000000 382.973693848
217.000000000 382.973693848
216.000000000 382.973693848
215.000000000 403.166778564
214.000000000 403.166778564
213.000000000 403.166778564
212.000000000 403.166778564
211.000000000 403.166778564
210.000000000 429.615997314
209.000000000 429.615997314
208.000000000 429.615997314
207.000000000 451.562896729
206.000000000 451.562896729
205.000000000 451.562896729
204.000000000 451.562896729
203.000000000 473.417388916
202.000000000 473.417388916
201.000000000 473.417388916
200.000000000 473.417388916
199.000000000 499.093841553
198.000000000 499.093841553
197.000000000 499.093841553
196.000000000 499.093841553
195.000000000 499.093841553
194.000000000 523.506774902
193.000000000 523.506774902
192.000000000 523.506774902
191.000000000 523.506774902
190.000000000 523.506774902
