250.000000000 347.853820801
249.000000000 347.853820801
248.000000000 347.853820801
247.000000000 347.853820801
246.000000000 347.853820801
245.000000000 347.853820801
244.000000000 347.853820801
243.000000000 347.853820801
242.000000000 347.853820801
241.000000000 347.853820801
240.000000000 347.853820801
239.000000000 347.853820801
238.000000000 347.853820801
237.000000000 347.853820801
236.000000000 347.853820801
235.000000000 347.853820801
234.000000000 347.853820801
233.000000000 347.853820801
232.000000000 365.542236328
231.000000000 365.542236328
230.000000000 365.542236328
229.000000000 365.542236328
228.000000000 365.542236328
227.000000000 365.542236328
226.000000000 365.542236328
225.000000000 365.542236328
224.000000000 365.542236328
223.000000000 365.542236328
222.000000000 365.542236328
221.000000000 388.235107422
220.000000000 388.235107422
219.000000000 388.235107422
218.000000000 388.235107422
217.000000000 388.235107422
216.000000000 388.235107422
215.000000000 388.235107422
214.000000000 388.235107422
213.000000000 406.775177002
212.000000000 406.775177002
211.000000000 406.775177002
210.000000000 406.775177002
209.000000000 426.247497559
208.000000000 426.247497559
207.000000000 426.247497559
206.000000000 426.247497559
205.000000000 450.537078857
204.000000000 450.537078857
203.000000000 450.537078857
202.000000000 472.903961182
201.000000000 472.903961182
200.000000000 472.903961182
199.000000000 497.788055420
198.000000000 497.788055420
197.000000000 497.788055420
196.000000000 497.788055420
195.000000000 497.788055420
194.000000000 526.477783203
193.000000000 526.477783203
192.000000000 526.477783203
191.000000000 526.477783203
190.000000000 526.477783203
