250.000000000 347.853820801
249.000000000 347.853820801
248.000000000 347.853820801
247.000000000 347.853820801
246.000000000 347.853820801
245.000000000 347.853820801
244.000000000 347.853820801
243.000000000 347.853820801
242.000000000 347.853820801
241.000000000 347.853820801
240.000000000 347.853820801
239.000000000 347.853820801
238.000000000 347.853820801
237.000000000 347.853820801
236.000000000 347.853820801
235.000000000 364.298736572
234.000000000 364.298736572
233.000000000 364.298736572
232.000000000 364.298736572
231.000000000 364.298736572
230.000000000 364.298736572
229.000000000 364.298736572
228.000000000 364.298736572
227.000000000 364.298736572
226.000000000 364.298736572
225.000000000 364.298736572
224.000000000 383.281433105
223.000000000 383.281433105
222.000000000 383.281433105
221.000000000 383.281433105
220.000000000 383.281433105
219.000000000 383.281433105
218.000000000 383.281433105
217.000000000 383.281433105
216.000000000 402.788146973
215.000000000 402.788146973
214.000000000 402.788146973
213.000000000 402.788146973
212.000000000 402.788146973
211.000000000 402.788146973
210.000000000 402.788146973
209.000000000 429.699188232
208.000000000 429.699188232
207.000000000 429.699188232
206.000000000 450.403289795
205.000000000 450.403289795
204.000000000 450.403289795
203.000000000 450.403289795
202.000000000 477.533996582
201.000000000 477.533996582
200.000000000 477.533996582
199.000000000 477.533996582
198.000000000 506.265686035
197.000000000 506.265686035
196.000000000 506.265686035
195.000000000 506.265686035
194.000000000 506.265686035
193.000000000 536.851562500
192.000000000 536.851562500
191.000000000 536.851562500
190.000000000 536.851562500
