250.000000000 347.853820801
249.000000000 347.853820801
248.000000000 347.853820801
247.000000000 347.853820801
246.000000000 347.853820801
245.000000000 347.853820801
244.000000000 347.853820801
243.000000000 347.853820801
242.000000000 347.853820801
241.000000000 347.853820801
240.000000000 347.853820801
239.000000000 347.853820801
238.000000000 347.853820801
237.000000000 347.853820801
236.000000000 365.132659912
235.000000000 365.132659912
234.000000000 365.132659912
233.000000000 365.132659912
232.000000000 365.132659912
231.000000000 365.132659912
230.000000000 365.132659912
229.000000000 365.132659912
228.000000000 365.132659912
227.000000000 365.132659912
226.000000000 365.132659912
225.000000000 365.132659912
224.000000000 383.837768555
223.000000000 383.837768555
222.000000000 383.837768555
221.000000000 383.837768555
220.000000000 383.837768555
219.000000000 383.837768555
218.000000000 383.837768555
217.000000000 383.837768555
216.000000000 383.837768555
215.000000000 403.591796875
214.000000000 403.591796875
213.000000000 403.591796875
212.000000000 403.591796875
211.000000000 423.119537354
210.000000000 423.119537354
209.000000000 423.119537354
208.000000000 423.119537354
207.000000000 443.052551270
206.000000000 443.052551270
205.000000000 443.052551270
204.000000000 467.242553711
203.000000000 467.242553711
202.000000000 467.242553711
201.000000000 467.242553711
200.000000000 496.393066406
199.000000000 496.393066406
198.000000000 496.393066406
197.000000000 496.393066406
196.000000000 522.882080078
195.000000000 522.882080078
194.000000000 522.882080078
193.000000000 522.882080078
192.000000000 522.882080078
191.000000000 547.844116211
190.000000000 547.844116211
