250.000000000 347.853820801
249.000000000 347.853820801
248.000000000 347.853820801
247.000000000 347.853820801
246.000000000 347.853820801
245.000000000 347.853820801
244.000000000 347.853820801
243.000000000 347.853820801
242.000000000 347.853820801
241.000000000 347.853820801
240.000000000 347.853820801
239.000000000 347.853820801
238.000000000 347.853820801
237.000000000 347.853820801
236.000000000 347.853820801
235.000000000 364.778778076
234.000000000 364.778778076
233.000000000 364.778778076
232.000000000 364.778778076
231.000000000 364.778778076
230.000000000 364.778778076
229.000000000 364.778778076
228.000000000 364.778778076
227.000000000 364.778778076
226.000000000 364.778778076
225.000000000 382.177917480
224.000000000 382.177917480
223.000000000 382.177917480
222.000000000 382.177917480
221.000000000 382.177917480
220.000000000 382.177917480
219.000000000 382.177917480
218.000000000 382.177917480
217.000000000 382.177917480
216.000000000 401.082458496
215.000000000 401.082458496
214.000000000 401.082458496
213.000000000 401.082458496
212.000000000 401.082458496
211.000000000 420.998748779
210.000000000 420.998748779
209.000000000 420.998748779
208.000000000 420.998748779
207.000000000 440.878234863
206.000000000 440.878234863
205.000000000 440.878234863
204.000000000 440.878234863
203.000000000 463.642425537
202.000000000 463.642425537
201.000000000 463.642425537
200.000000000 487.948425293
199.000000000 487.948425293
198.000000000 487.948425293
197.000000000 515.557250977
196.000000000 515.557250977
195.000000000 515.557250977
194.000000000 515.557250977
193.000000000 515.557250977
192.000000000 515.557250977
191.000000000 515.557250977
190.000000000 539.843933105
