250.000000000 347.853820801
249.000000000 347.853820801
248.000000000 347.853820801
247.000000000 347.853820801
246.000000000 347.853820801
245.000000000 347.853820801
244.000000000 347.853820801
243.000000000 347.853820801
242.000000000 347.853820801
241.000000000 347.853820801
240.000000000 347.853820801
239.000000000 347.853820801
238.000000000 347.853820801
237.000000000 347.853820801
236.000000000 347.853820801
235.000000000 347.853820801
234.000000000 366.484222412
233.000000000 366.484222412
232.000000000 366.484222412
231.000000000 366.484222412
230.000000000 366.484222412
229.000000000 366.484222412
228.000000000 366.484222412
227.000000000 366.484222412
226.000000000 366.484222412
225.000000000 366.484222412
224.000000000 385.048095703
223.000000000 385.048095703
222.000000000 385.048095703
221.000000000 385.048095703
220.000000000 385.048095703
219.000000000 385.048095703
218.000000000 385.048095703
217.000000000 385.048095703
216.000000000 385.048095703
215.000000000 385.048095703
214.000000000 403.324249268
213.000000000 403.324249268
212.000000000 403.324249268
211.000000000 403.324249268
210.000000000 424.887664795
209.000000000 424.887664795
208.000000000 424.887664795
207.000000000 424.887664795
206.000000000 450.601318359
205.000000000 450.601318359
204.000000000 450.601318359
203.000000000 450.601318359
202.000000000 478.681304932
201.000000000 478.681304932
200.000000000 478.681304932
199.000000000 478.681304932
198.000000000 505.302764893
197.000000000 505.302764893
196.000000000 505.302764893
195.000000000 531.251342773
194.000000000 531.251342773
193.000000000 531.251342773
192.000000000 531.251342773
191.000000000 531.251342773
190.000000000 531.251342773
