250.000000000 345.433502197
249.000000000 345.433502197
248.000000000 345.433502197
247.000000000 345.433502197
246.000000000 345.433502197
245.000000000 345.433502197
244.000000000 345.433502197
243.000000000 345.433502197
242.000000000 345.433502197
241.000000000 345.433502197
240.000000000 345.433502197
239.000000000 345.433502197
238.000000000 345.433502197
237.000000000 345.433502197
236.000000000 345.433502197
235.000000000 364.411712646
234.000000000 364.411712646
233.000000000 364.411712646
232.000000000 364.411712646
231.000000000 364.411712646
230.000000000 364.411712646
229.000000000 364.411712646
228.000000000 364.411712646
227.000000000 364.411712646
226.000000000 364.411712646
225.000000000 364.411712646
224.000000000 364.411712646
223.000000000 385.142181396
222.000000000 385.142181396
221.000000000 385.142181396
220.000000000 385.142181396
219.000000000 385.142181396
218.000000000 385.142181396
217.000000000 385.142181396
216.000000000 385.142181396
215.000000000 404.376831055
214.000000000 404.376831055
213.000000000 404.376831055
212.000000000 404.376831055
211.000000000 404.376831055
210.000000000 427.804199219
209.000000000 427.804199219
208.000000000 427.804199219
207.000000000 452.247436523
206.000000000 452.247436523
205.000000000 452.247436523
204.000000000 452.247436523
203.000000000 452.247436523
202.000000000 479.880523682
201.000000000 479.880523682
200.000000000 479.880523682
199.000000000 503.426971436
198.000000000 503.426971436
197.000000000 503.426971436
196.000000000 503.426971436
195.000000000 503.426971436
194.000000000 528.127380371
193.000000000 528.127380371
192.000000000 528.127380371
191.000000000 528.127380371
190.000000000 528.127380371
