250.000000000 345.433502197
249.000000000 345.433502197
248.000000000 345.433502197
247.000000000 345.433502197
246.000000000 345.433502197
245.000000000 345.433502197
244.000000000 345.433502197
243.000000000 345.433502197
242.000000000 345.433502197
241.000000000 345.433502197
240.000000000 345.433502197
239.000000000 345.433502197
238.000000000 345.433502197
237.000000000 345.433502197
236.000000000 345.433502197
235.000000000 363.405395508
234.000000000 363.405395508
233.000000000 363.405395508
232.000000000 363.405395508
231.000000000 363.405395508
230.000000000 363.405395508
229.000000000 363.405395508
228.000000000 363.405395508
227.000000000 363.405395508
226.000000000 363.405395508
225.000000000 363.405395508
224.000000000 383.270141602
223.000000000 383.270141602
222.000000000 383.270141602
221.000000000 383.270141602
220.000000000 383.270141602
219.000000000 383.270141602
218.000000000 383.270141602
217.000000000 383.270141602
216.000000000 383.270141602
215.000000000 402.228759766
214.000000000 402.228759766
213.000000000 402.228759766
212.000000000 402.228759766
211.000000000 421.884185791
210.000000000 421.884185791
209.000000000 421.884185791
208.000000000 421.884185791
207.000000000 447.427490234
206.000000000 447.427490234
205.000000000 447.427490234
204.000000000 447.427490234
203.000000000 470.721374512
202.000000000 470.721374512
201.000000000 470.721374512
200.000000000 470.721374512
199.000000000 498.191680908
198.000000000 498.191680908
197.000000000 498.191680908
196.000000000 498.191680908
195.000000000 498.191680908
194.000000000 498.191680908
193.000000000 523.252014160
192.000000000 523.252014160
191.000000000 523.252014160
190.000000000 523.252014160
