250.000000000 347.853820801
249.000000000 347.853820801
248.000000000 347.853820801
247.000000000 347.853820801
246.000000000 347.853820801
245.000000000 347.853820801
244.000000000 347.853820801
243.000000000 347.853820801
242.000000000 347.853820801
241.000000000 347.853820801
240.000000000 347.853820801
239.000000000 347.853820801
238.000000000 347.853820801
237.000000000 347.853820801
236.000000000 347.853820801
235.000000000 365.757476807
234.000000000 365.757476807
233.000000000 365.757476807
232.000000000 365.757476807
231.000000000 365.757476807
230.000000000 365.757476807
229.000000000 365.757476807
228.000000000 365.757476807
227.000000000 365.757476807
226.000000000 365.757476807
225.000000000 365.757476807
224.000000000 386.918121338
223.000000000 386.918121338
222.000000000 386.918121338
221.000000000 386.918121338
220.000000000 386.918121338
219.000000000 386.918121338
218.000000000 386.918121338
217.000000000 386.918121338
216.000000000 386.918121338
215.000000000 407.714843750
214.000000000 407.714843750
213.000000000 407.714843750
212.000000000 407.714843750
211.000000000 407.714843750
210.000000000 427.908203125
209.000000000 427.908203125
208.000000000 427.908203125
207.000000000 427.908203125
206.000000000 455.242004395
205.000000000 455.242004395
204.000000000 455.242004395
203.000000000 479.227294922
202.000000000 479.227294922
201.000000000 479.227294922
200.000000000 479.227294922
199.000000000 511.552276611
198.000000000 511.552276611
197.000000000 511.552276611
196.000000000 511.552276611
195.000000000 538.811096191
194.000000000 538.811096191
193.000000000 538.811096191
192.000000000 538.811096191
191.000000000 538.811096191
190.000000000 538.811096191
