250.000000000 345.433502197
249.000000000 345.433502197
248.000000000 345.433502197
247.000000000 345.433502197
246.000000000 345.433502197
245.000000000 345.433502197
244.000000000 345.433502197
243.000000000 345.433502197
242.000000000 345.433502197
241.000000000 345.433502197
240.000000000 345.433502197
239.000000000 345.433502197
238.000000000 345.433502197
237.000000000 345.433502197
236.000000000 345.433502197
235.000000000 364.012817383
234.000000000 364.012817383
233.000000000 364.012817383
232.000000000 364.012817383
231.000000000 364.012817383
230.000000000 364.012817383
229.000000000 364.012817383
228.000000000 364.012817383
227.000000000 364.012817383
226.000000000 364.012817383
225.000000000 364.012817383
224.000000000 381.874511719
223.000000000 381.874511719
222.000000000 381.874511719
221.000000000 381.874511719
220.000000000 381.874511719
219.000000000 381.874511719
218.000000000 381.874511719
217.000000000 381.874511719
216.000000000 400.726379395
215.000000000 400.726379395
214.000000000 400.726379395
213.000000000 400.726379395
212.000000000 400.726379395
211.000000000 423.395263672
210.000000000 423.395263672
209.000000000 423.395263672
208.000000000 423.395263672
207.000000000 450.166168213
206.000000000 450.166168213
205.000000000 450.166168213
204.000000000 450.166168213
203.000000000 450.166168213
202.000000000 476.296173096
201.000000000 476.296173096
200.000000000 476.296173096
199.000000000 499.667236328
198.000000000 499.667236328
197.000000000 499.667236328
196.000000000 499.667236328
195.000000000 499.667236328
194.000000000 499.667236328
193.000000000 499.667236328
192.000000000 523.991394043
191.000000000 523.991394043
190.000000000 523.991394043
