250.000000000 347.853820801
249.000000000 347.853820801
248.000000000 347.853820801
247.000000000 347.853820801
246.000000000 347.853820801
245.000000000 347.853820801
244.000000000 347.853820801
243.000000000 347.853820801
242.000000000 347.853820801
241.000000000 347.853820801
240.000000000 347.853820801
239.000000000 347.853820801
238.000000000 347.853820801
237.000000000 347.853820801
236.000000000 347.853820801
235.000000000 347.853820801
234.000000000 347.853820801
233.000000000 364.697021484
232.000000000 364.697021484
231.000000000 364.697021484
230.000000000 364.697021484
229.000000000 364.697021484
228.000000000 364.697021484
227.000000000 364.697021484
226.000000000 364.697021484
225.000000000 364.697021484
224.000000000 384.942657471
223.000000000 384.942657471
222.000000000 384.942657471
221.000000000 384.942657471
220.000000000 384.942657471
219.000000000 384.942657471
218.000000000 384.942657471
217.000000000 384.942657471
216.000000000 384.942657471
215.000000000 406.351684570
214.000000000 406.351684570
213.000000000 406.351684570
212.000000000 406.351684570
211.000000000 406.351684570
210.000000000 406.351684570
209.000000000 427.603240967
208.000000000 427.603240967
207.000000000 427.603240967
206.000000000 450.722686768
205.000000000 450.722686768
204.000000000 450.722686768
203.000000000 472.291778564
202.000000000 472.291778564
201.000000000 472.291778564
200.000000000 472.291778564
199.000000000 503.559936523
198.000000000 503.559936523
197.000000000 503.559936523
196.000000000 503.559936523
195.000000000 529.312622070
194.000000000 529.312622070
193.000000000 529.312622070
192.000000000 529.312622070
191.000000000 529.312622070
190.000000000 529.312622070
