250.000000000 347.853820801
249.000000000 347.853820801
248.000000000 347.853820801
247.000000000 347.853820801
246.000000000 347.853820801
245.000000000 347.853820801
244.000000000 347.853820801
243.000000000 347.853820801
242.000000000 347.853820801
241.000000000 347.853820801
240.000000000 347.853820801
239.000000000 347.853820801
238.000000000 347.853820801
237.000000000 347.853820801
236.000000000 347.853820801
235.000000000 365.309936523
234.000000000 365.309936523
233.000000000 365.309936523
232.000000000 365.309936523
231.000000000 365.309936523
230.000000000 365.309936523
229.000000000 365.309936523
228.000000000 365.309936523
227.000000000 365.309936523
226.000000000 365.309936523
225.000000000 365.309936523
224.000000000 384.798980713
223.000000000 384.798980713
222.000000000 384.798980713
221.000000000 384.798980713
220.000000000 384.798980713
219.000000000 384.798980713
218.000000000 384.798980713
217.000000000 384.798980713
216.000000000 384.798980713
215.000000000 403.726135254
214.000000000 403.726135254
213.000000000 403.726135254
212.000000000 403.726135254
211.000000000 403.726135254
210.000000000 428.242614746
209.000000000 428.242614746
208.000000000 428.242614746
207.000000000 428.242614746
206.000000000 428.242614746
205.000000000 456.246520996
204.000000000 456.246520996
203.000000000 456.246520996
202.000000000 478.183807373
201.000000000 478.183807373
200.000000000 478.183807373
199.000000000 507.857727051
198.000000000 507.857727051
197.000000000 507.857727051
196.000000000 507.857727051
195.000000000 533.581237793
194.000000000 533.581237793
193.000000000 533.581237793
192.000000000 533.581237793
191.000000000 533.581237793
190.000000000 533.581237793
