250.000000000 345.433502197
249.000000000 345.433502197
248.000000000 345.433502197
247.000000000 345.433502197
246.000000000 345.433502197
245.000000000 345.433502197
244.000000000 345.433502197
243.000000000 345.433502197
242.000000000 345.433502197
241.000000000 345.433502197
240.000000000 345.433502197
239.000000000 345.433502197
238.000000000 345.433502197
237.000000000 345.433502197
236.000000000 345.433502197
235.000000000 345.433502197
234.000000000 364.214477539
233.000000000 364.214477539
232.000000000 364.214477539
231.000000000 364.214477539
230.000000000 364.214477539
229.000000000 364.214477539
228.000000000 364.214477539
227.000000000 364.214477539
226.000000000 364.214477539
225.000000000 364.214477539
224.000000000 364.214477539
223.000000000 383.644317627
222.000000000 383.644317627
221.000000000 383.644317627
220.000000000 383.644317627
219.000000000 383.644317627
218.000000000 383.644317627
217.000000000 383.644317627
216.000000000 402.810791016
215.000000000 402.810791016
214.000000000 402.810791016
213.000000000 402.810791016
212.000000000 402.810791016
211.000000000 423.931060791
210.000000000 423.931060791
209.000000000 423.931060791
208.000000000 423.931060791
207.000000000 447.444305420
206.000000000 447.444305420
205.000000000 447.444305420
204.000000000 447.444305420
203.000000000 470.711059570
202.000000000 470.711059570
201.000000000 470.711059570
200.000000000 470.711059570
199.000000000 498.798797607
198.000000000 498.798797607
197.000000000 498.798797607
196.000000000 498.798797607
195.000000000 498.798797607
194.000000000 523.398864746
193.000000000 523.398864746
192.000000000 523.398864746
191.000000000 523.398864746
190.000000000 523.398864746
