250.000000000 345.433502197
249.000000000 345.433502197
248.000000000 345.433502197
247.000000000 345.433502197
246.000000000 345.433502197
245.000000000 345.433502197
244.000000000 345.433502197
243.000000000 345.433502197
242.000000000 345.433502197
241.000000000 345.433502197
240.000000000 345.433502197
239.000000000 345.433502197
238.000000000 345.433502197
237.000000000 345.433502197
236.000000000 362.584197998
235.000000000 362.584197998
234.000000000 362.584197998
233.000000000 362.584197998
232.000000000 362.584197998
231.000000000 362.584197998
230.000000000 362.584197998
229.000000000 362.584197998
228.000000000 362.584197998
227.000000000 362.584197998
226.000000000 362.584197998
225.000000000 381.054107666
224.000000000 381.054107666
223.000000000 381.054107666
222.000000000 381.054107666
221.000000000 381.054107666
220.000000000 381.054107666
219.000000000 381.054107666
218.000000000 381.054107666
217.000000000 381.054107666
216.000000000 401.642242432
215.000000000 401.642242432
214.000000000 401.642242432
213.000000000 401.642242432
212.000000000 401.642242432
211.000000000 423.208770752
210.000000000 423.208770752
209.000000000 423.208770752
208.000000000 443.805786133
207.000000000 443.805786133
206.000000000 443.805786133
205.000000000 443.805786133
204.000000000 465.805053711
203.000000000 465.805053711
202.000000000 465.805053711
201.000000000 465.805053711
200.000000000 490.702178955
199.000000000 490.702178955
198.000000000 490.702178955
197.000000000 490.702178955
196.000000000 490.702178955
195.000000000 516.457214355
194.000000000 516.457214355
193.000000000 516.457214355
192.000000000 516.457214355
191.000000000 516.457214355
190.000000000 516.457214355
