250.000000000 345.433502197
249.000000000 345.433502197
248.000000000 345.433502197
247.000000000 345.433502197
246.000000000 345.433502197
245.000000000 345.433502197
244.000000000 345.433502197
243.000000000 345.433502197
242.000000000 345.433502197
241.000000000 345.433502197
240.000000000 345.433502197
239.000000000 345.433502197
238.000000000 345.433502197
237.000000000 345.433502197
236.000000000 345.433502197
235.000000000 345.433502197
234.000000000 363.054321289
233.000000000 363.054321289
232.000000000 363.054321289
231.000000000 363.054321289
230.000000000 363.054321289
229.000000000 363.054321289
228.000000000 363.054321289
227.000000000 363.054321289
226.000000000 363.054321289
225.000000000 380.817993164
224.000000000 380.817993164
223.000000000 380.817993164
222.000000000 380.817993164
221.000000000 380.817993164
220.000000000 380.817993164
219.000000000 380.817993164
218.000000000 380.817993164
217.000000000 380.817993164
216.000000000 380.817993164
215.000000000 402.291168213
214.000000000 402.291168213
213.000000000 402.291168213
212.000000000 402.291168213
211.000000000 402.291168213
210.000000000 427.448913574
209.000000000 427.448913574
208.000000000 427.448913574
207.000000000 427.448913574
206.000000000 452.219451904
205.000000000 452.219451904
204.000000000 452.219451904
203.000000000 452.219451904
202.000000000 478.588958740
201.000000000 478.588958740
200.000000000 478.588958740
199.000000000 478.588958740
198.000000000 503.543945312
197.000000000 503.543945312
196.000000000 503.543945312
195.000000000 503.543945312
194.000000000 503.543945312
193.000000000 503.543945312
192.000000000 529.434265137
191.000000000 529.434265137
190.000000000 529.434265137
