250.000000000 347.853820801
249.000000000 347.853820801
248.000000000 347.853820801
247.000000000 347.853820801
246.000000000 347.853820801
245.000000000 347.853820801
244.000000000 347.853820801
243.000000000 347.853820801
242.000000000 347.853820801
241.000000000 347.853820801
240.000000000 347.853820801
239.000000000 347.853820801
238.000000000 347.853820801
237.000000000 347.853820801
236.000000000 347.853820801
235.000000000 364.306182861
234.000000000 364.306182861
233.000000000 364.306182861
232.000000000 364.306182861
231.000000000 364.306182861
230.000000000 364.306182861
229.000000000 364.306182861
228.000000000 364.306182861
227.000000000 364.306182861
226.000000000 364.306182861
225.000000000 364.306182861
224.000000000 364.306182861
223.000000000 382.743408203
222.000000000 382.743408203
221.000000000 382.743408203
220.000000000 382.743408203
219.000000000 382.743408203
218.000000000 382.743408203
217.000000000 382.743408203
216.000000000 382.743408203
215.000000000 404.296173096
214.000000000 404.296173096
213.000000000 404.296173096
212.000000000 404.296173096
211.000000000 404.296173096
210.000000000 424.935913086
209.000000000 424.935913086
208.000000000 424.935913086
207.000000000 424.935913086
206.000000000 447.663116455
205.000000000 447.663116455
204.000000000 447.663116455
203.000000000 447.663116455
202.000000000 474.978363037
201.000000000 474.978363037
200.000000000 474.978363037
199.000000000 474.978363037
198.000000000 502.285644531
197.000000000 502.285644531
196.000000000 502.285644531
195.000000000 502.285644531
194.000000000 526.042724609
193.000000000 526.042724609
192.000000000 526.042724609
191.000000000 526.042724609
190.000000000 526.042724609
