250.000000000 345.433502197
249.000000000 345.433502197
248.000000000 345.433502197
247.000000000 345.433502197
246.000000000 345.433502197
245.000000000 345.433502197
244.000000000 345.433502197
243.000000000 345.433502197
242.000000000 345.433502197
241.000000000 345.433502197
240.000000000 345.433502197
239.000000000 345.433502197
238.000000000 345.433502197
237.000000000 345.433502197
236.000000000 345.433502197
235.000000000 345.433502197
234.000000000 364.488372803
233.000000000 364.488372803
232.000000000 364.488372803
231.000000000 364.488372803
230.000000000 364.488372803
229.000000000 364.488372803
228.000000000 364.488372803
227.000000000 364.488372803
226.000000000 364.488372803
225.000000000 364.488372803
224.000000000 382.556701660
223.000000000 382.556701660
222.000000000 382.556701660
221.000000000 382.556701660
220.000000000 382.556701660
219.000000000 382.556701660
218.000000000 382.556701660
217.000000000 382.556701660
216.000000000 403.168243408
215.000000000 403.168243408
214.000000000 403.168243408
213.000000000 403.168243408
212.000000000 403.168243408
211.000000000 424.277465820
210.000000000 424.277465820
209.000000000 424.277465820
208.000000000 424.277465820
207.000000000 452.357513428
206.000000000 452.357513428
205.000000000 452.357513428
204.000000000 452.357513428
203.000000000 452.357513428
202.000000000 477.000549316
201.000000000 477.000549316
200.000000000 477.000549316
199.000000000 502.436462402
198.000000000 502.436462402
197.000000000 502.436462402
196.000000000 502.436462402
195.000000000 502.436462402
194.000000000 502.436462402
193.000000000 527.652221680
192.000000000 527.652221680
191.000000000 527.652221680
190.000000000 527.652221680
