250.000000000 347.853820801
249.000000000 347.853820801
248.000000000 347.853820801
247.000000000 347.853820801
246.000000000 347.853820801
245.000000000 347.853820801
244.000000000 347.853820801
243.000000000 347.853820801
242.000000000 347.853820801
241.000000000 347.853820801
240.000000000 347.853820801
239.000000000 347.853820801
238.000000000 347.853820801
237.000000000 347.853820801
236.000000000 347.853820801
235.000000000 347.853820801
234.000000000 365.492950439
233.000000000 365.492950439
232.000000000 365.492950439
231.000000000 365.492950439
230.000000000 365.492950439
229.000000000 365.492950439
228.000000000 365.492950439
227.000000000 365.492950439
226.000000000 365.492950439
225.000000000 365.492950439
224.000000000 365.492950439
223.000000000 383.857666016
222.000000000 383.857666016
221.000000000 383.857666016
220.000000000 383.857666016
219.000000000 383.857666016
218.000000000 383.857666016
217.000000000 383.857666016
216.000000000 404.141662598
215.000000000 404.141662598
214.000000000 404.141662598
213.000000000 404.141662598
212.000000000 404.141662598
211.000000000 404.141662598
210.000000000 429.113891602
209.000000000 429.113891602
208.000000000 429.113891602
207.000000000 429.113891602
206.000000000 429.113891602
205.000000000 454.386779785
204.000000000 454.386779785
203.000000000 454.386779785
202.000000000 454.386779785
201.000000000 487.252471924
200.000000000 487.252471924
199.000000000 487.252471924
198.000000000 512.091064453
197.000000000 512.091064453
196.000000000 512.091064453
195.000000000 512.091064453
194.000000000 536.786010742
193.000000000 536.786010742
192.000000000 536.786010742
191.000000000 536.786010742
190.000000000 536.786010742
