250.000000000 345.433502197
249.000000000 345.433502197
248.000000000 345.433502197
247.000000000 345.433502197
246.000000000 345.433502197
245.000000000 345.433502197
244.000000000 345.433502197
243.000000000 345.433502197
242.000000000 345.433502197
241.000000000 345.433502197
240.000000000 345.433502197
239.000000000 345.433502197
238.000000000 345.433502197
237.000000000 345.433502197
236.000000000 345.433502197
235.000000000 363.514282227
234.000000000 363.514282227
233.000000000 363.514282227
232.000000000 363.514282227
231.000000000 363.514282227
230.000000000 363.514282227
229.000000000 363.514282227
228.000000000 363.514282227
227.000000000 363.514282227
226.000000000 363.514282227
225.000000000 363.514282227
224.000000000 363.514282227
223.000000000 383.072723389
222.000000000 383.072723389
221.000000000 383.072723389
220.000000000 383.072723389
219.000000000 383.072723389
218.000000000 383.072723389
217.000000000 383.072723389
216.000000000 402.136505127
215.000000000 402.136505127
214.000000000 402.136505127
213.000000000 402.136505127
212.000000000 402.136505127
211.000000000 402.136505127
210.000000000 427.069610596
209.000000000 427.069610596
208.000000000 427.069610596
207.000000000 450.016021729
206.000000000 450.016021729
205.000000000 450.016021729
204.000000000 450.016021729
203.000000000 450.016021729
202.000000000 475.637023926
201.000000000 475.637023926
200.000000000 475.637023926
199.000000000 500.743438721
198.000000000 500.743438721
197.000000000 500.743438721
196.000000000 500.743438721
195.000000000 500.743438721
194.000000000 500.743438721
193.000000000 500.743438721
192.000000000 527.187805176
191.000000000 527.187805176
190.000000000 527.187805176
