250.000000000 347.853820801
249.000000000 347.853820801
248.000000000 347.853820801
247.000000000 347.853820801
246.000000000 347.853820801
245.000000000 347.853820801
244.000000000 347.853820801
243.000000000 347.853820801
242.000000000 347.853820801
241.000000000 347.853820801
240.000000000 347.853820801
239.000000000 347.853820801
238.000000000 347.853820801
237.000000000 347.853820801
236.000000000 347.853820801
235.000000000 364.142486572
234.000000000 364.142486572
233.000000000 364.142486572
232.000000000 364.142486572
231.000000000 364.142486572
230.000000000 364.142486572
229.000000000 364.142486572
228.000000000 364.142486572
227.000000000 364.142486572
226.000000000 364.142486572
225.000000000 381.488922119
224.000000000 381.488922119
223.000000000 381.488922119
222.000000000 381.488922119
221.000000000 381.488922119
220.000000000 381.488922119
219.000000000 381.488922119
218.000000000 381.488922119
217.000000000 381.488922119
216.000000000 400.768066406
215.000000000 400.768066406
214.000000000 400.768066406
213.000000000 400.768066406
212.000000000 400.768066406
211.000000000 419.766571045
210.000000000 419.766571045
209.000000000 419.766571045
208.000000000 419.766571045
207.000000000 442.767669678
206.000000000 442.767669678
205.000000000 442.767669678
204.000000000 442.767669678
203.000000000 466.579132080
202.000000000 466.579132080
201.000000000 466.579132080
200.000000000 490.264221191
199.000000000 490.264221191
198.000000000 490.264221191
197.000000000 490.264221191
196.000000000 518.958190918
195.000000000 518.958190918
194.000000000 518.958190918
193.000000000 518.958190918
192.000000000 518.958190918
191.000000000 518.958190918
190.000000000 518.958190918
