250.000000000 347.853820801
249.000000000 347.853820801
248.000000000 347.853820801
247.000000000 347.853820801
246.000000000 347.853820801
245.000000000 347.853820801
244.000000000 347.853820801
243.000000000 347.853820801
242.000000000 347.853820801
241.000000000 347.853820801
240.000000000 347.853820801
239.000000000 347.853820801
238.000000000 347.853820801
237.000000000 347.853820801
236.000000000 347.853820801
235.000000000 347.853820801
234.000000000 347.853820801
233.000000000 368.815124512
232.000000000 368.815124512
231.000000000 368.815124512
230.000000000 368.815124512
229.000000000 368.815124512
228.000000000 368.815124512
227.000000000 368.815124512
226.000000000 368.815124512
225.000000000 368.815124512
224.000000000 368.815124512
223.000000000 387.059234619
222.000000000 387.059234619
221.000000000 387.059234619
220.000000000 387.059234619
219.000000000 387.059234619
218.000000000 387.059234619
217.000000000 387.059234619
216.000000000 387.059234619
215.000000000 405.391082764
214.000000000 405.391082764
213.000000000 405.391082764
212.000000000 405.391082764
211.000000000 405.391082764
210.000000000 405.391082764
209.000000000 426.072326660
208.000000000 426.072326660
207.000000000 426.072326660
206.000000000 448.934295654
205.000000000 448.934295654
204.000000000 448.934295654
203.000000000 471.355834961
202.000000000 471.355834961
201.000000000 471.355834961
200.000000000 494.914245605
199.000000000 494.914245605
198.000000000 494.914245605
197.000000000 494.914245605
196.000000000 523.356445312
195.000000000 523.356445312
194.000000000 523.356445312
193.000000000 523.356445312
192.000000000 523.356445312
191.000000000 523.356445312
190.000000000 549.230346680
