250.000000000 345.433502197
249.000000000 345.433502197
248.000000000 345.433502197
247.000000000 345.433502197
246.000000000 345.433502197
245.000000000 345.433502197
244.000000000 345.433502197
243.000000000 345.433502197
242.000000000 345.433502197
241.000000000 345.433502197
240.000000000 345.433502197
239.000000000 345.433502197
238.000000000 345.433502197
237.000000000 345.433502197
236.000000000 345.433502197
235.000000000 362.108306885
234.000000000 362.108306885
233.000000000 362.108306885
232.000000000 362.108306885
231.000000000 362.108306885
230.000000000 362.108306885
229.000000000 362.108306885
228.000000000 362.108306885
227.000000000 362.108306885
226.000000000 362.108306885
225.000000000 380.571044922
224.000000000 380.571044922
223.000000000 380.571044922
222.000000000 380.571044922
221.000000000 380.571044922
220.000000000 380.571044922
219.000000000 380.571044922
218.000000000 380.571044922
217.000000000 399.008850098
216.000000000 399.008850098
215.000000000 399.008850098
214.000000000 399.008850098
213.000000000 399.008850098
212.000000000 399.008850098
211.000000000 422.179748535
210.000000000 422.179748535
209.000000000 422.179748535
208.000000000 422.179748535
207.000000000 449.603363037
206.000000000 449.603363037
205.000000000 449.603363037
204.000000000 449.603363037
203.000000000 449.603363037
202.000000000 476.753234863
201.000000000 476.753234863
200.000000000 476.753234863
199.000000000 476.753234863
198.000000000 504.825744629
197.000000000 504.825744629
196.000000000 504.825744629
195.000000000 504.825744629
194.000000000 504.825744629
193.000000000 504.825744629
192.000000000 504.825744629
191.000000000 504.825744629
190.000000000 504.825744629
