250.000000000 347.853820801
249.000000000 347.853820801
248.000000000 347.853820801
247.000000000 347.853820801
246.000000000 347.853820801
245.000000000 347.853820801
244.000000000 347.853820801
243.000000000 347.853820801
242.000000000 347.853820801
241.000000000 347.853820801
240.000000000 347.853820801
239.000000000 347.853820801
238.000000000 347.853820801
237.000000000 347.853820801
236.000000000 347.853820801
235.000000000 347.853820801
234.000000000 366.894287109
233.000000000 366.894287109
232.000000000 366.894287109
231.000000000 366.894287109
230.000000000 366.894287109
229.000000000 366.894287109
228.000000000 366.894287109
227.000000000 366.894287109
226.000000000 366.894287109
225.000000000 366.894287109
224.000000000 366.894287109
223.000000000 384.105316162
222.000000000 384.105316162
221.000000000 384.105316162
220.000000000 384.105316162
219.000000000 384.105316162
218.000000000 384.105316162
217.000000000 384.105316162
216.000000000 405.197875977
215.000000000 405.197875977
214.000000000 405.197875977
213.000000000 405.197875977
212.000000000 405.197875977
211.000000000 405.197875977
210.000000000 425.565216064
209.000000000 425.565216064
208.000000000 425.565216064
207.000000000 448.270538330
206.000000000 448.270538330
205.000000000 448.270538330
204.000000000 448.270538330
203.000000000 469.294616699
202.000000000 469.294616699
201.000000000 469.294616699
200.000000000 495.310211182
199.000000000 495.310211182
198.000000000 495.310211182
197.000000000 495.310211182
196.000000000 530.300170898
195.000000000 530.300170898
194.000000000 530.300170898
193.000000000 530.300170898
192.000000000 530.300170898
191.000000000 530.300170898
190.000000000 530.300170898
