250.000000000 347.853820801
249.000000000 347.853820801
248.000000000 347.853820801
247.000000000 347.853820801
246.000000000 347.853820801
245.000000000 347.853820801
244.000000000 347.853820801
243.000000000 347.853820801
242.000000000 347.853820801
241.000000000 347.853820801
240.000000000 347.853820801
239.000000000 347.853820801
238.000000000 347.853820801
237.000000000 347.853820801
236.000000000 347.853820801
235.000000000 347.853820801
234.000000000 367.614807129
233.000000000 367.614807129
232.000000000 367.614807129
231.000000000 367.614807129
230.000000000 367.614807129
229.000000000 367.614807129
228.000000000 367.614807129
227.000000000 367.614807129
226.000000000 367.614807129
225.000000000 367.614807129
224.000000000 387.129669189
223.000000000 387.129669189
222.000000000 387.129669189
221.000000000 387.129669189
220.000000000 387.129669189
219.000000000 387.129669189
218.000000000 387.129669189
217.000000000 387.129669189
216.000000000 387.129669189
215.000000000 387.129669189
214.000000000 407.347473145
213.000000000 407.347473145
212.000000000 407.347473145
211.000000000 407.347473145
210.000000000 427.099365234
209.000000000 427.099365234
208.000000000 427.099365234
207.000000000 427.099365234
206.000000000 456.579437256
205.000000000 456.579437256
204.000000000 456.579437256
203.000000000 479.160705566
202.000000000 479.160705566
201.000000000 479.160705566
200.000000000 504.281127930
199.000000000 504.281127930
198.000000000 504.281127930
197.000000000 504.281127930
196.000000000 536.560180664
195.000000000 536.560180664
194.000000000 536.560180664
193.000000000 536.560180664
192.000000000 536.560180664
191.000000000 536.560180664
190.000000000 563.795166016
