250.000000000 347.853820801
249.000000000 347.853820801
248.000000000 347.853820801
247.000000000 347.853820801
246.000000000 347.853820801
245.000000000 347.853820801
244.000000000 347.853820801
243.000000000 347.853820801
242.000000000 347.853820801
241.000000000 347.853820801
240.000000000 347.853820801
239.000000000 347.853820801
238.000000000 347.853820801
237.000000000 347.853820801
236.000000000 347.853820801
235.000000000 347.853820801
234.000000000 347.853820801
233.000000000 366.170379639
232.000000000 366.170379639
231.000000000 366.170379639
230.000000000 366.170379639
229.000000000 366.170379639
228.000000000 366.170379639
227.000000000 366.170379639
226.000000000 366.170379639
225.000000000 366.170379639
224.000000000 366.170379639
223.000000000 366.170379639
222.000000000 366.170379639
221.000000000 387.006805420
220.000000000 387.006805420
219.000000000 387.006805420
218.000000000 387.006805420
217.000000000 387.006805420
216.000000000 387.006805420
215.000000000 387.006805420
214.000000000 387.006805420
213.000000000 408.107482910
212.000000000 408.107482910
211.000000000 408.107482910
210.000000000 408.107482910
209.000000000 408.107482910
208.000000000 429.685607910
207.000000000 429.685607910
206.000000000 429.685607910
205.000000000 450.943115234
204.000000000 450.943115234
203.000000000 450.943115234
202.000000000 450.943115234
201.000000000 480.945709229
200.000000000 480.945709229
199.000000000 480.945709229
198.000000000 505.388610840
197.000000000 505.388610840
196.000000000 505.388610840
195.000000000 505.388610840
194.000000000 505.388610840
193.000000000 505.388610840
192.000000000 531.345581055
191.000000000 531.345581055
190.000000000 531.345581055
