250.000000000 345.433502197
249.000000000 345.433502197
248.000000000 345.433502197
247.000000000 345.433502197
246.000000000 345.433502197
245.000000000 345.433502197
244.000000000 345.433502197
243.000000000 345.433502197
242.000000000 345.433502197
241.000000000 345.433502197
240.000000000 345.433502197
239.000000000 345.433502197
238.000000000 345.433502197
237.000000000 345.433502197
236.000000000 345.433502197
235.000000000 345.433502197
234.000000000 363.152374268
233.000000000 363.152374268
232.000000000 363.152374268
231.000000000 363.152374268
230.000000000 363.152374268
229.000000000 363.152374268
228.000000000 363.152374268
227.000000000 363.152374268
226.000000000 363.152374268
225.000000000 363.152374268
224.000000000 363.152374268
223.000000000 385.126739502
222.000000000 385.126739502
221.000000000 385.126739502
220.000000000 385.126739502
219.000000000 385.126739502
218.000000000 385.126739502
217.000000000 385.126739502
216.000000000 385.126739502
215.000000000 385.126739502
214.000000000 404.701751709
213.000000000 404.701751709
212.000000000 404.701751709
211.000000000 404.701751709
210.000000000 428.696472168
209.000000000 428.696472168
208.000000000 428.696472168
207.000000000 428.696472168
206.000000000 455.438415527
205.000000000 455.438415527
204.000000000 455.438415527
203.000000000 455.438415527
202.000000000 478.359161377
201.000000000 478.359161377
200.000000000 478.359161377
199.000000000 478.359161377
198.000000000 503.435791016
197.000000000 503.435791016
196.000000000 503.435791016
195.000000000 503.435791016
194.000000000 503.435791016
193.000000000 503.435791016
192.000000000 503.435791016
191.000000000 503.435791016
190.000000000 503.435791016
