250.000000000 347.853820801
249.000000000 347.853820801
248.000000000 347.853820801
247.000000000 347.853820801
246.000000000 347.853820801
245.000000000 347.853820801
244.000000000 347.853820801
243.000000000 347.853820801
242.000000000 347.853820801
241.000000000 347.853820801
240.000000000 347.853820801
239.000000000 347.853820801
238.000000000 347.853820801
237.000000000 347.853820801
236.000000000 347.853820801
235.000000000 347.853820801
234.000000000 365.277435303
233.000000000 365.277435303
232.000000000 365.277435303
231.000000000 365.277435303
230.000000000 365.277435303
229.000000000 365.277435303
228.000000000 365.277435303
227.000000000 365.277435303
226.000000000 365.277435303
225.000000000 365.277435303
224.000000000 384.402832031
223.000000000 384.402832031
222.000000000 384.402832031
221.000000000 384.402832031
220.000000000 384.402832031
219.000000000 384.402832031
218.000000000 384.402832031
217.000000000 384.402832031
216.000000000 384.402832031
215.000000000 404.344970703
214.000000000 404.344970703
213.000000000 404.344970703
212.000000000 404.344970703
211.000000000 404.344970703
210.000000000 424.040588379
209.000000000 424.040588379
208.000000000 424.040588379
207.000000000 424.040588379
206.000000000 447.441223145
205.000000000 447.441223145
204.000000000 447.441223145
203.000000000 472.705993652
202.000000000 472.705993652
201.000000000 472.705993652
200.000000000 472.705993652
199.000000000 501.560333252
198.000000000 501.560333252
197.000000000 501.560333252
196.000000000 501.560333252
195.000000000 533.861145020
194.000000000 533.861145020
193.000000000 533.861145020
192.000000000 533.861145020
191.000000000 533.861145020
190.000000000 533.861145020
