250.000000000 345.433502197
249.000000000 345.433502197
248.000000000 345.433502197
247.000000000 345.433502197
246.000000000 345.433502197
245.000000000 345.433502197
244.000000000 345.433502197
243.000000000 345.433502197
242.000000000 345.433502197
241.000000000 345.433502197
240.000000000 345.433502197
239.000000000 345.433502197
238.000000000 345.433502197
237.000000000 345.433502197
236.000000000 345.433502197
235.000000000 345.433502197
234.000000000 365.679992676
233.000000000 365.679992676
232.000000000 365.679992676
231.000000000 365.679992676
230.000000000 365.679992676
229.000000000 365.679992676
228.000000000 365.679992676
227.000000000 365.679992676
226.000000000 365.679992676
225.000000000 365.679992676
224.000000000 365.679992676
223.000000000 385.460998535
222.000000000 385.460998535
221.000000000 385.460998535
220.000000000 385.460998535
219.000000000 385.460998535
218.000000000 385.460998535
217.000000000 385.460998535
216.000000000 385.460998535
215.000000000 385.460998535
214.000000000 405.696838379
213.000000000 405.696838379
212.000000000 405.696838379
211.000000000 405.696838379
210.000000000 429.191314697
209.000000000 429.191314697
208.000000000 429.191314697
207.000000000 429.191314697
206.000000000 455.804443359
205.000000000 455.804443359
204.000000000 455.804443359
203.000000000 455.804443359
202.000000000 455.804443359
201.000000000 483.695068359
200.000000000 483.695068359
199.000000000 483.695068359
198.000000000 483.695068359
197.000000000 509.758422852
196.000000000 509.758422852
195.000000000 509.758422852
194.000000000 509.758422852
193.000000000 509.758422852
192.000000000 509.758422852
191.000000000 509.758422852
190.000000000 509.758422852
