250.000000000 345.433502197
249.000000000 345.433502197
248.000000000 345.433502197
247.000000000 345.433502197
246.000000000 345.433502197
245.000000000 345.433502197
244.000000000 345.433502197
243.000000000 345.433502197
242.000000000 345.433502197
241.000000000 345.433502197
240.000000000 345.433502197
239.000000000 345.433502197
238.000000000 345.433502197
237.000000000 345.433502197
236.000000000 345.433502197
235.000000000 362.259277344
234.000000000 362.259277344
233.000000000 362.259277344
232.000000000 362.259277344
231.000000000 362.259277344
230.000000000 362.259277344
229.000000000 362.259277344
228.000000000 362.259277344
227.000000000 362.259277344
226.000000000 362.259277344
225.000000000 382.570617676
224.000000000 382.570617676
223.000000000 382.570617676
222.000000000 382.570617676
221.000000000 382.570617676
220.000000000 382.570617676
219.000000000 382.570617676
218.000000000 382.570617676
217.000000000 382.570617676
216.000000000 401.613800049
215.000000000 401.613800049
214.000000000 401.613800049
213.000000000 401.613800049
212.000000000 401.613800049
211.000000000 424.261016846
210.000000000 424.261016846
209.000000000 424.261016846
208.000000000 446.602478027
207.000000000 446.602478027
206.000000000 446.602478027
205.000000000 446.602478027
204.000000000 471.313812256
203.000000000 471.313812256
202.000000000 471.313812256
201.000000000 471.313812256
200.000000000 496.753326416
199.000000000 496.753326416
198.000000000 496.753326416
197.000000000 496.753326416
196.000000000 521.951660156
195.000000000 521.951660156
194.000000000 521.951660156
193.000000000 521.951660156
192.000000000 521.951660156
191.000000000 521.951660156
190.000000000 521.951660156
