250.000000000 347.853820801
249.000000000 347.853820801
248.000000000 347.853820801
247.000000000 347.853820801
246.000000000 347.853820801
245.000000000 347.853820801
244.000000000 347.853820801
243.000000000 347.853820801
242.000000000 347.853820801
241.000000000 347.853820801
240.000000000 347.853820801
239.000000000 347.853820801
238.000000000 347.853820801
237.000000000 347.853820801
236.000000000 347.853820801
235.000000000 347.853820801
234.000000000 366.162933350
233.000000000 366.162933350
232.000000000 366.162933350
231.000000000 366.162933350
230.000000000 366.162933350
229.000000000 366.162933350
228.000000000 366.162933350
227.000000000 366.162933350
226.000000000 366.162933350
225.000000000 366.162933350
224.000000000 384.049407959
223.000000000 384.049407959
222.000000000 384.049407959
221.000000000 384.049407959
220.000000000 384.049407959
219.000000000 384.049407959
218.000000000 384.049407959
217.000000000 384.049407959
216.000000000 403.685729980
215.000000000 403.685729980
214.000000000 403.685729980
213.000000000 403.685729980
212.000000000 403.685729980
211.000000000 403.685729980
210.000000000 423.115417480
209.000000000 423.115417480
208.000000000 423.115417480
207.000000000 444.693420410
206.000000000 444.693420410
205.000000000 444.693420410
204.000000000 444.693420410
203.000000000 466.646728516
202.000000000 466.646728516
201.000000000 466.646728516
200.000000000 495.410125732
199.000000000 495.410125732
198.000000000 495.410125732
197.000000000 495.410125732
196.000000000 520.596191406
195.000000000 520.596191406
194.000000000 520.596191406
193.000000000 520.596191406
192.000000000 520.596191406
191.000000000 520.596191406
190.000000000 545.746826172
