250.000000000 347.853820801
249.000000000 347.853820801
248.000000000 347.853820801
247.000000000 347.853820801
246.000000000 347.853820801
245.000000000 347.853820801
244.000000000 347.853820801
243.000000000 347.853820801
242.000000000 347.853820801
241.000000000 347.853820801
240.000000000 347.853820801
239.000000000 347.853820801
238.000000000 347.853820801
237.000000000 347.853820801
236.000000000 347.853820801
235.000000000 347.853820801
234.000000000 347.853820801
233.000000000 347.853820801
232.000000000 365.827087402
231.000000000 365.827087402
230.000000000 365.827087402
229.000000000 365.827087402
228.000000000 365.827087402
227.000000000 365.827087402
226.000000000 365.827087402
225.000000000 365.827087402
224.000000000 365.827087402
223.000000000 384.936523438
222.000000000 384.936523438
221.000000000 384.936523438
220.000000000 384.936523438
219.000000000 384.936523438
218.000000000 384.936523438
217.000000000 384.936523438
216.000000000 384.936523438
215.000000000 402.979095459
214.000000000 402.979095459
213.000000000 402.979095459
212.000000000 402.979095459
211.000000000 402.979095459
210.000000000 425.898254395
209.000000000 425.898254395
208.000000000 425.898254395
207.000000000 425.898254395
206.000000000 425.898254395
205.000000000 453.412292480
204.000000000 453.412292480
203.000000000 453.412292480
202.000000000 453.412292480
201.000000000 478.253448486
200.000000000 478.253448486
199.000000000 501.294067383
198.000000000 501.294067383
197.000000000 501.294067383
196.000000000 501.294067383
195.000000000 501.294067383
194.000000000 528.263122559
193.000000000 528.263122559
192.000000000 528.263122559
191.000000000 528.263122559
190.000000000 528.263122559
