250.000000000 345.433502197
249.000000000 345.433502197
248.000000000 345.433502197
247.000000000 345.433502197
246.000000000 345.433502197
245.000000000 345.433502197
244.000000000 345.433502197
243.000000000 345.433502197
242.000000000 345.433502197
241.000000000 345.433502197
240.000000000 345.433502197
239.000000000 345.433502197
238.000000000 345.433502197
237.000000000 345.433502197
236.000000000 345.433502197
235.000000000 345.433502197
234.000000000 362.827728271
233.000000000 362.827728271
232.000000000 362.827728271
231.000000000 362.827728271
230.000000000 362.827728271
229.000000000 362.827728271
228.000000000 362.827728271
227.000000000 362.827728271
226.000000000 362.827728271
225.000000000 362.827728271
224.000000000 383.159271240
223.000000000 383.159271240
222.000000000 383.159271240
221.000000000 383.159271240
220.000000000 383.159271240
219.000000000 383.159271240
218.000000000 383.159271240
217.000000000 383.159271240
216.000000000 383.159271240
215.000000000 405.905792236
214.000000000 405.905792236
213.000000000 405.905792236
212.000000000 405.905792236
211.000000000 405.905792236
210.000000000 428.032623291
209.000000000 428.032623291
208.000000000 428.032623291
207.000000000 428.032623291
206.000000000 456.455902100
205.000000000 456.455902100
204.000000000 456.455902100
203.000000000 456.455902100
202.000000000 456.455902100
201.000000000 486.529663086
200.000000000 486.529663086
199.000000000 486.529663086
198.000000000 486.529663086
197.000000000 511.974182129
196.000000000 511.974182129
195.000000000 511.974182129
194.000000000 511.974182129
193.000000000 511.974182129
192.000000000 511.974182129
191.000000000 511.974182129
190.000000000 511.974182129
