250.000000000 347.853820801
249.000000000 347.853820801
248.000000000 347.853820801
247.000000000 347.853820801
246.000000000 347.853820801
245.000000000 347.853820801
244.000000000 347.853820801
243.000000000 347.853820801
242.000000000 347.853820801
241.000000000 347.853820801
240.000000000 347.853820801
239.000000000 347.853820801
238.000000000 347.853820801
237.000000000 347.853820801
236.000000000 347.853820801
235.000000000 347.853820801
234.000000000 347.853820801
233.000000000 369.175079346
232.000000000 369.175079346
231.000000000 369.175079346
230.000000000 369.175079346
229.000000000 369.175079346
228.000000000 369.175079346
227.000000000 369.175079346
226.000000000 369.175079346
225.000000000 369.175079346
224.000000000 369.175079346
223.000000000 388.574707031
222.000000000 388.574707031
221.000000000 388.574707031
220.000000000 388.574707031
219.000000000 388.574707031
218.000000000 388.574707031
217.000000000 388.574707031
216.000000000 388.574707031
215.000000000 388.574707031
214.000000000 410.624603271
213.000000000 410.624603271
212.000000000 410.624603271
211.000000000 410.624603271
210.000000000 410.624603271
209.000000000 410.624603271
208.000000000 440.802825928
207.000000000 440.802825928
206.000000000 440.802825928
205.000000000 440.802825928
204.000000000 440.802825928
203.000000000 467.146575928
202.000000000 467.146575928
201.000000000 467.146575928
200.000000000 493.775726318
199.000000000 493.775726318
198.000000000 493.775726318
197.000000000 517.530822754
196.000000000 517.530822754
195.000000000 517.530822754
194.000000000 517.530822754
193.000000000 545.136535645
192.000000000 545.136535645
191.000000000 545.136535645
190.000000000 545.136535645
