250.000000000 347.853820801
249.000000000 347.853820801
248.000000000 347.853820801
247.000000000 347.853820801
246.000000000 347.853820801
245.000000000 347.853820801
244.000000000 347.853820801
243.000000000 347.853820801
242.000000000 347.853820801
241.000000000 347.853820801
240.000000000 347.853820801
239.000000000 347.853820801
238.000000000 347.853820801
237.000000000 347.853820801
236.000000000 347.853820801
235.000000000 347.853820801
234.000000000 347.853820801
233.000000000 367.920654297
232.000000000 367.920654297
231.000000000 367.920654297
230.000000000 367.920654297
229.000000000 367.920654297
228.000000000 367.920654297
227.000000000 367.920654297
226.000000000 367.920654297
225.000000000 367.920654297
224.000000000 367.920654297
223.000000000 367.920654297
222.000000000 389.982879639
221.000000000 389.982879639
220.000000000 389.982879639
219.000000000 389.982879639
218.000000000 389.982879639
217.000000000 389.982879639
216.000000000 389.982879639
215.000000000 389.982879639
214.000000000 389.982879639
213.000000000 408.692779541
212.000000000 408.692779541
211.000000000 408.692779541
210.000000000 408.692779541
209.000000000 408.692779541
208.000000000 436.610351562
207.000000000 436.610351562
206.000000000 436.610351562
205.000000000 458.837341309
204.000000000 458.837341309
203.000000000 458.837341309
202.000000000 458.837341309
201.000000000 482.699920654
200.000000000 482.699920654
199.000000000 482.699920654
198.000000000 508.139648438
197.000000000 508.139648438
196.000000000 508.139648438
195.000000000 533.972229004
194.000000000 533.972229004
193.000000000 533.972229004
192.000000000 533.972229004
191.000000000 533.972229004
190.000000000 533.972229004
