250.000000000 347.853820801
249.000000000 347.853820801
248.000000000 347.853820801
247.000000000 347.853820801
246.000000000 347.853820801
245.000000000 347.853820801
244.000000000 347.853820801
243.000000000 347.853820801
242.000000000 347.853820801
241.000000000 347.853820801
240.000000000 347.853820801
239.000000000 347.853820801
238.000000000 347.853820801
237.000000000 347.853820801
236.000000000 364.153900146
235.000000000 364.153900146
234.000000000 364.153900146
233.000000000 364.153900146
232.000000000 364.153900146
231.000000000 364.153900146
230.000000000 364.153900146
229.000000000 364.153900146
228.000000000 364.153900146
227.000000000 364.153900146
226.000000000 364.153900146
225.000000000 364.153900146
224.000000000 382.724700928
223.000000000 382.724700928
222.000000000 382.724700928
221.000000000 382.724700928
220.000000000 382.724700928
219.000000000 382.724700928
218.000000000 382.724700928
217.000000000 382.724700928
216.000000000 401.240173340
215.000000000 401.240173340
214.000000000 401.240173340
213.000000000 401.240173340
212.000000000 401.240173340
211.000000000 401.240173340
210.000000000 422.737335205
209.000000000 422.737335205
208.000000000 422.737335205
207.000000000 446.035705566
206.000000000 446.035705566
205.000000000 446.035705566
204.000000000 446.035705566
203.000000000 446.035705566
202.000000000 476.250061035
201.000000000 476.250061035
200.000000000 476.250061035
199.000000000 504.280822754
198.000000000 504.280822754
197.000000000 504.280822754
196.000000000 504.280822754
195.000000000 530.755065918
194.000000000 530.755065918
193.000000000 530.755065918
192.000000000 530.755065918
191.000000000 530.755065918
190.000000000 530.755065918
