250.000000000 347.853820801
249.000000000 347.853820801
248.000000000 347.853820801
247.000000000 347.853820801
246.000000000 347.853820801
245.000000000 347.853820801
244.000000000 347.853820801
243.000000000 347.853820801
242.000000000 347.853820801
241.000000000 347.853820801
240.000000000 347.853820801
239.000000000 347.853820801
238.000000000 347.853820801
237.000000000 347.853820801
236.000000000 347.853820801
235.000000000 347.853820801
234.000000000 366.022796631
233.000000000 366.022796631
232.000000000 366.022796631
231.000000000 366.022796631
230.000000000 366.022796631
229.000000000 366.022796631
228.000000000 366.022796631
227.000000000 366.022796631
226.000000000 366.022796631
225.000000000 366.022796631
224.000000000 366.022796631
223.000000000 386.409515381
222.000000000 386.409515381
221.000000000 386.409515381
220.000000000 386.409515381
219.000000000 386.409515381
218.000000000 386.409515381
217.000000000 386.409515381
216.000000000 386.409515381
215.000000000 386.409515381
214.000000000 406.828094482
213.000000000 406.828094482
212.000000000 406.828094482
211.000000000 406.828094482
210.000000000 406.828094482
209.000000000 425.869964600
208.000000000 425.869964600
207.000000000 425.869964600
206.000000000 425.869964600
205.000000000 454.401855469
204.000000000 454.401855469
203.000000000 454.401855469
202.000000000 454.401855469
201.000000000 478.408477783
200.000000000 478.408477783
199.000000000 478.408477783
198.000000000 506.685577393
197.000000000 506.685577393
196.000000000 506.685577393
195.000000000 506.685577393
194.000000000 506.685577393
193.000000000 530.994079590
192.000000000 530.994079590
191.000000000 530.994079590
190.000000000 530.994079590
