250.000000000 347.853820801
249.000000000 347.853820801
248.000000000 347.853820801
247.000000000 347.853820801
246.000000000 347.853820801
245.000000000 347.853820801
244.000000000 347.853820801
243.000000000 347.853820801
242.000000000 347.853820801
241.000000000 347.853820801
240.000000000 347.853820801
239.000000000 347.853820801
238.000000000 347.853820801
237.000000000 347.853820801
236.000000000 347.853820801
235.000000000 347.853820801
234.000000000 347.853820801
233.000000000 369.072631836
232.000000000 369.072631836
231.000000000 369.072631836
230.000000000 369.072631836
229.000000000 369.072631836
228.000000000 369.072631836
227.000000000 369.072631836
226.000000000 369.072631836
225.000000000 369.072631836
224.000000000 369.072631836
223.000000000 386.789855957
222.000000000 386.789855957
221.000000000 386.789855957
220.000000000 386.789855957
219.000000000 386.789855957
218.000000000 386.789855957
217.000000000 386.789855957
216.000000000 386.789855957
215.000000000 406.265380859
214.000000000 406.265380859
213.000000000 406.265380859
212.000000000 406.265380859
211.000000000 406.265380859
210.000000000 406.265380859
209.000000000 429.339752197
208.000000000 429.339752197
207.000000000 429.339752197
206.000000000 429.339752197
205.000000000 457.058654785
204.000000000 457.058654785
203.000000000 457.058654785
202.000000000 482.320281982
201.000000000 482.320281982
200.000000000 482.320281982
199.000000000 508.436218262
198.000000000 508.436218262
197.000000000 508.436218262
196.000000000 508.436218262
195.000000000 532.706909180
194.000000000 532.706909180
193.000000000 532.706909180
192.000000000 532.706909180
191.000000000 532.706909180
190.000000000 532.706909180
