250.000000000 345.433502197
249.000000000 345.433502197
248.000000000 345.433502197
247.000000000 345.433502197
246.000000000 345.433502197
245.000000000 345.433502197
244.000000000 345.433502197
243.000000000 345.433502197
242.000000000 345.433502197
241.000000000 345.433502197
240.000000000 345.433502197
239.000000000 345.433502197
238.000000000 345.433502197
237.000000000 345.433502197
236.000000000 345.433502197
235.000000000 365.813934326
234.000000000 365.813934326
233.000000000 365.813934326
232.000000000 365.813934326
231.000000000 365.813934326
230.000000000 365.813934326
229.000000000 365.813934326
228.000000000 365.813934326
227.000000000 365.813934326
226.000000000 365.813934326
225.000000000 365.813934326
224.000000000 384.808654785
223.000000000 384.808654785
222.000000000 384.808654785
221.000000000 384.808654785
220.000000000 384.808654785
219.000000000 384.808654785
218.000000000 384.808654785
217.000000000 384.808654785
216.000000000 384.808654785
215.000000000 407.187164307
214.000000000 407.187164307
213.000000000 407.187164307
212.000000000 407.187164307
211.000000000 426.950897217
210.000000000 426.950897217
209.000000000 426.950897217
208.000000000 426.950897217
207.000000000 452.690490723
206.000000000 452.690490723
205.000000000 452.690490723
204.000000000 452.690490723
203.000000000 477.614562988
202.000000000 477.614562988
201.000000000 477.614562988
200.000000000 477.614562988
199.000000000 503.760742188
198.000000000 503.760742188
197.000000000 503.760742188
196.000000000 503.760742188
195.000000000 503.760742188
194.000000000 530.402465820
193.000000000 530.402465820
192.000000000 530.402465820
191.000000000 530.402465820
190.000000000 530.402465820
