250.000000000 347.853820801
249.000000000 347.853820801
248.000000000 347.853820801
247.000000000 347.853820801
246.000000000 347.853820801
245.000000000 347.853820801
244.000000000 347.853820801
243.000000000 347.853820801
242.000000000 347.853820801
241.000000000 347.853820801
240.000000000 347.853820801
239.000000000 347.853820801
238.000000000 347.853820801
237.000000000 347.853820801
236.000000000 347.853820801
235.000000000 347.853820801
234.000000000 347.853820801
233.000000000 366.381683350
232.000000000 366.381683350
231.000000000 366.381683350
230.000000000 366.381683350
229.000000000 366.381683350
228.000000000 366.381683350
227.000000000 366.381683350
226.000000000 366.381683350
225.000000000 366.381683350
224.000000000 384.379943848
223.000000000 384.379943848
222.000000000 384.379943848
221.000000000 384.379943848
220.000000000 384.379943848
219.000000000 384.379943848
218.000000000 384.379943848
217.000000000 384.379943848
216.000000000 384.379943848
215.000000000 406.897521973
214.000000000 406.897521973
213.000000000 406.897521973
212.000000000 406.897521973
211.000000000 406.897521973
210.000000000 406.897521973
209.000000000 431.488922119
208.000000000 431.488922119
207.000000000 431.488922119
206.000000000 431.488922119
205.000000000 455.575164795
204.000000000 455.575164795
203.000000000 455.575164795
202.000000000 477.503143311
201.000000000 477.503143311
200.000000000 477.503143311
199.000000000 508.647277832
198.000000000 508.647277832
197.000000000 508.647277832
196.000000000 508.647277832
195.000000000 533.348449707
194.000000000 533.348449707
193.000000000 533.348449707
192.000000000 533.348449707
191.000000000 533.348449707
190.000000000 533.348449707
