250.000000000 347.853820801
249.000000000 347.853820801
248.000000000 347.853820801
247.000000000 347.853820801
246.000000000 347.853820801
245.000000000 347.853820801
244.000000000 347.853820801
243.000000000 347.853820801
242.000000000 347.853820801
241.000000000 347.853820801
240.000000000 347.853820801
239.000000000 347.853820801
238.000000000 347.853820801
237.000000000 347.853820801
236.000000000 347.853820801
235.000000000 347.853820801
234.000000000 366.031005859
233.000000000 366.031005859
232.000000000 366.031005859
231.000000000 366.031005859
230.000000000 366.031005859
229.000000000 366.031005859
228.000000000 366.031005859
227.000000000 366.031005859
226.000000000 366.031005859
225.000000000 366.031005859
224.000000000 366.031005859
223.000000000 386.401397705
222.000000000 386.401397705
221.000000000 386.401397705
220.000000000 386.401397705
219.000000000 386.401397705
218.000000000 386.401397705
217.000000000 386.401397705
216.000000000 386.401397705
215.000000000 386.401397705
214.000000000 386.401397705
213.000000000 406.822326660
212.000000000 406.822326660
211.000000000 406.822326660
210.000000000 406.822326660
209.000000000 430.537506104
208.000000000 430.537506104
207.000000000 430.537506104
206.000000000 430.537506104
205.000000000 455.613922119
204.000000000 455.613922119
203.000000000 455.613922119
202.000000000 455.613922119
201.000000000 479.640960693
200.000000000 479.640960693
199.000000000 479.640960693
198.000000000 503.395355225
197.000000000 503.395355225
196.000000000 503.395355225
195.000000000 503.395355225
194.000000000 503.395355225
193.000000000 529.620788574
192.000000000 529.620788574
191.000000000 529.620788574
190.000000000 529.620788574
