250.000000000 345.433502197
249.000000000 345.433502197
248.000000000 345.433502197
247.000000000 345.433502197
246.000000000 345.433502197
245.000000000 345.433502197
244.000000000 345.433502197
243.000000000 345.433502197
242.000000000 345.433502197
241.000000000 345.433502197
240.000000000 345.433502197
239.000000000 345.433502197
238.000000000 345.433502197
237.000000000 345.433502197
236.000000000 345.433502197
235.000000000 363.020477295
234.000000000 363.020477295
233.000000000 363.020477295
232.000000000 363.020477295
231.000000000 363.020477295
230.000000000 363.020477295
229.000000000 363.020477295
228.000000000 363.020477295
227.000000000 363.020477295
226.000000000 363.020477295
225.000000000 380.959747314
224.000000000 380.959747314
223.000000000 380.959747314
222.000000000 380.959747314
221.000000000 380.959747314
220.000000000 380.959747314
219.000000000 380.959747314
218.000000000 380.959747314
217.000000000 380.959747314
216.000000000 399.795745850
215.000000000 399.795745850
214.000000000 399.795745850
213.000000000 399.795745850
212.000000000 399.795745850
211.000000000 423.817504883
210.000000000 423.817504883
209.000000000 423.817504883
208.000000000 423.817504883
207.000000000 449.183898926
206.000000000 449.183898926
205.000000000 449.183898926
204.000000000 449.183898926
203.000000000 449.183898926
202.000000000 477.996459961
201.000000000 477.996459961
200.000000000 477.996459961
199.000000000 477.996459961
198.000000000 503.907958984
197.000000000 503.907958984
196.000000000 503.907958984
195.000000000 503.907958984
194.000000000 503.907958984
193.000000000 503.907958984
192.000000000 503.907958984
191.000000000 529.888366699
190.000000000 529.888366699
