250.000000000 347.853820801
249.000000000 347.853820801
248.000000000 347.853820801
247.000000000 347.853820801
246.000000000 347.853820801
245.000000000 347.853820801
244.000000000 347.853820801
243.000000000 347.853820801
242.000000000 347.853820801
241.000000000 347.853820801
240.000000000 347.853820801
239.000000000 347.853820801
238.000000000 347.853820801
237.000000000 347.853820801
236.000000000 347.853820801
235.000000000 347.853820801
234.000000000 347.853820801
233.000000000 366.024169922
232.000000000 366.024169922
231.000000000 366.024169922
230.000000000 366.024169922
229.000000000 366.024169922
228.000000000 366.024169922
227.000000000 366.024169922
226.000000000 366.024169922
225.000000000 366.024169922
224.000000000 366.024169922
223.000000000 385.524566650
222.000000000 385.524566650
221.000000000 385.524566650
220.000000000 385.524566650
219.000000000 385.524566650
218.000000000 385.524566650
217.000000000 385.524566650
216.000000000 385.524566650
215.000000000 385.524566650
214.000000000 405.633880615
213.000000000 405.633880615
212.000000000 405.633880615
211.000000000 405.633880615
210.000000000 405.633880615
209.000000000 405.633880615
208.000000000 430.031555176
207.000000000 430.031555176
206.000000000 430.031555176
205.000000000 450.922058105
204.000000000 450.922058105
203.000000000 450.922058105
202.000000000 475.028808594
201.000000000 475.028808594
200.000000000 475.028808594
199.000000000 498.934539795
198.000000000 498.934539795
197.000000000 498.934539795
196.000000000 498.934539795
195.000000000 498.934539795
194.000000000 528.208618164
193.000000000 528.208618164
192.000000000 528.208618164
191.000000000 528.208618164
190.000000000 528.208618164
