250.000000000 345.433502197
249.000000000 345.433502197
248.000000000 345.433502197
247.000000000 345.433502197
246.000000000 345.433502197
245.000000000 345.433502197
244.000000000 345.433502197
243.000000000 345.433502197
242.000000000 345.433502197
241.000000000 345.433502197
240.000000000 345.433502197
239.000000000 345.433502197
238.000000000 345.433502197
237.000000000 345.433502197
236.000000000 345.433502197
235.000000000 363.823516846
234.000000000 363.823516846
233.000000000 363.823516846
232.000000000 363.823516846
231.000000000 363.823516846
230.000000000 363.823516846
229.000000000 363.823516846
228.000000000 363.823516846
227.000000000 363.823516846
226.000000000 363.823516846
225.000000000 363.823516846
224.000000000 363.823516846
223.000000000 384.909423828
222.000000000 384.909423828
221.000000000 384.909423828
220.000000000 384.909423828
219.000000000 384.909423828
218.000000000 384.909423828
217.000000000 384.909423828
216.000000000 384.909423828
215.000000000 404.531921387
214.000000000 404.531921387
213.000000000 404.531921387
212.000000000 404.531921387
211.000000000 404.531921387
210.000000000 431.609893799
209.000000000 431.609893799
208.000000000 431.609893799
207.000000000 431.609893799
206.000000000 457.756683350
205.000000000 457.756683350
204.000000000 457.756683350
203.000000000 457.756683350
202.000000000 480.401885986
201.000000000 480.401885986
200.000000000 480.401885986
199.000000000 480.401885986
198.000000000 508.773040771
197.000000000 508.773040771
196.000000000 508.773040771
195.000000000 508.773040771
194.000000000 508.773040771
193.000000000 508.773040771
192.000000000 508.773040771
191.000000000 508.773040771
190.000000000 533.651000977
