250.000000000 347.853820801
249.000000000 347.853820801
248.000000000 347.853820801
247.000000000 347.853820801
246.000000000 347.853820801
245.000000000 347.853820801
244.000000000 347.853820801
243.000000000 347.853820801
242.000000000 347.853820801
241.000000000 347.853820801
240.000000000 347.853820801
239.000000000 347.853820801
238.000000000 347.853820801
237.000000000 347.853820801
236.000000000 364.428314209
235.000000000 364.428314209
234.000000000 364.428314209
233.000000000 364.428314209
232.000000000 364.428314209
231.000000000 364.428314209
230.000000000 364.428314209
229.000000000 364.428314209
228.000000000 364.428314209
227.000000000 364.428314209
226.000000000 364.428314209
225.000000000 383.673248291
224.000000000 383.673248291
223.000000000 383.673248291
222.000000000 383.673248291
221.000000000 383.673248291
220.000000000 383.673248291
219.000000000 383.673248291
218.000000000 383.673248291
217.000000000 402.710388184
216.000000000 402.710388184
215.000000000 402.710388184
214.000000000 402.710388184
213.000000000 402.710388184
212.000000000 402.710388184
211.000000000 423.190185547
210.000000000 423.190185547
209.000000000 423.190185547
208.000000000 423.190185547
207.000000000 423.190185547
206.000000000 449.117431641
205.000000000 449.117431641
204.000000000 449.117431641
203.000000000 475.843933105
202.000000000 475.843933105
201.000000000 475.843933105
200.000000000 500.256713867
199.000000000 500.256713867
198.000000000 500.256713867
197.000000000 500.256713867
196.000000000 530.200378418
195.000000000 530.200378418
194.000000000 530.200378418
193.000000000 530.200378418
192.000000000 530.200378418
191.000000000 530.200378418
190.000000000 530.200378418
