250.000000000 347.853820801
249.000000000 347.853820801
248.000000000 347.853820801
247.000000000 347.853820801
246.000000000 347.853820801
245.000000000 347.853820801
244.000000000 347.853820801
243.000000000 347.853820801
242.000000000 347.853820801
241.000000000 347.853820801
240.000000000 347.853820801
239.000000000 347.853820801
238.000000000 347.853820801
237.000000000 347.853820801
236.000000000 364.321563721
235.000000000 364.321563721
234.000000000 364.321563721
233.000000000 364.321563721
232.000000000 364.321563721
231.000000000 364.321563721
230.000000000 364.321563721
229.000000000 364.321563721
228.000000000 364.321563721
227.000000000 364.321563721
226.000000000 364.321563721
225.000000000 382.508605957
224.000000000 382.508605957
223.000000000 382.508605957
222.000000000 382.508605957
221.000000000 382.508605957
220.000000000 382.508605957
219.000000000 382.508605957
218.000000000 382.508605957
217.000000000 400.845703125
216.000000000 400.845703125
215.000000000 400.845703125
214.000000000 400.845703125
213.000000000 400.845703125
212.000000000 400.845703125
211.000000000 420.901397705
210.000000000 420.901397705
209.000000000 420.901397705
208.000000000 420.901397705
207.000000000 420.901397705
206.000000000 451.527252197
205.000000000 451.527252197
204.000000000 451.527252197
203.000000000 451.527252197
202.000000000 473.074615479
201.000000000 473.074615479
200.000000000 497.123718262
199.000000000 497.123718262
198.000000000 497.123718262
197.000000000 520.731262207
196.000000000 520.731262207
195.000000000 520.731262207
194.000000000 520.731262207
193.000000000 520.731262207
192.000000000 520.731262207
191.000000000 548.159912109
190.000000000 548.159912109
