250.000000000 345.433502197
249.000000000 345.433502197
248.000000000 345.433502197
247.000000000 345.433502197
246.000000000 345.433502197
245.000000000 345.433502197
244.000000000 345.433502197
243.000000000 345.433502197
242.000000000 345.433502197
241.000000000 345.433502197
240.000000000 345.433502197
239.000000000 345.433502197
238.000000000 345.433502197
237.000000000 345.433502197
236.000000000 345.433502197
235.000000000 345.433502197
234.000000000 365.116119385
233.000000000 365.116119385
232.000000000 365.116119385
231.000000000 365.116119385
230.000000000 365.116119385
229.000000000 365.116119385
228.000000000 365.116119385
227.000000000 365.116119385
226.000000000 365.116119385
225.000000000 365.116119385
224.000000000 383.359802246
223.000000000 383.359802246
222.000000000 383.359802246
221.000000000 383.359802246
220.000000000 383.359802246
219.000000000 383.359802246
218.000000000 383.359802246
217.000000000 383.359802246
216.000000000 383.359802246
215.000000000 403.370300293
214.000000000 403.370300293
213.000000000 403.370300293
212.000000000 403.370300293
211.000000000 424.166442871
210.000000000 424.166442871
209.000000000 424.166442871
208.000000000 444.785095215
207.000000000 444.785095215
206.000000000 444.785095215
205.000000000 444.785095215
204.000000000 467.030181885
203.000000000 467.030181885
202.000000000 467.030181885
201.000000000 467.030181885
200.000000000 493.537475586
199.000000000 493.537475586
198.000000000 493.537475586
197.000000000 493.537475586
196.000000000 518.331176758
195.000000000 518.331176758
194.000000000 518.331176758
193.000000000 518.331176758
192.000000000 518.331176758
191.000000000 518.331176758
190.000000000 518.331176758
