250.000000000 345.433502197
249.000000000 345.433502197
248.000000000 345.433502197
247.000000000 345.433502197
246.000000000 345.433502197
245.000000000 345.433502197
244.000000000 345.433502197
243.000000000 345.433502197
242.000000000 345.433502197
241.000000000 345.433502197
240.000000000 345.433502197
239.000000000 345.433502197
238.000000000 345.433502197
237.000000000 345.433502197
236.000000000 363.144622803
235.000000000 363.144622803
234.000000000 363.144622803
233.000000000 363.144622803
232.000000000 363.144622803
231.000000000 363.144622803
230.000000000 363.144622803
229.000000000 363.144622803
228.000000000 363.144622803
227.000000000 363.144622803
226.000000000 363.144622803
225.000000000 363.144622803
224.000000000 382.647491455
223.000000000 382.647491455
222.000000000 382.647491455
221.000000000 382.647491455
220.000000000 382.647491455
219.000000000 382.647491455
218.000000000 382.647491455
217.000000000 382.647491455
216.000000000 403.336944580
215.000000000 403.336944580
214.000000000 403.336944580
213.000000000 403.336944580
212.000000000 403.336944580
211.000000000 424.373077393
210.000000000 424.373077393
209.000000000 424.373077393
208.000000000 424.373077393
207.000000000 449.749114990
206.000000000 449.749114990
205.000000000 449.749114990
204.000000000 449.749114990
203.000000000 473.516357422
202.000000000 473.516357422
201.000000000 473.516357422
200.000000000 473.516357422
199.000000000 503.833557129
198.000000000 503.833557129
197.000000000 503.833557129
196.000000000 503.833557129
195.000000000 503.833557129
194.000000000 528.444091797
193.000000000 528.444091797
192.000000000 528.444091797
191.000000000 528.444091797
190.000000000 528.444091797
