250.000000000 345.433502197
249.000000000 345.433502197
248.000000000 345.433502197
247.000000000 345.433502197
246.000000000 345.433502197
245.000000000 345.433502197
244.000000000 345.433502197
243.000000000 345.433502197
242.000000000 345.433502197
241.000000000 345.433502197
240.000000000 345.433502197
239.000000000 345.433502197
238.000000000 345.433502197
237.000000000 345.433502197
236.000000000 345.433502197
235.000000000 363.982025146
234.000000000 363.982025146
233.000000000 363.982025146
232.000000000 363.982025146
231.000000000 363.982025146
230.000000000 363.982025146
229.000000000 363.982025146
228.000000000 363.982025146
227.000000000 363.982025146
226.000000000 363.982025146
225.000000000 363.982025146
224.000000000 383.065246582
223.000000000 383.065246582
222.000000000 383.065246582
221.000000000 383.065246582
220.000000000 383.065246582
219.000000000 383.065246582
218.000000000 383.065246582
217.000000000 383.065246582
216.000000000 383.065246582
215.000000000 403.052307129
214.000000000 403.052307129
213.000000000 403.052307129
212.000000000 403.052307129
211.000000000 422.857818604
210.000000000 422.857818604
209.000000000 422.857818604
208.000000000 422.857818604
207.000000000 449.776916504
206.000000000 449.776916504
205.000000000 449.776916504
204.000000000 449.776916504
203.000000000 472.408081055
202.000000000 472.408081055
201.000000000 472.408081055
200.000000000 472.408081055
199.000000000 497.275146484
198.000000000 497.275146484
197.000000000 497.275146484
196.000000000 497.275146484
195.000000000 497.275146484
194.000000000 497.275146484
193.000000000 522.016662598
192.000000000 522.016662598
191.000000000 522.016662598
190.000000000 522.016662598
