250.000000000 345.433502197
249.000000000 345.433502197
248.000000000 345.433502197
247.000000000 345.433502197
246.000000000 345.433502197
245.000000000 345.433502197
244.000000000 345.433502197
243.000000000 345.433502197
242.000000000 345.433502197
241.000000000 345.433502197
240.000000000 345.433502197
239.000000000 345.433502197
238.000000000 345.433502197
237.000000000 345.433502197
236.000000000 345.433502197
235.000000000 345.433502197
234.000000000 366.054656982
233.000000000 366.054656982
232.000000000 366.054656982
231.000000000 366.054656982
230.000000000 366.054656982
229.000000000 366.054656982
228.000000000 366.054656982
227.000000000 366.054656982
226.000000000 366.054656982
225.000000000 366.054656982
224.000000000 366.054656982
223.000000000 384.803558350
222.000000000 384.803558350
221.000000000 384.803558350
220.000000000 384.803558350
219.000000000 384.803558350
218.000000000 384.803558350
217.000000000 384.803558350
216.000000000 403.535827637
215.000000000 403.535827637
214.000000000 403.535827637
213.000000000 403.535827637
212.000000000 403.535827637
211.000000000 424.655761719
210.000000000 424.655761719
209.000000000 424.655761719
208.000000000 424.655761719
207.000000000 450.247253418
206.000000000 450.247253418
205.000000000 450.247253418
204.000000000 450.247253418
203.000000000 472.701293945
202.000000000 472.701293945
201.000000000 472.701293945
200.000000000 496.492645264
199.000000000 496.492645264
198.000000000 496.492645264
197.000000000 496.492645264
196.000000000 520.981140137
195.000000000 520.981140137
194.000000000 520.981140137
193.000000000 520.981140137
192.000000000 520.981140137
191.000000000 520.981140137
190.000000000 520.981140137
