250.000000000 345.433502197
249.000000000 345.433502197
248.000000000 345.433502197
247.000000000 345.433502197
246.000000000 345.433502197
245.000000000 345.433502197
244.000000000 345.433502197
243.000000000 345.433502197
242.000000000 345.433502197
241.000000000 345.433502197
240.000000000 345.433502197
239.000000000 345.433502197
238.000000000 345.433502197
237.000000000 345.433502197
236.000000000 345.433502197
235.000000000 345.433502197
234.000000000 365.400268555
233.000000000 365.400268555
232.000000000 365.400268555
231.000000000 365.400268555
230.000000000 365.400268555
229.000000000 365.400268555
228.000000000 365.400268555
227.000000000 365.400268555
226.000000000 365.400268555
225.000000000 365.400268555
224.000000000 365.400268555
223.000000000 385.523406982
222.000000000 385.523406982
221.000000000 385.523406982
220.000000000 385.523406982
219.000000000 385.523406982
218.000000000 385.523406982
217.000000000 385.523406982
216.000000000 385.523406982
215.000000000 385.523406982
214.000000000 407.961273193
213.000000000 407.961273193
212.000000000 407.961273193
211.000000000 407.961273193
210.000000000 407.961273193
209.000000000 433.842315674
208.000000000 433.842315674
207.000000000 433.842315674
206.000000000 433.842315674
205.000000000 461.269958496
204.000000000 461.269958496
203.000000000 461.269958496
202.000000000 461.269958496
201.000000000 483.622894287
200.000000000 483.622894287
199.000000000 483.622894287
198.000000000 483.622894287
197.000000000 511.497711182
196.000000000 511.497711182
195.000000000 511.497711182
194.000000000 511.497711182
193.000000000 511.497711182
192.000000000 511.497711182
191.000000000 511.497711182
190.000000000 511.497711182
