250.000000000 347.853820801
249.000000000 347.853820801
248.000000000 347.853820801
247.000000000 347.853820801
246.000000000 347.853820801
245.000000000 347.853820801
244.000000000 347.853820801
243.000000000 347.853820801
242.000000000 347.853820801
241.000000000 347.853820801
240.000000000 347.853820801
239.000000000 347.853820801
238.000000000 347.853820801
237.000000000 347.853820801
236.000000000 347.853820801
235.000000000 347.853820801
234.000000000 347.853820801
233.000000000 370.015808105
232.000000000 370.015808105
231.000000000 370.015808105
230.000000000 370.015808105
229.000000000 370.015808105
228.000000000 370.015808105
227.000000000 370.015808105
226.000000000 370.015808105
225.000000000 370.015808105
224.000000000 370.015808105
223.000000000 370.015808105
222.000000000 388.743133545
221.000000000 388.743133545
220.000000000 388.743133545
219.000000000 388.743133545
218.000000000 388.743133545
217.000000000 388.743133545
216.000000000 388.743133545
215.000000000 388.743133545
214.000000000 410.295043945
213.000000000 410.295043945
212.000000000 410.295043945
211.000000000 410.295043945
210.000000000 410.295043945
209.000000000 430.169097900
208.000000000 430.169097900
207.000000000 430.169097900
206.000000000 454.198883057
205.000000000 454.198883057
204.000000000 454.198883057
203.000000000 454.198883057
202.000000000 482.982788086
201.000000000 482.982788086
200.000000000 482.982788086
199.000000000 507.525939941
198.000000000 507.525939941
197.000000000 507.525939941
196.000000000 531.953125000
195.000000000 531.953125000
194.000000000 531.953125000
193.000000000 531.953125000
192.000000000 531.953125000
191.000000000 531.953125000
190.000000000 531.953125000
