250.000000000 347.853820801
249.000000000 347.853820801
248.000000000 347.853820801
247.000000000 347.853820801
246.000000000 347.853820801
245.000000000 347.853820801
244.000000000 347.853820801
243.000000000 347.853820801
242.000000000 347.853820801
241.000000000 347.853820801
240.000000000 347.853820801
239.000000000 347.853820801
238.000000000 347.853820801
237.000000000 347.853820801
236.000000000 347.853820801
235.000000000 347.853820801
234.000000000 366.430297852
233.000000000 366.430297852
232.000000000 366.430297852
231.000000000 366.430297852
230.000000000 366.430297852
229.000000000 366.430297852
228.000000000 366.430297852
227.000000000 366.430297852
226.000000000 366.430297852
225.000000000 366.430297852
224.000000000 366.430297852
223.000000000 386.209564209
222.000000000 386.209564209
221.000000000 386.209564209
220.000000000 386.209564209
219.000000000 386.209564209
218.000000000 386.209564209
217.000000000 386.209564209
216.000000000 386.209564209
215.000000000 386.209564209
214.000000000 409.302673340
213.000000000 409.302673340
212.000000000 409.302673340
211.000000000 409.302673340
210.000000000 409.302673340
209.000000000 409.302673340
208.000000000 434.618774414
207.000000000 434.618774414
206.000000000 434.618774414
205.000000000 457.647644043
204.000000000 457.647644043
203.000000000 457.647644043
202.000000000 457.647644043
201.000000000 482.990325928
200.000000000 482.990325928
199.000000000 482.990325928
198.000000000 513.136718750
197.000000000 513.136718750
196.000000000 513.136718750
195.000000000 513.136718750
194.000000000 513.136718750
193.000000000 539.915771484
192.000000000 539.915771484
191.000000000 539.915771484
190.000000000 539.915771484
