250.000000000 347.853820801
249.000000000 347.853820801
248.000000000 347.853820801
247.000000000 347.853820801
246.000000000 347.853820801
245.000000000 347.853820801
244.000000000 347.853820801
243.000000000 347.853820801
242.000000000 347.853820801
241.000000000 347.853820801
240.000000000 347.853820801
239.000000000 347.853820801
238.000000000 347.853820801
237.000000000 347.853820801
236.000000000 347.853820801
235.000000000 347.853820801
234.000000000 347.853820801
233.000000000 347.853820801
232.000000000 367.265594482
231.000000000 367.265594482
230.000000000 367.265594482
229.000000000 367.265594482
228.000000000 367.265594482
227.000000000 367.265594482
226.000000000 367.265594482
225.000000000 367.265594482
224.000000000 367.265594482
223.000000000 386.529479980
222.000000000 386.529479980
221.000000000 386.529479980
220.000000000 386.529479980
219.000000000 386.529479980
218.000000000 386.529479980
217.000000000 386.529479980
216.000000000 386.529479980
215.000000000 386.529479980
214.000000000 410.298309326
213.000000000 410.298309326
212.000000000 410.298309326
211.000000000 410.298309326
210.000000000 410.298309326
209.000000000 432.880859375
208.000000000 432.880859375
207.000000000 432.880859375
206.000000000 432.880859375
205.000000000 454.539764404
204.000000000 454.539764404
203.000000000 454.539764404
202.000000000 477.162536621
201.000000000 477.162536621
200.000000000 477.162536621
199.000000000 502.821899414
198.000000000 502.821899414
197.000000000 502.821899414
196.000000000 502.821899414
195.000000000 528.809204102
194.000000000 528.809204102
193.000000000 528.809204102
192.000000000 528.809204102
191.000000000 528.809204102
190.000000000 528.809204102
