250.000000000 345.433502197
249.000000000 345.433502197
248.000000000 345.433502197
247.000000000 345.433502197
246.000000000 345.433502197
245.000000000 345.433502197
244.000000000 345.433502197
243.000000000 345.433502197
242.000000000 345.433502197
241.000000000 345.433502197
240.000000000 345.433502197
239.000000000 345.433502197
238.000000000 345.433502197
237.000000000 345.433502197
236.000000000 345.433502197
235.000000000 362.440460205
234.000000000 362.440460205
233.000000000 362.440460205
232.000000000 362.440460205
231.000000000 362.440460205
230.000000000 362.440460205
229.000000000 362.440460205
228.000000000 362.440460205
227.000000000 362.440460205
226.000000000 362.440460205
225.000000000 362.440460205
224.000000000 381.313995361
223.000000000 381.313995361
222.000000000 381.313995361
221.000000000 381.313995361
220.000000000 381.313995361
219.000000000 381.313995361
218.000000000 381.313995361
217.000000000 381.313995361
216.000000000 401.650360107
215.000000000 401.650360107
214.000000000 401.650360107
213.000000000 401.650360107
212.000000000 401.650360107
211.000000000 423.477294922
210.000000000 423.477294922
209.000000000 423.477294922
208.000000000 443.990600586
207.000000000 443.990600586
206.000000000 443.990600586
205.000000000 443.990600586
204.000000000 466.164184570
203.000000000 466.164184570
202.000000000 466.164184570
201.000000000 466.164184570
200.000000000 490.970489502
199.000000000 490.970489502
198.000000000 490.970489502
197.000000000 490.970489502
196.000000000 490.970489502
195.000000000 517.805480957
194.000000000 517.805480957
193.000000000 517.805480957
192.000000000 517.805480957
191.000000000 517.805480957
190.000000000 517.805480957
