250.000000000 345.433502197
249.000000000 345.433502197
248.000000000 345.433502197
247.000000000 345.433502197
246.000000000 345.433502197
245.000000000 345.433502197
244.000000000 345.433502197
243.000000000 345.433502197
242.000000000 345.433502197
241.000000000 345.433502197
240.000000000 345.433502197
239.000000000 345.433502197
238.000000000 345.433502197
237.000000000 345.433502197
236.000000000 345.433502197
235.000000000 364.137908936
234.000000000 364.137908936
233.000000000 364.137908936
232.000000000 364.137908936
231.000000000 364.137908936
230.000000000 364.137908936
229.000000000 364.137908936
228.000000000 364.137908936
227.000000000 364.137908936
226.000000000 364.137908936
225.000000000 364.137908936
224.000000000 383.425140381
223.000000000 383.425140381
222.000000000 383.425140381
221.000000000 383.425140381
220.000000000 383.425140381
219.000000000 383.425140381
218.000000000 383.425140381
217.000000000 383.425140381
216.000000000 403.097503662
215.000000000 403.097503662
214.000000000 403.097503662
213.000000000 403.097503662
212.000000000 403.097503662
211.000000000 424.858520508
210.000000000 424.858520508
209.000000000 424.858520508
208.000000000 424.858520508
207.000000000 450.256225586
206.000000000 450.256225586
205.000000000 450.256225586
204.000000000 450.256225586
203.000000000 450.256225586
202.000000000 478.799194336
201.000000000 478.799194336
200.000000000 478.799194336
199.000000000 478.799194336
198.000000000 507.812500000
197.000000000 507.812500000
196.000000000 507.812500000
195.000000000 507.812500000
194.000000000 507.812500000
193.000000000 507.812500000
192.000000000 507.812500000
191.000000000 532.343750000
190.000000000 532.343750000
