250.000000000 345.433502197
249.000000000 345.433502197
248.000000000 345.433502197
247.000000000 345.433502197
246.000000000 345.433502197
245.000000000 345.433502197
244.000000000 345.433502197
243.000000000 345.433502197
242.000000000 345.433502197
241.000000000 345.433502197
240.000000000 345.433502197
239.000000000 345.433502197
238.000000000 345.433502197
237.000000000 345.433502197
236.000000000 345.433502197
235.000000000 362.764862061
234.000000000 362.764862061
233.000000000 362.764862061
232.000000000 362.764862061
231.000000000 362.764862061
230.000000000 362.764862061
229.000000000 362.764862061
228.000000000 362.764862061
227.000000000 362.764862061
226.000000000 362.764862061
225.000000000 362.764862061
224.000000000 380.790466309
223.000000000 380.790466309
222.000000000 380.790466309
221.000000000 380.790466309
220.000000000 380.790466309
219.000000000 380.790466309
218.000000000 380.790466309
217.000000000 380.790466309
216.000000000 400.796264648
215.000000000 400.796264648
214.000000000 400.796264648
213.000000000 400.796264648
212.000000000 400.796264648
211.000000000 420.921661377
210.000000000 420.921661377
209.000000000 420.921661377
208.000000000 420.921661377
207.000000000 451.518402100
206.000000000 451.518402100
205.000000000 451.518402100
204.000000000 451.518402100
203.000000000 473.794097900
202.000000000 473.794097900
201.000000000 473.794097900
200.000000000 473.794097900
199.000000000 498.831451416
198.000000000 498.831451416
197.000000000 498.831451416
196.000000000 498.831451416
195.000000000 498.831451416
194.000000000 525.164489746
193.000000000 525.164489746
192.000000000 525.164489746
191.000000000 525.164489746
190.000000000 525.164489746
