250.000000000 347.853820801
249.000000000 347.853820801
248.000000000 347.853820801
247.000000000 347.853820801
246.000000000 347.853820801
245.000000000 347.853820801
244.000000000 347.853820801
243.000000000 347.853820801
242.000000000 347.853820801
241.000000000 347.853820801
240.000000000 347.853820801
239.000000000 347.853820801
238.000000000 347.853820801
237.000000000 347.853820801
236.000000000 347.853820801
235.000000000 347.853820801
234.000000000 347.853820801
233.000000000 364.188842773
232.000000000 364.188842773
231.000000000 364.188842773
230.000000000 364.188842773
229.000000000 364.188842773
228.000000000 364.188842773
227.000000000 364.188842773
226.000000000 364.188842773
225.000000000 382.151580811
224.000000000 382.151580811
223.000000000 382.151580811
222.000000000 382.151580811
221.000000000 382.151580811
220.000000000 382.151580811
219.000000000 382.151580811
218.000000000 382.151580811
217.000000000 382.151580811
216.000000000 382.151580811
215.000000000 401.012817383
214.000000000 401.012817383
213.000000000 401.012817383
212.000000000 401.012817383
211.000000000 401.012817383
210.000000000 421.164428711
209.000000000 421.164428711
208.000000000 421.164428711
207.000000000 421.164428711
206.000000000 443.515533447
205.000000000 443.515533447
204.000000000 443.515533447
203.000000000 465.601745605
202.000000000 465.601745605
201.000000000 465.601745605
200.000000000 493.980224609
199.000000000 493.980224609
198.000000000 493.980224609
197.000000000 517.347351074
196.000000000 517.347351074
195.000000000 517.347351074
194.000000000 517.347351074
193.000000000 517.347351074
192.000000000 542.680480957
191.000000000 542.680480957
190.000000000 542.680480957
