250.000000000 345.433502197
249.000000000 345.433502197
248.000000000 345.433502197
247.000000000 345.433502197
246.000000000 345.433502197
245.000000000 345.433502197
244.000000000 345.433502197
243.000000000 345.433502197
242.000000000 345.433502197
241.000000000 345.433502197
240.000000000 345.433502197
239.000000000 345.433502197
238.000000000 345.433502197
237.000000000 345.433502197
236.000000000 345.433502197
235.000000000 363.617858887
234.000000000 363.617858887
233.000000000 363.617858887
232.000000000 363.617858887
231.000000000 363.617858887
230.000000000 363.617858887
229.000000000 363.617858887
228.000000000 363.617858887
227.000000000 363.617858887
226.000000000 363.617858887
225.000000000 363.617858887
224.000000000 363.617858887
223.000000000 382.905731201
222.000000000 382.905731201
221.000000000 382.905731201
220.000000000 382.905731201
219.000000000 382.905731201
218.000000000 382.905731201
217.000000000 382.905731201
216.000000000 382.905731201
215.000000000 404.565002441
214.000000000 404.565002441
213.000000000 404.565002441
212.000000000 404.565002441
211.000000000 404.565002441
210.000000000 427.624755859
209.000000000 427.624755859
208.000000000 427.624755859
207.000000000 450.118438721
206.000000000 450.118438721
205.000000000 450.118438721
204.000000000 450.118438721
203.000000000 450.118438721
202.000000000 475.216156006
201.000000000 475.216156006
200.000000000 475.216156006
199.000000000 499.075195312
198.000000000 499.075195312
197.000000000 499.075195312
196.000000000 499.075195312
195.000000000 499.075195312
194.000000000 499.075195312
193.000000000 499.075195312
192.000000000 499.075195312
191.000000000 523.629577637
190.000000000 523.629577637
