250.000000000 0.439026565
249.000000000 0.250117789
248.000000000 0.340124413
247.000000000 0.368572634
246.000000000 0.408839347
245.000000000 0.258836670
244.000000000 -0.101141808
243.000000000 -0.210172259
242.000000000 -0.368941287
241.000000000 -0.829635104
240.000000000 -0.586972578
239.000000000 -1.056955127
238.000000000 -1.327398295
237.000000000 -1.561935952
236.000000000 -2.304161331
235.000000000 -3.286546465
234.000000000 -3.276055741
233.000000000 -4.193692537
232.000000000 -4.726464183
231.000000000 -5.770145187
230.000000000 -5.784824100
229.000000000 -6.630906218
228.000000000 -6.963496042
227.000000000 -8.005104294
226.000000000 -8.699546948
225.000000000 -9.158696978
224.000000000 -9.910898983
223.000000000 -10.228521651
222.000000000 -10.105568802
221.000000000 -10.738292293
220.000000000 -11.495620600
219.000000000 -10.933067359
218.000000000 -11.151773452
217.000000000 -11.127035823
216.000000000 -11.019396674
215.000000000 -11.059184503
214.000000000 -10.843585115
213.000000000 -11.167079274
212.000000000 -11.782307281
211.000000000 -12.080371887
210.000000000 -11.059769318
209.000000000 -11.223233721
208.000000000 -11.318753272
207.000000000 -10.646025343
206.000000000 -9.768550163
205.000000000 -7.489221783
204.000000000 -7.309960464
203.000000000 -4.578133949
202.000000000 -1.918302519
201.000000000 0.429162912
200.000000000 3.795394011
199.000000000 5.564929579
198.000000000 8.704577022
197.000000000 12.189896194
196.000000000 13.412315125
195.000000000 13.817171104
194.000000000 14.175049308
193.000000000 13.676490644
192.000000000 11.555615239
191.000000000 9.379544448
190.000000000 9.613658818
