250.000000000 0.717714841
249.000000000 0.641863794
248.000000000 0.737855572
247.000000000 0.751811961
246.000000000 0.299248844
245.000000000 0.252665347
244.000000000 0.354794812
243.000000000 -0.098764372
242.000000000 -0.134688234
241.000000000 -0.356640485
240.000000000 -0.321277872
239.000000000 -0.739797420
238.000000000 -0.805632922
237.000000000 -0.967325377
236.000000000 -1.437001710
235.000000000 -1.823125188
234.000000000 -2.391560228
233.000000000 -2.380277826
232.000000000 -2.553883765
231.000000000 -2.972078428
230.000000000 -3.721695002
229.000000000 -3.267869552
228.000000000 -3.218748974
227.000000000 -4.143519522
226.000000000 -4.349579404
225.000000000 -4.626819047
224.000000000 -5.202339243
223.000000000 -5.793736647
222.000000000 -6.131129961
221.000000000 -6.032156117
220.000000000 -5.836707446
219.000000000 -6.245187981
218.000000000 -6.478435679
217.000000000 -6.505769550
216.000000000 -7.112139190
215.000000000 -7.397734134
214.000000000 -6.828708697
213.000000000 -7.961932497
212.000000000 -6.990674848
211.000000000 -8.225940128
210.000000000 -8.606662752
209.000000000 -8.968757212
208.000000000 -9.318059864
207.000000000 -10.268796455
206.000000000 -10.199695454
205.000000000 -10.245417171
204.000000000 -10.427624528
203.000000000 -9.505399821
202.000000000 -10.430973420
201.000000000 -10.199331218
200.000000000 -8.907966399
199.000000000 -7.858357659
198.000000000 -7.631121792
197.000000000 -5.583693741
196.000000000 -6.109916520
195.000000000 -4.808308901
194.000000000 -5.209045081
193.000000000 -4.449913271
192.000000000 -2.532294013
191.000000000 -2.554382926
190.000000000 -3.215856161
