250.000000000 0.991624803
249.000000000 0.517894585
248.000000000 0.698770343
247.000000000 0.705104027
246.000000000 0.604368936
245.000000000 0.213036314
244.000000000 0.132486212
243.000000000 0.278227666
242.000000000 0.127652095
241.000000000 -0.439070671
240.000000000 -0.223086339
239.000000000 -0.400430776
238.000000000 -0.791412826
237.000000000 -0.914453316
236.000000000 -1.658549040
235.000000000 -1.629970705
234.000000000 -1.693939592
233.000000000 -2.603907091
232.000000000 -2.520872179
231.000000000 -3.037738246
230.000000000 -2.890706120
229.000000000 -3.646608128
228.000000000 -3.876698600
227.000000000 -4.448332727
226.000000000 -4.582405729
225.000000000 -4.560439124
224.000000000 -4.697390129
223.000000000 -5.690953499
222.000000000 -5.291535515
221.000000000 -5.878126552
220.000000000 -5.888579551
219.000000000 -6.148476321
218.000000000 -6.205515609
217.000000000 -7.068842050
216.000000000 -6.798591738
215.000000000 -6.970174155
214.000000000 -7.619804032
213.000000000 -8.312640253
212.000000000 -8.100517837
211.000000000 -8.233856510
210.000000000 -8.460115835
209.000000000 -9.251850836
208.000000000 -10.070664339
207.000000000 -10.498011219
206.000000000 -10.271109414
205.000000000 -10.879233619
204.000000000 -10.558235247
203.000000000 -11.337717841
202.000000000 -10.710964247
201.000000000 -10.690291329
200.000000000 -10.188964511
199.000000000 -9.335499984
198.000000000 -8.239268354
197.000000000 -7.339481957
196.000000000 -6.664383545
195.000000000 -7.453557123
194.000000000 -5.829540175
193.000000000 -4.908582707
192.000000000 -5.417691418
191.000000000 -3.992876917
190.000000000 -4.594309122
