250.000000000 0.799763667
249.000000000 0.491426730
248.000000000 0.610585715
247.000000000 0.383671822
246.000000000 0.390082727
245.000000000 0.566707698
244.000000000 -0.130734556
243.000000000 -0.047919379
242.000000000 -0.405779370
241.000000000 0.120184094
240.000000000 -0.658901918
239.000000000 -0.749794530
238.000000000 -1.255972908
237.000000000 -1.535406120
236.000000000 -1.988311474
235.000000000 -2.341322979
234.000000000 -2.577836129
233.000000000 -2.961284122
232.000000000 -3.860993447
231.000000000 -3.868985367
230.000000000 -4.537205655
229.000000000 -4.810281342
228.000000000 -4.993160476
227.000000000 -5.538768675
226.000000000 -5.911941594
225.000000000 -6.336375766
224.000000000 -6.547096722
223.000000000 -7.311351026
222.000000000 -7.664796064
221.000000000 -7.714337069
220.000000000 -7.961040807
219.000000000 -8.258574782
218.000000000 -8.282272595
217.000000000 -8.162692838
216.000000000 -8.301643286
215.000000000 -8.832684174
214.000000000 -8.831697141
213.000000000 -8.327247699
212.000000000 -9.529442548
211.000000000 -9.519255870
210.000000000 -9.155047364
209.000000000 -9.186526556
208.000000000 -9.961795108
207.000000000 -9.263509353
206.000000000 -9.145793699
205.000000000 -8.644614271
204.000000000 -7.531384660
203.000000000 -6.590006794
202.000000000 -6.871313593
201.000000000 -4.502924424
200.000000000 -4.095188816
199.000000000 -2.511076450
198.000000000 -1.363390096
197.000000000 0.579756116
196.000000000 2.196782294
195.000000000 2.727760079
194.000000000 4.128959191
193.000000000 4.623725259
192.000000000 4.405047191
191.000000000 2.894739920
190.000000000 2.487474711
