250.000000000 0.618955312
249.000000000 0.723107224
248.000000000 0.131906442
247.000000000 0.521995122
246.000000000 0.466635966
245.000000000 0.074425049
244.000000000 0.042535691
243.000000000 -0.218756847
242.000000000 0.030305421
241.000000000 -0.475614435
240.000000000 -1.062257471
239.000000000 -1.239844378
238.000000000 -1.067894126
237.000000000 -1.620954084
236.000000000 -2.016907176
235.000000000 -2.994820098
234.000000000 -2.963962736
233.000000000 -3.364250559
232.000000000 -3.842843382
231.000000000 -4.462119469
230.000000000 -4.936561826
229.000000000 -5.924662032
228.000000000 -6.401175608
227.000000000 -6.487073603
226.000000000 -7.482062105
225.000000000 -7.719847989
224.000000000 -7.720309444
223.000000000 -8.535147522
222.000000000 -8.352922137
221.000000000 -8.915597045
220.000000000 -8.834289102
219.000000000 -8.917378431
218.000000000 -8.743711759
217.000000000 -9.416563348
216.000000000 -9.286300968
215.000000000 -9.233563913
214.000000000 -9.550217132
213.000000000 -10.173656079
212.000000000 -10.052001783
211.000000000 -10.739153440
210.000000000 -10.396434563
209.000000000 -10.473317200
208.000000000 -10.762531813
207.000000000 -10.908471196
206.000000000 -10.318467880
205.000000000 -9.628390642
204.000000000 -8.006583848
203.000000000 -6.494385442
202.000000000 -4.927890133
201.000000000 -2.950867817
200.000000000 -1.096035931
199.000000000 1.428282120
198.000000000 2.303967715
197.000000000 4.680625922
196.000000000 6.109402019
195.000000000 5.376232919
194.000000000 6.541723764
193.000000000 7.684881966
192.000000000 6.883718575
191.000000000 5.877721660
190.000000000 5.620858303
