250.000000000 0.584192882
249.000000000 1.128105229
248.000000000 0.410338191
247.000000000 0.400161769
246.000000000 0.401851877
245.000000000 0.549943015
244.000000000 0.182833229
243.000000000 -0.292386763
242.000000000 -0.036769669
241.000000000 -0.088393951
240.000000000 -0.487099146
239.000000000 -0.379471428
238.000000000 -0.500319045
237.000000000 -0.792016588
236.000000000 -1.285377664
235.000000000 -1.328717739
234.000000000 -1.853403280
233.000000000 -2.092344189
232.000000000 -2.832360134
231.000000000 -2.798311816
230.000000000 -3.067065870
229.000000000 -3.212768195
228.000000000 -3.545570252
227.000000000 -3.765993525
226.000000000 -4.282072115
225.000000000 -4.112545700
224.000000000 -4.909461943
223.000000000 -5.365421908
222.000000000 -5.784735347
221.000000000 -5.641011596
220.000000000 -5.599478389
219.000000000 -5.784480156
218.000000000 -6.264440373
217.000000000 -6.150993121
216.000000000 -6.860826562
215.000000000 -6.814503116
214.000000000 -6.909655906
213.000000000 -7.217986838
212.000000000 -7.929526185
211.000000000 -8.071497304
210.000000000 -9.296091011
209.000000000 -9.463241739
208.000000000 -9.773358867
207.000000000 -10.020145545
206.000000000 -11.081086431
205.000000000 -10.602208570
204.000000000 -10.417224813
203.000000000 -11.353051796
202.000000000 -10.767162855
201.000000000 -10.511570394
200.000000000 -10.885067057
199.000000000 -9.171051456
198.000000000 -9.827621201
197.000000000 -8.480136007
196.000000000 -7.318597059
195.000000000 -6.119417784
194.000000000 -6.974747097
193.000000000 -4.197800160
192.000000000 -5.461595592
191.000000000 -3.413907445
190.000000000 -2.370502959
