250.000000000 0.650644766
249.000000000 0.411624132
248.000000000 0.594833681
247.000000000 0.605825852
246.000000000 0.252884862
245.000000000 -0.081464298
244.000000000 0.141878804
243.000000000 -0.639851853
242.000000000 -0.556822774
241.000000000 -0.747035510
240.000000000 -0.778550305
239.000000000 -1.247600487
238.000000000 -1.572211292
237.000000000 -2.198141457
236.000000000 -2.717749505
235.000000000 -2.838339736
234.000000000 -3.278092510
233.000000000 -4.673717546
232.000000000 -4.961443497
231.000000000 -5.781764833
230.000000000 -6.313978772
229.000000000 -6.727372152
228.000000000 -8.003846876
227.000000000 -8.518228680
226.000000000 -9.214628981
225.000000000 -9.612859706
224.000000000 -10.088696254
223.000000000 -11.006795562
222.000000000 -11.186138155
221.000000000 -11.299664509
220.000000000 -11.531199285
219.000000000 -11.938326097
218.000000000 -11.375600351
217.000000000 -11.504179283
216.000000000 -11.287016254
215.000000000 -12.012650834
214.000000000 -11.706050560
213.000000000 -11.709311154
212.000000000 -11.671351289
211.000000000 -11.313986093
210.000000000 -12.687386572
209.000000000 -11.926273517
208.000000000 -11.612345342
207.000000000 -11.520447602
206.000000000 -10.703628595
205.000000000 -8.508768160
204.000000000 -6.323434881
203.000000000 -5.108332219
202.000000000 -2.580740434
201.000000000 0.387595959
200.000000000 4.436436242
199.000000000 7.259482400
198.000000000 10.411213021
197.000000000 11.525828212
196.000000000 13.245037795
195.000000000 15.885044607
194.000000000 14.236482477
193.000000000 14.168129880
192.000000000 15.244511364
191.000000000 10.836963098
190.000000000 7.935762781
