250.000000000 0.663720504
249.000000000 0.519470260
248.000000000 0.202706714
247.000000000 0.177869377
246.000000000 0.353984312
245.000000000 0.223154354
244.000000000 -0.240743922
243.000000000 -0.387645077
242.000000000 -0.306628610
241.000000000 -0.625446140
240.000000000 -0.561839900
239.000000000 -0.994962046
238.000000000 -1.417187560
237.000000000 -1.778839422
236.000000000 -2.456253567
235.000000000 -2.978289115
234.000000000 -3.457934159
233.000000000 -3.858663421
232.000000000 -4.521911180
231.000000000 -5.380480527
230.000000000 -5.875188735
229.000000000 -6.111928682
228.000000000 -6.925654108
227.000000000 -7.673135495
226.000000000 -7.980897144
225.000000000 -8.714015061
224.000000000 -9.194311467
223.000000000 -9.903946037
222.000000000 -9.927929545
221.000000000 -10.308089182
220.000000000 -10.110152420
219.000000000 -10.173621241
218.000000000 -10.398091221
217.000000000 -11.115047951
216.000000000 -10.317584493
215.000000000 -10.895282769
214.000000000 -10.182419494
213.000000000 -10.740204707
212.000000000 -10.543372431
211.000000000 -11.088929339
210.000000000 -11.566546959
209.000000000 -11.754144832
208.000000000 -11.611459791
207.000000000 -10.319298470
206.000000000 -9.674079770
205.000000000 -8.482973938
204.000000000 -7.166208931
203.000000000 -5.423803361
202.000000000 -2.887064758
201.000000000 -0.349356852
200.000000000 1.977875340
199.000000000 4.231654236
198.000000000 7.906088260
197.000000000 8.962416218
196.000000000 9.327014469
195.000000000 10.889923422
194.000000000 10.915034458
193.000000000 9.781795585
192.000000000 9.673974974
191.000000000 8.012476179
190.000000000 7.899753614
