250.000000000 0.846307853
249.000000000 0.810329387
248.000000000 0.752986108
247.000000000 0.486187628
246.000000000 0.432385462
245.000000000 0.467622311
244.000000000 0.105225261
243.000000000 0.264343470
242.000000000 -0.424855214
241.000000000 -0.286428767
240.000000000 -0.694497965
239.000000000 -1.140292398
238.000000000 -0.803029786
237.000000000 -1.352309146
236.000000000 -1.972930734
235.000000000 -2.287556218
234.000000000 -2.630677893
233.000000000 -3.113924581
232.000000000 -3.707385366
231.000000000 -3.934745087
230.000000000 -4.389394498
229.000000000 -4.777981119
228.000000000 -5.089338487
227.000000000 -5.438340467
226.000000000 -5.017253750
225.000000000 -5.987132859
224.000000000 -6.854763142
223.000000000 -7.375808629
222.000000000 -6.917915500
221.000000000 -7.199689787
220.000000000 -7.776419671
219.000000000 -7.733774244
218.000000000 -7.642881004
217.000000000 -8.211755825
216.000000000 -7.960688239
215.000000000 -8.338624346
214.000000000 -9.003991250
213.000000000 -8.806245368
212.000000000 -9.497029512
211.000000000 -9.091128039
210.000000000 -8.831513944
209.000000000 -9.646014399
208.000000000 -9.244710129
207.000000000 -8.887808876
206.000000000 -9.262263871
205.000000000 -8.455571961
204.000000000 -8.381633510
203.000000000 -7.880927380
202.000000000 -6.366282324
201.000000000 -6.588050750
200.000000000 -4.548613419
199.000000000 -2.390548383
198.000000000 -0.899750184
197.000000000 0.613739407
196.000000000 2.163826171
195.000000000 2.526858157
194.000000000 2.880437414
193.000000000 2.993273118
192.000000000 2.441443094
191.000000000 3.101507469
190.000000000 3.913490614
