250.000000000 0.556554808
249.000000000 0.362852020
248.000000000 0.459927857
247.000000000 0.169419120
246.000000000 0.119197801
245.000000000 0.229963211
244.000000000 0.157283725
243.000000000 -0.176686353
242.000000000 -0.319502488
241.000000000 -0.423270362
240.000000000 -0.782188698
239.000000000 -1.381192472
238.000000000 -1.618302995
237.000000000 -2.138865151
236.000000000 -2.295699046
235.000000000 -2.813559426
234.000000000 -3.283438897
233.000000000 -3.754503329
232.000000000 -4.104698496
231.000000000 -4.972226739
230.000000000 -5.547051344
229.000000000 -5.974877531
228.000000000 -5.941014054
227.000000000 -6.965842369
226.000000000 -7.763353037
225.000000000 -8.360131293
224.000000000 -8.464801476
223.000000000 -8.725720707
222.000000000 -9.102763400
221.000000000 -9.325529530
220.000000000 -9.516448758
219.000000000 -9.012186619
218.000000000 -9.812656417
217.000000000 -9.721118351
216.000000000 -9.723415267
215.000000000 -10.246270372
214.000000000 -9.811376809
213.000000000 -10.081977114
212.000000000 -10.446398076
211.000000000 -10.536612189
210.000000000 -10.754891764
209.000000000 -11.117849294
208.000000000 -10.192671585
207.000000000 -10.695949473
206.000000000 -9.289063136
205.000000000 -8.601793887
204.000000000 -8.731220571
203.000000000 -6.183163322
202.000000000 -4.785923259
201.000000000 -2.630960281
200.000000000 -1.621325913
199.000000000 1.495517139
198.000000000 4.767940399
197.000000000 6.586462797
196.000000000 8.211924748
195.000000000 7.880473864
194.000000000 8.734768764
193.000000000 8.944430302
192.000000000 9.330986577
191.000000000 6.791538483
190.000000000 6.404636756
