250.000000000 0.436940615
249.000000000 0.683329588
248.000000000 0.424216455
247.000000000 0.651973045
246.000000000 0.258136679
245.000000000 0.257766472
244.000000000 0.358865478
243.000000000 0.083946905
242.000000000 -0.396531906
241.000000000 -0.293511032
240.000000000 -0.467764183
239.000000000 -0.631289700
238.000000000 -0.856917122
237.000000000 -1.121200135
236.000000000 -1.419408199
235.000000000 -1.948596483
234.000000000 -1.994127980
233.000000000 -2.502184796
232.000000000 -3.069818528
231.000000000 -3.113991503
230.000000000 -3.796456220
229.000000000 -3.931630142
228.000000000 -4.238315917
227.000000000 -4.773416785
226.000000000 -5.017235007
225.000000000 -4.873635627
224.000000000 -5.955047334
223.000000000 -6.004839299
222.000000000 -6.305574412
221.000000000 -6.939937197
220.000000000 -6.587764640
219.000000000 -6.563032044
218.000000000 -7.086022293
217.000000000 -7.438432819
216.000000000 -7.441065115
215.000000000 -7.712242090
214.000000000 -8.201662499
213.000000000 -7.364836863
212.000000000 -7.878937372
211.000000000 -8.949121151
210.000000000 -8.850351790
209.000000000 -8.764445463
208.000000000 -9.760303020
207.000000000 -8.915263567
206.000000000 -10.014753902
205.000000000 -9.341789738
204.000000000 -9.794853583
203.000000000 -9.862200211
202.000000000 -10.330316363
201.000000000 -9.867305759
200.000000000 -7.737072016
199.000000000 -7.940660943
198.000000000 -5.691125313
197.000000000 -5.649297723
196.000000000 -5.087469805
195.000000000 -3.402594189
194.000000000 -3.479963487
193.000000000 -2.656915249
192.000000000 -2.688963682
191.000000000 -1.932591583
190.000000000 -1.525331840
