250.000000000 0.729388872
249.000000000 0.748221432
248.000000000 0.571366753
247.000000000 0.569122168
246.000000000 0.107013807
245.000000000 0.408896087
244.000000000 0.324027388
243.000000000 0.233012161
242.000000000 -0.078080956
241.000000000 0.102737318
240.000000000 -0.395109877
239.000000000 -0.225796135
238.000000000 -0.808388976
237.000000000 -0.607073361
236.000000000 -1.100704758
235.000000000 -1.388601330
234.000000000 -1.854003428
233.000000000 -2.528284845
232.000000000 -2.432773988
231.000000000 -2.549370783
230.000000000 -3.088357241
229.000000000 -3.031952166
228.000000000 -3.300111780
227.000000000 -3.556774666
226.000000000 -4.784107466
225.000000000 -4.699487053
224.000000000 -4.522028837
223.000000000 -5.160699728
222.000000000 -5.452261456
221.000000000 -5.022740990
220.000000000 -5.540676169
219.000000000 -6.015979022
218.000000000 -5.990284980
217.000000000 -6.193336259
216.000000000 -6.450014163
215.000000000 -7.552329998
214.000000000 -7.351352577
213.000000000 -7.642712756
212.000000000 -7.781383931
211.000000000 -7.923411406
210.000000000 -9.251655330
209.000000000 -9.248204898
208.000000000 -9.331969217
207.000000000 -9.796868370
206.000000000 -10.325729346
205.000000000 -10.359375496
204.000000000 -11.409768548
203.000000000 -11.636926959
202.000000000 -11.253782841
201.000000000 -10.645980079
200.000000000 -10.314210376
199.000000000 -10.407445959
198.000000000 -9.366910417
197.000000000 -8.915026670
196.000000000 -8.581807505
195.000000000 -6.380438180
194.000000000 -5.008536081
193.000000000 -5.263811801
192.000000000 -5.200556371
191.000000000 -3.742377895
190.000000000 -4.716874350
