250.000000000 0.759882774
249.000000000 0.651574798
248.000000000 0.576074488
247.000000000 0.313112279
246.000000000 0.357313109
245.000000000 0.599699568
244.000000000 0.550860765
243.000000000 0.096230141
242.000000000 -0.203974470
241.000000000 -0.110189361
240.000000000 -0.117387002
239.000000000 -0.456584725
238.000000000 -0.822547731
237.000000000 -0.975106267
236.000000000 -1.343777814
235.000000000 -1.339218336
234.000000000 -2.406493035
233.000000000 -2.137882792
232.000000000 -2.724302799
231.000000000 -2.979399254
230.000000000 -3.210186041
229.000000000 -3.679916426
228.000000000 -3.839792794
227.000000000 -3.722328579
226.000000000 -4.195191354
225.000000000 -4.442704147
224.000000000 -5.149814922
223.000000000 -5.681591397
222.000000000 -5.539895621
221.000000000 -5.626294182
220.000000000 -6.243625844
219.000000000 -6.393672140
218.000000000 -6.174355275
217.000000000 -6.444693585
216.000000000 -6.448549826
215.000000000 -6.863929511
214.000000000 -7.798766598
213.000000000 -7.330330894
212.000000000 -7.489954243
211.000000000 -7.951055351
210.000000000 -8.900364841
209.000000000 -8.973385564
208.000000000 -9.759662491
207.000000000 -9.223010452
206.000000000 -10.793431382
205.000000000 -9.955741259
204.000000000 -10.331703340
203.000000000 -10.580157065
202.000000000 -11.292859601
201.000000000 -9.241299826
200.000000000 -9.456445220
199.000000000 -9.389250286
198.000000000 -7.980562166
197.000000000 -7.311369107
196.000000000 -8.678270858
195.000000000 -6.033802283
194.000000000 -5.528384300
193.000000000 -5.198426638
192.000000000 -4.137551857
191.000000000 -3.661516351
190.000000000 -2.539506661
