250.000000000 0.807306764
249.000000000 0.387072025
248.000000000 0.280738501
247.000000000 0.502722660
246.000000000 0.199716982
245.000000000 0.225048906
244.000000000 0.026916562
243.000000000 -0.105115213
242.000000000 -0.392074684
241.000000000 -0.759067337
240.000000000 -0.547361036
239.000000000 -0.943265856
238.000000000 -1.877038821
237.000000000 -1.631204878
236.000000000 -2.010286600
235.000000000 -2.702494715
234.000000000 -3.493930935
233.000000000 -3.856900380
232.000000000 -4.074727317
231.000000000 -4.663880069
230.000000000 -5.499944890
229.000000000 -5.672113401
228.000000000 -6.024473940
227.000000000 -6.609838398
226.000000000 -7.300579265
225.000000000 -7.458289293
224.000000000 -8.406026883
223.000000000 -8.655878624
222.000000000 -8.638102465
221.000000000 -9.287474226
220.000000000 -9.175907043
219.000000000 -9.272606353
218.000000000 -9.106520569
217.000000000 -9.742997360
216.000000000 -9.861482178
215.000000000 -10.568763739
214.000000000 -9.828664117
213.000000000 -9.914963885
212.000000000 -9.234305067
211.000000000 -10.307436748
210.000000000 -10.627919445
209.000000000 -11.090864529
208.000000000 -10.482031458
207.000000000 -10.141639488
206.000000000 -9.738788752
205.000000000 -9.189246067
204.000000000 -8.268367890
203.000000000 -6.916629411
202.000000000 -4.409576444
201.000000000 -3.092261350
200.000000000 -0.492499766
199.000000000 2.258347508
198.000000000 4.859433966
197.000000000 6.482115558
196.000000000 7.517859217
195.000000000 8.036115239
194.000000000 6.655814218
193.000000000 6.701476034
192.000000000 8.863189523
191.000000000 6.009447862
190.000000000 6.888937466
