250.000000000 0.757608731
249.000000000 0.897413685
248.000000000 0.786796308
247.000000000 0.718439288
246.000000000 0.498896399
245.000000000 -0.226267946
244.000000000 -0.031195061
243.000000000 -0.087470786
242.000000000 -0.072686665
241.000000000 -0.530436173
240.000000000 -0.412158440
239.000000000 -0.502053642
238.000000000 -0.910115398
237.000000000 -0.877703036
236.000000000 -1.440911180
235.000000000 -1.756818636
234.000000000 -2.042528706
233.000000000 -2.623928828
232.000000000 -2.796275669
231.000000000 -3.526671636
230.000000000 -3.427446859
229.000000000 -4.095435182
228.000000000 -4.356088907
227.000000000 -4.470303624
226.000000000 -4.729606626
225.000000000 -4.921906422
224.000000000 -5.642917370
223.000000000 -5.380063257
222.000000000 -6.609525765
221.000000000 -6.260471370
220.000000000 -6.645364176
219.000000000 -6.314435811
218.000000000 -7.385993019
217.000000000 -7.035215011
216.000000000 -7.326186678
215.000000000 -7.055235812
214.000000000 -7.300542996
213.000000000 -7.853341203
212.000000000 -8.054267874
211.000000000 -8.577547559
210.000000000 -8.621327807
209.000000000 -8.878150539
208.000000000 -9.292736403
207.000000000 -10.446901985
206.000000000 -9.800686393
205.000000000 -10.388745765
204.000000000 -9.086490830
203.000000000 -10.222015062
202.000000000 -8.321361738
201.000000000 -8.615426632
200.000000000 -8.728221807
199.000000000 -7.545749280
198.000000000 -6.780871751
197.000000000 -6.220098464
196.000000000 -3.053377118
195.000000000 -2.899961457
194.000000000 -2.577846766
193.000000000 -1.854795683
192.000000000 -1.929517488
191.000000000 -0.264416419
190.000000000 1.358487076
