250.000000000 0.306556085
249.000000000 0.514301391
248.000000000 0.544952392
247.000000000 0.478671427
246.000000000 0.440254858
245.000000000 0.144004823
244.000000000 -0.157336422
243.000000000 -0.126561187
242.000000000 -0.642242148
241.000000000 -0.835451851
240.000000000 -0.950495906
239.000000000 -1.239483243
238.000000000 -1.363467028
237.000000000 -2.059651417
236.000000000 -2.259873292
235.000000000 -2.856154621
234.000000000 -3.307932915
233.000000000 -4.129524082
232.000000000 -4.953562199
231.000000000 -5.585556848
230.000000000 -5.988756456
229.000000000 -6.658912488
228.000000000 -7.410959631
227.000000000 -7.615922916
226.000000000 -8.514694373
225.000000000 -9.099870244
224.000000000 -9.854971307
223.000000000 -9.718700602
222.000000000 -10.191088336
221.000000000 -10.327664917
220.000000000 -10.499638409
219.000000000 -10.719341461
218.000000000 -10.076702386
217.000000000 -10.603953173
216.000000000 -10.309379713
215.000000000 -10.347773366
214.000000000 -10.510611086
213.000000000 -11.045614470
212.000000000 -11.760412457
211.000000000 -10.887512798
210.000000000 -10.969869369
209.000000000 -11.184385666
208.000000000 -10.977192892
207.000000000 -10.911401176
206.000000000 -8.861943286
205.000000000 -9.233036485
204.000000000 -6.745361780
203.000000000 -5.033243183
202.000000000 -2.949333676
201.000000000 -1.085055368
200.000000000 1.296292707
199.000000000 4.244867933
198.000000000 9.609990104
197.000000000 10.158123446
196.000000000 10.984119398
195.000000000 12.977864642
194.000000000 12.218290328
193.000000000 12.271416539
192.000000000 10.833545772
191.000000000 10.420587845
190.000000000 8.419566006
