250.000000000 0.329549330
249.000000000 0.876329003
248.000000000 0.584763061
247.000000000 0.810659956
246.000000000 0.321993503
245.000000000 0.170829550
244.000000000 -0.184968352
243.000000000 -0.009903240
242.000000000 -0.154571050
241.000000000 -0.228839692
240.000000000 -0.718976979
239.000000000 -1.103382030
238.000000000 -1.183395890
237.000000000 -1.967976300
236.000000000 -2.172685748
235.000000000 -2.908403325
234.000000000 -3.444451074
233.000000000 -3.812698284
232.000000000 -4.806331374
231.000000000 -5.132204465
230.000000000 -5.451359759
229.000000000 -5.765377006
228.000000000 -6.089173917
227.000000000 -7.287418633
226.000000000 -7.505926003
225.000000000 -8.116960662
224.000000000 -8.587567977
223.000000000 -9.106279933
222.000000000 -9.017621578
221.000000000 -9.129153673
220.000000000 -9.721590452
219.000000000 -9.729125679
218.000000000 -9.431831199
217.000000000 -9.740463111
216.000000000 -10.169530641
215.000000000 -10.661120207
214.000000000 -10.198189793
213.000000000 -10.447379285
212.000000000 -9.914901618
211.000000000 -10.886889906
210.000000000 -10.954270753
209.000000000 -10.843112068
208.000000000 -11.055144706
207.000000000 -10.297404835
206.000000000 -10.121462870
205.000000000 -9.017540400
204.000000000 -7.560147187
203.000000000 -6.388878911
202.000000000 -5.459686460
201.000000000 -2.280286330
200.000000000 -0.858401181
199.000000000 1.827764992
198.000000000 5.029871078
197.000000000 5.854701915
196.000000000 7.373961408
195.000000000 8.522604204
194.000000000 9.230814894
193.000000000 10.740050117
192.000000000 8.460981776
191.000000000 6.432643176
190.000000000 7.430567654
