250.000000000 0.677388541
249.000000000 0.849470729
248.000000000 0.655554753
247.000000000 0.633086831
246.000000000 0.670739131
245.000000000 0.586446332
244.000000000 0.162372994
243.000000000 0.014141221
242.000000000 0.037155712
241.000000000 -0.514665359
240.000000000 -0.536593451
239.000000000 -0.349717276
238.000000000 -0.974425147
237.000000000 -1.636763551
236.000000000 -1.488828146
235.000000000 -1.845059748
234.000000000 -2.487070613
233.000000000 -2.953725057
232.000000000 -3.017511121
231.000000000 -3.414419050
230.000000000 -3.429510463
229.000000000 -3.493127132
228.000000000 -4.206223954
227.000000000 -4.852486653
226.000000000 -4.985937308
225.000000000 -5.239701891
224.000000000 -6.126113714
223.000000000 -6.700436184
222.000000000 -6.889274268
221.000000000 -6.631941436
220.000000000 -7.073352333
219.000000000 -6.980375747
218.000000000 -7.085245949
217.000000000 -7.404978631
216.000000000 -7.358017915
215.000000000 -7.118243757
214.000000000 -7.932015804
213.000000000 -8.012000399
212.000000000 -8.166273826
211.000000000 -8.320163653
210.000000000 -9.434392376
209.000000000 -9.575698178
208.000000000 -9.656217162
207.000000000 -9.345389081
206.000000000 -9.261881750
205.000000000 -10.185219747
204.000000000 -9.638143712
203.000000000 -9.290781642
202.000000000 -8.506078049
201.000000000 -6.926846584
200.000000000 -7.438984546
199.000000000 -6.556759670
198.000000000 -3.525936399
197.000000000 -3.223437202
196.000000000 -1.366549557
195.000000000 -0.044532060
194.000000000 -0.427439584
193.000000000 0.614598434
192.000000000 1.554812492
191.000000000 -1.728141277
190.000000000 1.767486920
