250.000000000 0.471295894
249.000000000 0.651989261
248.000000000 0.928498245
247.000000000 0.480614278
246.000000000 0.161103505
245.000000000 -0.032769730
244.000000000 -0.043075660
243.000000000 -0.326983080
242.000000000 -0.512377305
241.000000000 -0.570982703
240.000000000 -0.890093720
239.000000000 -1.149167054
238.000000000 -1.099501313
237.000000000 -1.986257980
236.000000000 -2.156008034
235.000000000 -2.499228518
234.000000000 -2.839088691
233.000000000 -3.515307630
232.000000000 -3.927228962
231.000000000 -4.380967724
230.000000000 -4.825551864
229.000000000 -5.218961637
228.000000000 -6.130979975
227.000000000 -6.262269752
226.000000000 -7.093066967
225.000000000 -6.995242074
224.000000000 -7.541881546
223.000000000 -8.033069279
222.000000000 -8.937278668
221.000000000 -8.615599736
220.000000000 -8.619350590
219.000000000 -9.023744586
218.000000000 -8.729656288
217.000000000 -9.058910413
216.000000000 -9.432035134
215.000000000 -9.097368483
214.000000000 -9.381147905
213.000000000 -9.548211219
212.000000000 -9.431388464
211.000000000 -10.295654385
210.000000000 -10.587011372
209.000000000 -10.257381116
208.000000000 -11.369477479
207.000000000 -10.698944510
206.000000000 -9.569165858
205.000000000 -9.502980060
204.000000000 -8.727398007
203.000000000 -7.487249495
202.000000000 -5.785490777
201.000000000 -3.512816020
200.000000000 -2.274242403
199.000000000 -0.153942567
198.000000000 1.765945729
197.000000000 3.705247582
196.000000000 5.902835613
195.000000000 5.756504734
194.000000000 7.106426067
193.000000000 6.347137803
192.000000000 6.752111797
191.000000000 5.845225472
190.000000000 5.609817239
