250.000000000 0.723983214
249.000000000 0.218224012
248.000000000 0.431298650
247.000000000 0.470280728
246.000000000 0.453512794
245.000000000 0.547709768
244.000000000 -0.253475921
243.000000000 0.130209553
242.000000000 0.121096691
241.000000000 -0.239715993
240.000000000 -0.385297722
239.000000000 -0.551793917
238.000000000 -0.516651848
237.000000000 -0.698392713
236.000000000 -0.869262045
235.000000000 -0.986811743
234.000000000 -1.499864607
233.000000000 -1.603704832
232.000000000 -1.874027864
231.000000000 -2.388579019
230.000000000 -2.711579645
229.000000000 -2.876654034
228.000000000 -2.703263443
227.000000000 -3.596035821
226.000000000 -3.562498361
225.000000000 -4.483408513
224.000000000 -4.096139242
223.000000000 -4.393409091
222.000000000 -5.043091655
221.000000000 -5.002925030
220.000000000 -5.037834924
219.000000000 -5.419980775
218.000000000 -5.383713395
217.000000000 -5.486281420
216.000000000 -6.401047859
215.000000000 -6.358917566
214.000000000 -6.806688420
213.000000000 -6.586949312
212.000000000 -7.611434966
211.000000000 -7.780923025
210.000000000 -8.586309657
209.000000000 -8.600311483
208.000000000 -10.639118132
207.000000000 -10.625965503
206.000000000 -11.698941411
205.000000000 -11.472710831
204.000000000 -10.714593397
203.000000000 -11.836982868
202.000000000 -12.233814691
201.000000000 -11.504312959
200.000000000 -11.788919085
199.000000000 -11.056882381
198.000000000 -11.232022008
197.000000000 -10.129591003
196.000000000 -9.279611535
195.000000000 -8.588891319
194.000000000 -7.715860458
193.000000000 -5.581385611
192.000000000 -8.371650458
191.000000000 -6.057502824
190.000000000 -6.200255760
