250.000000000 0.871946691
249.000000000 0.809456487
248.000000000 0.601938451
247.000000000 0.213313301
246.000000000 0.272407331
245.000000000 0.577116271
244.000000000 0.132496782
243.000000000 -0.257017116
242.000000000 0.112740036
241.000000000 -0.243742063
240.000000000 -0.317144890
239.000000000 -0.675877084
238.000000000 -0.530288616
237.000000000 -1.033634545
236.000000000 -1.099486290
235.000000000 -1.267314699
234.000000000 -1.478211588
233.000000000 -1.508775383
232.000000000 -2.262638970
231.000000000 -2.326524890
230.000000000 -2.706913082
229.000000000 -2.580565097
228.000000000 -3.158017693
227.000000000 -3.598035787
226.000000000 -3.465456091
225.000000000 -4.400344892
224.000000000 -4.176831268
223.000000000 -4.638822375
222.000000000 -4.072294335
221.000000000 -5.178743442
220.000000000 -4.905157908
219.000000000 -5.185798335
218.000000000 -5.322955481
217.000000000 -6.211455869
216.000000000 -6.086196977
215.000000000 -6.592662823
214.000000000 -6.712486820
213.000000000 -7.016571767
212.000000000 -7.693889634
211.000000000 -8.281288204
210.000000000 -8.741658024
209.000000000 -9.452429360
208.000000000 -9.324258739
207.000000000 -10.034429144
206.000000000 -12.486145206
205.000000000 -11.307734288
204.000000000 -11.796781661
203.000000000 -11.677073457
202.000000000 -11.823236061
201.000000000 -12.688380810
200.000000000 -12.450840570
199.000000000 -11.258480659
198.000000000 -10.204482147
197.000000000 -10.512679443
196.000000000 -10.294058375
195.000000000 -10.130422093
194.000000000 -8.208365362
193.000000000 -6.997862034
192.000000000 -8.046694990
191.000000000 -5.347025375
190.000000000 -6.359651974
