250.000000000 0.750360361
249.000000000 0.687532451
248.000000000 0.555984970
247.000000000 0.404603397
246.000000000 0.319671129
245.000000000 0.550835101
244.000000000 0.202928052
243.000000000 0.352860848
242.000000000 0.263978737
241.000000000 -0.327185551
240.000000000 -0.561731709
239.000000000 -0.388697876
238.000000000 -0.730059690
237.000000000 -0.603720281
236.000000000 -1.044496707
235.000000000 -1.618931607
234.000000000 -2.117412407
233.000000000 -2.012184508
232.000000000 -2.377504205
231.000000000 -2.100071303
230.000000000 -2.497813205
229.000000000 -3.456703947
228.000000000 -2.839783356
227.000000000 -2.794505955
226.000000000 -3.956742675
225.000000000 -4.280997869
224.000000000 -4.163199394
223.000000000 -4.915076917
222.000000000 -5.059527011
221.000000000 -5.167274544
220.000000000 -6.061624831
219.000000000 -6.018847693
218.000000000 -5.969647436
217.000000000 -5.625288879
216.000000000 -6.064635704
215.000000000 -6.716781180
214.000000000 -6.582091604
213.000000000 -7.133540047
212.000000000 -7.625784970
211.000000000 -8.053454753
210.000000000 -8.870639475
209.000000000 -9.478121899
208.000000000 -9.864176619
207.000000000 -11.271734058
206.000000000 -10.613643600
205.000000000 -10.782065180
204.000000000 -11.103890929
203.000000000 -11.018412006
202.000000000 -12.091428136
201.000000000 -11.606715442
200.000000000 -11.813236116
199.000000000 -10.614890039
198.000000000 -9.915220656
197.000000000 -9.475326721
196.000000000 -8.088372345
195.000000000 -7.638416564
194.000000000 -6.778780427
193.000000000 -7.049328084
192.000000000 -6.009634135
191.000000000 -5.349667336
190.000000000 -5.882716362
