250.000000000 0.404591317
249.000000000 0.876927077
248.000000000 0.461841562
247.000000000 0.366485243
246.000000000 0.295505702
245.000000000 0.242413189
244.000000000 0.103777675
243.000000000 0.396687853
242.000000000 -0.019821202
241.000000000 -0.011668326
240.000000000 -0.109410321
239.000000000 0.066421335
238.000000000 -0.331737558
237.000000000 -0.674545636
236.000000000 -1.221335015
235.000000000 -1.183264504
234.000000000 -1.270507351
233.000000000 -1.738008590
232.000000000 -1.501235620
231.000000000 -2.110009003
230.000000000 -2.500045137
229.000000000 -2.694310501
228.000000000 -3.600734399
227.000000000 -3.189383046
226.000000000 -3.276489768
225.000000000 -3.940860799
224.000000000 -4.505110903
223.000000000 -4.158469124
222.000000000 -4.211787999
221.000000000 -4.532256155
220.000000000 -4.859738505
219.000000000 -5.130437101
218.000000000 -5.219714976
217.000000000 -6.042874472
216.000000000 -5.664194748
215.000000000 -6.280971787
214.000000000 -6.855354180
213.000000000 -6.865463542
212.000000000 -7.039403080
211.000000000 -7.944039731
210.000000000 -8.185085381
209.000000000 -9.254173838
208.000000000 -9.701435324
207.000000000 -10.360909996
206.000000000 -11.079715813
205.000000000 -11.009253686
204.000000000 -11.825588542
203.000000000 -11.983938791
202.000000000 -12.598766516
201.000000000 -11.945391920
200.000000000 -12.458941539
199.000000000 -11.273666283
198.000000000 -12.173384255
197.000000000 -11.533665023
196.000000000 -10.617053028
195.000000000 -11.292635074
194.000000000 -7.962867450
193.000000000 -9.222809000
192.000000000 -7.793766984
191.000000000 -8.611955717
190.000000000 -7.632797416
