250.000000000 0.866057902
249.000000000 0.696034190
248.000000000 0.516287429
247.000000000 0.675699275
246.000000000 0.699034659
245.000000000 0.111489524
244.000000000 -0.079400965
243.000000000 0.040240082
242.000000000 -0.008803985
241.000000000 -0.449542788
240.000000000 -0.220453608
239.000000000 -0.616705123
238.000000000 -1.021422499
237.000000000 -0.663635626
236.000000000 -2.075329542
235.000000000 -1.724764621
234.000000000 -1.959710903
233.000000000 -2.695833670
232.000000000 -2.648245657
231.000000000 -2.915855181
230.000000000 -3.101663689
229.000000000 -3.597618791
228.000000000 -3.686908650
227.000000000 -4.365187985
226.000000000 -3.874529476
225.000000000 -4.428020791
224.000000000 -5.285188008
223.000000000 -5.039779912
222.000000000 -5.810494528
221.000000000 -5.869440840
220.000000000 -6.102387250
219.000000000 -6.152884004
218.000000000 -6.451729745
217.000000000 -7.078531449
216.000000000 -6.914832366
215.000000000 -6.854740120
214.000000000 -7.048984930
213.000000000 -7.378635930
212.000000000 -7.723934570
211.000000000 -8.118898342
210.000000000 -8.560477200
209.000000000 -9.075522841
208.000000000 -9.949444597
207.000000000 -9.700561887
206.000000000 -10.185641507
205.000000000 -10.251270575
204.000000000 -10.800790721
203.000000000 -10.561667522
202.000000000 -10.060979885
201.000000000 -10.679663148
200.000000000 -10.510072533
199.000000000 -8.831994262
198.000000000 -8.007810125
197.000000000 -6.041745335
196.000000000 -7.176071393
195.000000000 -6.731761211
194.000000000 -5.840995723
193.000000000 -5.260564136
192.000000000 -4.831636524
191.000000000 -2.814219678
190.000000000 -2.965616364
