250.000000000 0.607011944
249.000000000 1.027029910
248.000000000 0.119529859
247.000000000 0.173584360
246.000000000 0.503101379
245.000000000 0.032664285
244.000000000 0.160388144
243.000000000 -0.066075025
242.000000000 -0.300409392
241.000000000 -0.243436475
240.000000000 -0.528323096
239.000000000 -1.254740248
238.000000000 -1.202954194
237.000000000 -1.497403019
236.000000000 -2.048214327
235.000000000 -2.227292815
234.000000000 -3.309075909
233.000000000 -3.389848886
232.000000000 -4.305145726
231.000000000 -4.444095983
230.000000000 -4.829201821
229.000000000 -5.338031204
228.000000000 -5.810892393
227.000000000 -5.897150329
226.000000000 -6.646567010
225.000000000 -7.188743669
224.000000000 -7.489375244
223.000000000 -7.900375052
222.000000000 -8.172695069
221.000000000 -8.004719421
220.000000000 -8.503626532
219.000000000 -8.579455678
218.000000000 -9.332154010
217.000000000 -8.806256903
216.000000000 -9.010364538
215.000000000 -9.306468954
214.000000000 -9.264348602
213.000000000 -9.601192951
212.000000000 -9.587903063
211.000000000 -10.029112863
210.000000000 -10.620555748
209.000000000 -10.735161925
208.000000000 -10.270022197
207.000000000 -10.088159659
206.000000000 -10.296664796
205.000000000 -8.834730722
204.000000000 -8.662099897
203.000000000 -7.131392746
202.000000000 -6.453957259
201.000000000 -4.642062074
200.000000000 -2.434439947
199.000000000 -1.451689154
198.000000000 0.359926113
197.000000000 2.633079269
196.000000000 5.859273824
195.000000000 5.286119284
194.000000000 5.790463064
193.000000000 5.278307098
192.000000000 4.740446491
191.000000000 6.797428586
190.000000000 4.758359912
