250.000000000 0.669401546
249.000000000 0.891452979
248.000000000 0.280553316
247.000000000 0.516387302
246.000000000 0.392885677
245.000000000 0.197152101
244.000000000 0.385146937
243.000000000 -0.030771405
242.000000000 -0.187847969
241.000000000 -0.362386200
240.000000000 -0.383178541
239.000000000 -0.695002338
238.000000000 -0.870148294
237.000000000 -0.981676684
236.000000000 -1.118928254
235.000000000 -1.598630371
234.000000000 -1.902965683
233.000000000 -2.202798391
232.000000000 -2.781805507
231.000000000 -2.649139991
230.000000000 -3.461326777
229.000000000 -3.601950944
228.000000000 -4.129308405
227.000000000 -4.088974935
226.000000000 -4.768477501
225.000000000 -4.928868289
224.000000000 -5.583673016
223.000000000 -6.204776786
222.000000000 -5.546049445
221.000000000 -5.682347286
220.000000000 -6.040317794
219.000000000 -6.100200477
218.000000000 -6.605218824
217.000000000 -6.612078291
216.000000000 -7.221858338
215.000000000 -7.180806453
214.000000000 -7.472047461
213.000000000 -7.431309891
212.000000000 -7.811000282
211.000000000 -9.105349385
210.000000000 -8.784638604
209.000000000 -9.450259902
208.000000000 -9.473353575
207.000000000 -10.279274209
206.000000000 -10.849720135
205.000000000 -9.934637252
204.000000000 -10.962572127
203.000000000 -10.258132059
202.000000000 -10.072054528
201.000000000 -9.610779565
200.000000000 -8.627324027
199.000000000 -7.641340356
198.000000000 -8.486060884
197.000000000 -8.309000602
196.000000000 -6.046836071
195.000000000 -5.026677537
194.000000000 -3.857603149
193.000000000 -3.458228807
192.000000000 -3.599134990
191.000000000 -3.171397957
190.000000000 -3.245640875
