250.000000000 0.605746331
249.000000000 0.661713310
248.000000000 0.969697678
247.000000000 0.707236161
246.000000000 0.664419959
245.000000000 0.265672409
244.000000000 0.207882942
243.000000000 0.356193370
242.000000000 -0.086089628
241.000000000 -0.190519440
240.000000000 -0.779172623
239.000000000 -0.684795828
238.000000000 -0.941029286
237.000000000 -1.041371038
236.000000000 -1.318670100
235.000000000 -2.131668945
234.000000000 -2.412465834
233.000000000 -2.719094196
232.000000000 -3.142275663
231.000000000 -3.466383614
230.000000000 -4.049439773
229.000000000 -4.017487821
228.000000000 -4.823860583
227.000000000 -4.922813358
226.000000000 -4.997878730
225.000000000 -5.104318951
224.000000000 -6.031631282
223.000000000 -6.620109504
222.000000000 -6.503015046
221.000000000 -6.585475710
220.000000000 -6.822145171
219.000000000 -7.015383360
218.000000000 -7.286831117
217.000000000 -7.584166271
216.000000000 -7.185854629
215.000000000 -7.776326901
214.000000000 -8.332245643
213.000000000 -8.254249029
212.000000000 -8.947291190
211.000000000 -7.963361500
210.000000000 -8.232730802
209.000000000 -8.903071047
208.000000000 -9.390250267
207.000000000 -9.414613703
206.000000000 -9.162414244
205.000000000 -10.006050991
204.000000000 -9.456324745
203.000000000 -9.248461389
202.000000000 -7.882416954
201.000000000 -5.798572713
200.000000000 -6.623891700
199.000000000 -5.160324711
198.000000000 -4.822318311
197.000000000 -2.843527872
196.000000000 -1.992185094
195.000000000 -0.940769857
194.000000000 -0.305104477
193.000000000 -1.234050347
192.000000000 1.903179299
191.000000000 -1.332454780
190.000000000 1.708760138
