250.000000000 0.397969954
249.000000000 0.898537347
248.000000000 0.727754243
247.000000000 0.814516166
246.000000000 0.396357899
245.000000000 0.448123850
244.000000000 0.271851613
243.000000000 0.423865896
242.000000000 -0.192314349
241.000000000 -0.606424019
240.000000000 -0.383591485
239.000000000 -0.792771317
238.000000000 -0.747679835
237.000000000 -1.122322667
236.000000000 -1.680343959
235.000000000 -2.323528899
234.000000000 -2.572012019
233.000000000 -2.956550976
232.000000000 -3.117920779
231.000000000 -3.185066492
230.000000000 -3.718851278
229.000000000 -3.967638285
228.000000000 -4.326320326
227.000000000 -4.465037941
226.000000000 -4.889531593
225.000000000 -5.665243579
224.000000000 -5.851844213
223.000000000 -6.614484674
222.000000000 -6.745390632
221.000000000 -6.602237543
220.000000000 -7.291474574
219.000000000 -7.633545556
218.000000000 -7.614688667
217.000000000 -7.472223476
216.000000000 -7.497143288
215.000000000 -7.850062770
214.000000000 -8.357060023
213.000000000 -8.372067784
212.000000000 -7.974866941
211.000000000 -8.945254112
210.000000000 -8.456780198
209.000000000 -9.098774038
208.000000000 -9.609179913
207.000000000 -9.404020193
206.000000000 -8.769995932
205.000000000 -9.418655448
204.000000000 -8.870956266
203.000000000 -8.843268104
202.000000000 -8.347761285
201.000000000 -7.789098347
200.000000000 -6.002394194
199.000000000 -5.790236423
198.000000000 -5.315971240
197.000000000 -3.939403415
196.000000000 -2.332129359
195.000000000 -2.289071053
194.000000000 -0.565791931
193.000000000 -0.181581401
192.000000000 0.778368349
191.000000000 0.709106914
190.000000000 -0.464537103
