250.000000000 0.974805785
249.000000000 0.877656351
248.000000000 0.657957437
247.000000000 0.739639386
246.000000000 0.549160792
245.000000000 0.408922794
244.000000000 0.288557815
243.000000000 0.016784450
242.000000000 0.399242271
241.000000000 -0.172503151
240.000000000 -0.457947236
239.000000000 -0.623752302
238.000000000 -0.771188344
237.000000000 -1.064151037
236.000000000 -1.703163016
235.000000000 -2.092818829
234.000000000 -2.587690548
233.000000000 -2.892872236
232.000000000 -2.823453906
231.000000000 -3.708874179
230.000000000 -3.688793118
229.000000000 -4.015885995
228.000000000 -4.560933218
227.000000000 -4.532455146
226.000000000 -5.278768179
225.000000000 -5.588445551
224.000000000 -5.989573050
223.000000000 -6.043909017
222.000000000 -6.884436370
221.000000000 -7.369769800
220.000000000 -6.598577937
219.000000000 -7.003373575
218.000000000 -7.029766631
217.000000000 -7.138174442
216.000000000 -7.128414934
215.000000000 -7.840752823
214.000000000 -8.574457195
213.000000000 -7.993988452
212.000000000 -8.764512644
211.000000000 -7.986356156
210.000000000 -7.923175286
209.000000000 -9.167321331
208.000000000 -9.552252805
207.000000000 -8.954659082
206.000000000 -9.876022042
205.000000000 -9.022353441
204.000000000 -9.135329983
203.000000000 -8.471840133
202.000000000 -9.210039781
201.000000000 -8.219739385
200.000000000 -6.349009530
199.000000000 -5.559258911
198.000000000 -6.210146439
197.000000000 -3.786645637
196.000000000 -3.738531595
195.000000000 -0.501317431
194.000000000 -0.963244085
193.000000000 -1.569179945
192.000000000 -0.303344329
191.000000000 -0.390001366
190.000000000 0.151400639
