250.000000000 0.709041867
249.000000000 0.432145845
248.000000000 0.851840314
247.000000000 0.407989770
246.000000000 0.810937381
245.000000000 0.800278707
244.000000000 0.085060574
243.000000000 -0.114097732
242.000000000 0.116058647
241.000000000 -0.209170758
240.000000000 -0.382959149
239.000000000 -0.442639222
238.000000000 -0.921336757
237.000000000 -1.248855266
236.000000000 -1.206140680
235.000000000 -1.455608797
234.000000000 -1.787895533
233.000000000 -2.175430914
232.000000000 -2.230000469
231.000000000 -2.581509702
230.000000000 -2.948562156
229.000000000 -3.610006908
228.000000000 -3.538444319
227.000000000 -3.783418015
226.000000000 -3.999046032
225.000000000 -4.368104584
224.000000000 -4.182314283
223.000000000 -4.876911392
222.000000000 -5.380968768
221.000000000 -5.285456577
220.000000000 -5.542591357
219.000000000 -6.002657548
218.000000000 -6.190643552
217.000000000 -6.295521067
216.000000000 -6.230094207
215.000000000 -6.385347206
214.000000000 -7.030865120
213.000000000 -7.213322097
212.000000000 -8.383018366
211.000000000 -8.403901483
210.000000000 -8.495520695
209.000000000 -10.021749711
208.000000000 -10.505353185
207.000000000 -10.379946022
206.000000000 -11.121131904
205.000000000 -10.882635561
204.000000000 -11.396997521
203.000000000 -10.818108220
202.000000000 -11.357921632
201.000000000 -11.317144224
200.000000000 -10.645537758
199.000000000 -10.081755518
198.000000000 -9.982229968
197.000000000 -10.551443739
196.000000000 -8.932717951
195.000000000 -7.180142820
194.000000000 -7.417339608
193.000000000 -7.783316010
192.000000000 -4.895641339
191.000000000 -6.464880777
190.000000000 -3.691104067
