250.000000000 0.575348047
249.000000000 0.589803796
248.000000000 0.480413567
247.000000000 0.564357558
246.000000000 0.599788704
245.000000000 0.596327021
244.000000000 0.071258957
243.000000000 0.075682319
242.000000000 -0.180641133
241.000000000 -0.140152630
240.000000000 -0.250484533
239.000000000 -0.480295087
238.000000000 -0.608055869
237.000000000 -0.380671224
236.000000000 -1.043845254
235.000000000 -1.266602406
234.000000000 -1.891909493
233.000000000 -2.279829900
232.000000000 -2.505210025
231.000000000 -2.574051372
230.000000000 -2.452132419
229.000000000 -3.292919778
228.000000000 -3.017170283
227.000000000 -3.451862142
226.000000000 -3.674966662
225.000000000 -4.170687805
224.000000000 -4.357557003
223.000000000 -4.610871665
222.000000000 -4.893381207
221.000000000 -4.752350732
220.000000000 -5.532343240
219.000000000 -5.351805176
218.000000000 -5.655420375
217.000000000 -5.957368232
216.000000000 -6.405576998
215.000000000 -6.517846953
214.000000000 -6.892551278
213.000000000 -7.424743621
212.000000000 -8.055005866
211.000000000 -8.843256209
210.000000000 -9.097810980
209.000000000 -10.002970331
208.000000000 -9.263012236
207.000000000 -10.317557048
206.000000000 -10.566912308
205.000000000 -10.815268733
204.000000000 -12.138175098
203.000000000 -11.668335740
202.000000000 -12.610450677
201.000000000 -11.676752071
200.000000000 -11.417743466
199.000000000 -10.466983724
198.000000000 -10.658509635
197.000000000 -9.833879134
196.000000000 -9.459813881
195.000000000 -7.930383007
194.000000000 -7.003646937
193.000000000 -6.594206323
192.000000000 -7.338829809
191.000000000 -5.751866067
190.000000000 -5.343526913
