250.000000000 0.791582168
249.000000000 0.653981120
248.000000000 0.933848067
247.000000000 0.190808235
246.000000000 0.221895406
245.000000000 0.252164675
244.000000000 -0.095925936
243.000000000 0.060827696
242.000000000 -0.254762027
241.000000000 -0.635320587
240.000000000 -0.978914999
239.000000000 -1.146253094
238.000000000 -1.449914614
237.000000000 -2.113480842
236.000000000 -2.338471265
235.000000000 -2.794760172
234.000000000 -3.770808172
233.000000000 -3.779530109
232.000000000 -4.789898865
231.000000000 -5.547111806
230.000000000 -6.094138121
229.000000000 -6.265282856
228.000000000 -7.196664433
227.000000000 -8.179595843
226.000000000 -8.221680971
225.000000000 -8.839574120
224.000000000 -9.326425519
223.000000000 -9.930182338
222.000000000 -10.648722850
221.000000000 -10.634252122
220.000000000 -10.270809214
219.000000000 -10.842606488
218.000000000 -10.775167057
217.000000000 -11.222742833
216.000000000 -10.583509895
215.000000000 -11.004424737
214.000000000 -11.005909193
213.000000000 -11.173238277
212.000000000 -11.210646711
211.000000000 -10.251777735
210.000000000 -11.922300055
209.000000000 -11.183366753
208.000000000 -10.864396069
207.000000000 -10.184167544
206.000000000 -10.112244978
205.000000000 -8.094614011
204.000000000 -6.781206309
203.000000000 -4.802478548
202.000000000 -2.807184227
201.000000000 -0.755199624
200.000000000 2.516052900
199.000000000 6.279818573
198.000000000 8.343875636
197.000000000 10.710608771
196.000000000 11.960822348
195.000000000 11.919318475
194.000000000 10.548388462
193.000000000 12.242594351
192.000000000 11.438495667
191.000000000 12.338463700
190.000000000 9.000613185
