250.000000000 0.596349883
249.000000000 0.288612503
248.000000000 0.316263750
247.000000000 0.386376174
246.000000000 0.340030586
245.000000000 0.124493999
244.000000000 0.066361358
243.000000000 -0.141038587
242.000000000 -0.596477441
241.000000000 -0.521974196
240.000000000 -0.991461040
239.000000000 -0.985098462
238.000000000 -1.202233477
237.000000000 -2.070302402
236.000000000 -2.506256008
235.000000000 -3.228386991
234.000000000 -3.610579809
233.000000000 -4.500825322
232.000000000 -4.729055124
231.000000000 -5.974195963
230.000000000 -6.448409128
229.000000000 -7.052574136
228.000000000 -7.304219933
227.000000000 -8.100994715
226.000000000 -9.522763098
225.000000000 -9.574109685
224.000000000 -10.477973987
223.000000000 -11.088475940
222.000000000 -11.379528455
221.000000000 -11.188264522
220.000000000 -11.432678287
219.000000000 -11.423575578
218.000000000 -11.450739876
217.000000000 -12.244493012
216.000000000 -11.652441249
215.000000000 -11.299044373
214.000000000 -11.468963316
213.000000000 -11.770298394
212.000000000 -11.810499551
211.000000000 -11.294700015
210.000000000 -11.935335811
209.000000000 -12.256815424
208.000000000 -10.969664468
207.000000000 -11.168802549
206.000000000 -9.916889880
205.000000000 -8.163961290
204.000000000 -6.981073975
203.000000000 -4.683303745
202.000000000 -2.608807792
201.000000000 0.908540202
200.000000000 3.876859501
199.000000000 7.829316616
198.000000000 10.431365695
197.000000000 11.634929577
196.000000000 13.621183322
195.000000000 15.465651519
194.000000000 14.218668189
193.000000000 14.050762545
192.000000000 13.495758245
191.000000000 11.264936853
190.000000000 11.142933524
