250.000000000 0.254420323
249.000000000 0.838834352
248.000000000 0.331659445
247.000000000 0.173618854
246.000000000 0.341621238
245.000000000 0.154865731
244.000000000 -0.002380578
243.000000000 -0.121286023
242.000000000 -0.347838968
241.000000000 -0.971399109
240.000000000 -0.626941212
239.000000000 -0.916547015
238.000000000 -1.956741760
237.000000000 -1.628496045
236.000000000 -2.362046190
235.000000000 -3.299306664
234.000000000 -3.464785944
233.000000000 -4.120834205
232.000000000 -4.736656273
231.000000000 -5.122647133
230.000000000 -5.689732162
229.000000000 -6.325795020
228.000000000 -7.052421455
227.000000000 -8.135483755
226.000000000 -8.421158632
225.000000000 -8.810258251
224.000000000 -9.738809034
223.000000000 -10.161861955
222.000000000 -9.802699531
221.000000000 -10.591059246
220.000000000 -10.907230301
219.000000000 -10.870675808
218.000000000 -10.603179038
217.000000000 -10.973126669
216.000000000 -10.314994354
215.000000000 -10.503005171
214.000000000 -10.650229226
213.000000000 -10.815569072
212.000000000 -10.881023886
211.000000000 -10.637538862
210.000000000 -11.692591126
209.000000000 -10.916178754
208.000000000 -10.944570034
207.000000000 -10.151157075
206.000000000 -8.909544596
205.000000000 -8.920439655
204.000000000 -6.447200960
203.000000000 -5.126319702
202.000000000 -2.447373767
201.000000000 -1.835863008
200.000000000 2.284469920
199.000000000 5.932363161
198.000000000 9.123004748
197.000000000 11.101450130
196.000000000 11.467496314
195.000000000 11.475977433
194.000000000 11.115350635
193.000000000 11.781741380
192.000000000 9.920788683
191.000000000 9.858616128
190.000000000 7.987311542
