250.000000000 0.362572966
249.000000000 0.839795850
248.000000000 0.157724187
247.000000000 0.403405496
246.000000000 0.445627411
245.000000000 0.334743983
244.000000000 0.086513536
243.000000000 0.214693792
242.000000000 -0.158405304
241.000000000 -0.416361055
240.000000000 -0.199399702
239.000000000 -0.234149015
238.000000000 -0.983845537
237.000000000 -0.779285864
236.000000000 -1.014832672
235.000000000 -1.658682769
234.000000000 -1.638416771
233.000000000 -2.012066578
232.000000000 -2.267433259
231.000000000 -2.540911333
230.000000000 -2.954266887
229.000000000 -3.141683031
228.000000000 -3.521332910
227.000000000 -4.111730829
226.000000000 -4.418889473
225.000000000 -4.458744781
224.000000000 -5.112368965
223.000000000 -5.283991409
222.000000000 -5.067434418
221.000000000 -5.666923013
220.000000000 -5.470819978
219.000000000 -5.579016028
218.000000000 -5.644822583
217.000000000 -6.251308703
216.000000000 -6.886553119
215.000000000 -7.352328472
214.000000000 -7.102087884
213.000000000 -7.217081683
212.000000000 -8.040930160
211.000000000 -8.176722218
210.000000000 -8.455015612
209.000000000 -9.434415413
208.000000000 -10.289002523
207.000000000 -11.313152138
206.000000000 -11.083749507
205.000000000 -10.931049179
204.000000000 -12.127823244
203.000000000 -11.609229110
202.000000000 -10.801912892
201.000000000 -10.972132072
200.000000000 -10.011502649
199.000000000 -10.664957441
198.000000000 -9.462764492
197.000000000 -8.357134391
196.000000000 -8.100591350
195.000000000 -7.754229940
194.000000000 -6.379736724
193.000000000 -6.849177555
192.000000000 -5.512881987
191.000000000 -5.830246322
190.000000000 -5.686219301
