250.000000000 0.702037525
249.000000000 0.479211713
248.000000000 0.763227086
247.000000000 0.342733730
246.000000000 0.174345682
245.000000000 0.087992855
244.000000000 -0.035374312
243.000000000 -0.206208211
242.000000000 -0.426481246
241.000000000 -0.462863672
240.000000000 -0.674680647
239.000000000 -1.143008686
238.000000000 -1.475071276
237.000000000 -2.260486670
236.000000000 -2.429123598
235.000000000 -3.297571292
234.000000000 -3.491239253
233.000000000 -3.914142510
232.000000000 -4.689062962
231.000000000 -5.393865864
230.000000000 -5.533502114
229.000000000 -6.720438446
228.000000000 -7.126572058
227.000000000 -7.083907245
226.000000000 -7.612320398
225.000000000 -8.403223735
224.000000000 -8.897785598
223.000000000 -9.542565653
222.000000000 -9.692719697
221.000000000 -10.118002400
220.000000000 -9.905028902
219.000000000 -10.344493635
218.000000000 -9.716538883
217.000000000 -10.187957883
216.000000000 -10.232711223
215.000000000 -10.526125764
214.000000000 -10.506536068
213.000000000 -10.291563534
212.000000000 -10.772701802
211.000000000 -10.639466505
210.000000000 -11.099428159
209.000000000 -11.745424865
208.000000000 -10.987030050
207.000000000 -10.706117082
206.000000000 -10.359344940
205.000000000 -8.800824742
204.000000000 -7.302117983
203.000000000 -5.982120760
202.000000000 -4.234397068
201.000000000 -1.722671534
200.000000000 1.833466792
199.000000000 2.803986118
198.000000000 6.078952866
197.000000000 7.644471109
196.000000000 9.686004934
195.000000000 9.802080149
194.000000000 9.986184440
193.000000000 10.883892294
192.000000000 11.041288962
191.000000000 7.362076322
190.000000000 6.425103927
