250.000000000 0.789998239
249.000000000 0.785297260
248.000000000 0.494114369
247.000000000 0.356835544
246.000000000 0.468399411
245.000000000 0.428908208
244.000000000 -0.080002730
243.000000000 -0.175674935
242.000000000 -0.070806727
241.000000000 -0.710908811
240.000000000 -0.731422376
239.000000000 -1.192030029
238.000000000 -1.292856456
237.000000000 -1.776218845
236.000000000 -2.318134783
235.000000000 -2.929369455
234.000000000 -3.422542138
233.000000000 -3.853598393
232.000000000 -4.283803019
231.000000000 -5.133244895
230.000000000 -5.479220244
229.000000000 -6.120371415
228.000000000 -7.009017354
227.000000000 -7.799143520
226.000000000 -7.732806392
225.000000000 -8.642536192
224.000000000 -8.777937975
223.000000000 -9.716127156
222.000000000 -9.487420779
221.000000000 -9.707117268
220.000000000 -9.916341597
219.000000000 -10.300224890
218.000000000 -9.935497339
217.000000000 -10.569644112
216.000000000 -10.226239997
215.000000000 -9.899988432
214.000000000 -10.510546996
213.000000000 -10.388076068
212.000000000 -11.144350563
211.000000000 -10.867715519
210.000000000 -11.481194984
209.000000000 -10.901253061
208.000000000 -10.679453886
207.000000000 -10.599981251
206.000000000 -10.044510551
205.000000000 -9.205628755
204.000000000 -8.039930940
203.000000000 -6.096661083
202.000000000 -3.386527536
201.000000000 -1.852784383
200.000000000 1.013595372
199.000000000 4.249142324
198.000000000 6.038366165
197.000000000 7.440439653
196.000000000 10.177710196
195.000000000 10.178854646
194.000000000 10.215201052
193.000000000 11.867488545
192.000000000 10.224633058
191.000000000 7.262698846
190.000000000 6.919400833
