250.000000000 0.385502864
249.000000000 0.273187822
248.000000000 0.194454233
247.000000000 0.146142706
246.000000000 0.005545080
245.000000000 0.335519113
244.000000000 -0.316991719
243.000000000 0.007689612
242.000000000 -0.882219476
241.000000000 -0.848294986
240.000000000 -1.023157372
239.000000000 -0.822310237
238.000000000 -1.266456803
237.000000000 -2.028338562
236.000000000 -2.563169677
235.000000000 -3.069799163
234.000000000 -4.124327647
233.000000000 -4.245122402
232.000000000 -4.788073525
231.000000000 -5.715658972
230.000000000 -6.383937927
229.000000000 -6.966782368
228.000000000 -7.865911372
227.000000000 -8.082516054
226.000000000 -9.071180503
225.000000000 -9.874438727
224.000000000 -10.332827472
223.000000000 -10.848561742
222.000000000 -10.956302680
221.000000000 -11.153255905
220.000000000 -11.501242084
219.000000000 -11.651880386
218.000000000 -11.586541828
217.000000000 -11.710958241
216.000000000 -11.433399680
215.000000000 -10.824817831
214.000000000 -11.212510024
213.000000000 -11.472901889
212.000000000 -12.073780951
211.000000000 -11.740439782
210.000000000 -11.822555451
209.000000000 -12.013716684
208.000000000 -11.746914285
207.000000000 -10.793052734
206.000000000 -9.857286053
205.000000000 -7.991169370
204.000000000 -6.296596300
203.000000000 -4.225619042
202.000000000 -3.100997224
201.000000000 0.451426261
200.000000000 3.068366085
199.000000000 6.755399808
198.000000000 9.692362401
197.000000000 12.100245121
196.000000000 13.995873848
195.000000000 15.909841135
194.000000000 13.747458565
193.000000000 14.173133960
192.000000000 12.895238063
191.000000000 10.712199297
190.000000000 9.308840584
