250.000000000 0.341175014
249.000000000 0.816818985
248.000000000 0.451123428
247.000000000 0.413654761
246.000000000 0.283267924
245.000000000 0.308067384
244.000000000 0.652480144
243.000000000 0.090793131
242.000000000 -0.185075946
241.000000000 -0.039663762
240.000000000 -0.084740619
239.000000000 -0.522551383
238.000000000 -0.295346508
237.000000000 -0.553268708
236.000000000 -0.721764000
235.000000000 -1.278549080
234.000000000 -1.598239910
233.000000000 -1.282792993
232.000000000 -2.169927098
231.000000000 -2.213693535
230.000000000 -2.482099007
229.000000000 -2.894032044
228.000000000 -3.092152561
227.000000000 -2.912977916
226.000000000 -3.453818410
225.000000000 -3.612951410
224.000000000 -3.936828340
223.000000000 -3.809861098
222.000000000 -4.136897600
221.000000000 -4.232765185
220.000000000 -5.247174039
219.000000000 -4.941185632
218.000000000 -5.133213170
217.000000000 -5.405825686
216.000000000 -5.534438798
215.000000000 -6.540903826
214.000000000 -6.073675562
213.000000000 -6.425357553
212.000000000 -7.432440822
211.000000000 -7.689700513
210.000000000 -8.341779117
209.000000000 -9.049862188
208.000000000 -9.657018696
207.000000000 -11.068206667
206.000000000 -11.251384448
205.000000000 -11.751011940
204.000000000 -11.386773421
203.000000000 -13.262565762
202.000000000 -11.764322336
201.000000000 -12.189228844
200.000000000 -12.327983829
199.000000000 -12.948086753
198.000000000 -11.120822921
197.000000000 -11.535276985
196.000000000 -11.518313251
195.000000000 -10.138632176
194.000000000 -7.774065714
193.000000000 -9.508723250
192.000000000 -7.605007607
191.000000000 -6.998198623
190.000000000 -6.893694482
