250.000000000 0.855253810
249.000000000 0.457449441
248.000000000 0.849056693
247.000000000 0.445113153
246.000000000 0.234564606
245.000000000 0.116998773
244.000000000 0.531815745
243.000000000 0.359701835
242.000000000 0.516667291
241.000000000 -0.048775802
240.000000000 0.150343772
239.000000000 -0.031446408
238.000000000 -0.507096436
237.000000000 -0.420527494
236.000000000 -0.865724300
235.000000000 -0.889568358
234.000000000 -1.098142869
233.000000000 -1.927404533
232.000000000 -2.057409598
231.000000000 -2.130868503
230.000000000 -2.641016368
229.000000000 -2.721308984
228.000000000 -2.881426675
227.000000000 -2.857435195
226.000000000 -3.299981267
225.000000000 -3.698575389
224.000000000 -3.670160327
223.000000000 -4.093811342
222.000000000 -4.564562519
221.000000000 -4.697297996
220.000000000 -4.868565717
219.000000000 -4.827103085
218.000000000 -5.272834330
217.000000000 -5.458807694
216.000000000 -5.758914727
215.000000000 -6.320308407
214.000000000 -6.567355221
213.000000000 -6.540231764
212.000000000 -7.275854884
211.000000000 -7.944018948
210.000000000 -8.133672936
209.000000000 -9.165812497
208.000000000 -9.656806694
207.000000000 -10.716828273
206.000000000 -10.934604412
205.000000000 -12.935591925
204.000000000 -11.564198087
203.000000000 -12.266469539
202.000000000 -12.775770715
201.000000000 -12.175964731
200.000000000 -12.002762626
199.000000000 -11.542023618
198.000000000 -10.078238140
197.000000000 -10.664429621
196.000000000 -10.835355547
195.000000000 -10.201901370
194.000000000 -8.725524484
193.000000000 -9.471182933
192.000000000 -7.534768610
191.000000000 -6.332720140
190.000000000 -6.233669571
