250.000000000 0.668789564
249.000000000 0.831426062
248.000000000 0.648121758
247.000000000 0.228722280
246.000000000 0.320675822
245.000000000 0.292784053
244.000000000 -0.014131457
243.000000000 0.081218748
242.000000000 -0.398089598
241.000000000 -0.617569736
240.000000000 -0.595319823
239.000000000 -1.179827092
238.000000000 -1.422230389
237.000000000 -1.959012601
236.000000000 -2.311333574
235.000000000 -2.997676840
234.000000000 -3.222094171
233.000000000 -4.007735616
232.000000000 -4.572714035
231.000000000 -5.564459175
230.000000000 -5.939981313
229.000000000 -6.629836624
228.000000000 -7.395611692
227.000000000 -7.931714823
226.000000000 -8.069135763
225.000000000 -8.941628818
224.000000000 -9.706584573
223.000000000 -9.951825302
222.000000000 -10.514141680
221.000000000 -10.448225579
220.000000000 -10.884873126
219.000000000 -11.194845146
218.000000000 -10.789016225
217.000000000 -10.893068002
216.000000000 -10.377095295
215.000000000 -11.261929412
214.000000000 -11.229519016
213.000000000 -11.086128618
212.000000000 -10.450730729
211.000000000 -10.786528930
210.000000000 -11.459103885
209.000000000 -11.098001695
208.000000000 -11.458198183
207.000000000 -11.058283472
206.000000000 -9.312746181
205.000000000 -8.301643858
204.000000000 -6.210865352
203.000000000 -4.816350769
202.000000000 -2.674815386
201.000000000 -0.798354774
200.000000000 2.648337034
199.000000000 5.734264129
198.000000000 9.295018107
197.000000000 10.452668822
196.000000000 11.147181413
195.000000000 12.231927999
194.000000000 13.098952026
193.000000000 12.501567307
192.000000000 11.809803159
191.000000000 10.495946156
190.000000000 9.077578756
