250.000000000 0.453139913
249.000000000 0.710916419
248.000000000 0.644774406
247.000000000 0.565990591
246.000000000 0.564287265
245.000000000 0.267832123
244.000000000 0.352713840
243.000000000 0.088948398
242.000000000 -0.149154267
241.000000000 0.250806322
240.000000000 -0.180723958
239.000000000 -0.279304591
238.000000000 -0.745443803
237.000000000 -0.698234051
236.000000000 -0.772360339
235.000000000 -1.390566892
234.000000000 -1.690602410
233.000000000 -1.685482600
232.000000000 -1.958485114
231.000000000 -2.827744196
230.000000000 -2.766892930
229.000000000 -2.781000857
228.000000000 -3.319929077
227.000000000 -3.277089724
226.000000000 -3.594111954
225.000000000 -3.961818983
224.000000000 -4.684955815
223.000000000 -4.579262983
222.000000000 -4.765646717
221.000000000 -4.959004686
220.000000000 -5.184904860
219.000000000 -5.346961746
218.000000000 -4.829953960
217.000000000 -5.407857929
216.000000000 -6.544350782
215.000000000 -6.398513112
214.000000000 -6.579060408
213.000000000 -7.223617396
212.000000000 -7.515473558
211.000000000 -8.435452910
210.000000000 -8.452267298
209.000000000 -9.801062271
208.000000000 -9.626705793
207.000000000 -10.549374604
206.000000000 -10.920758041
205.000000000 -10.555494501
204.000000000 -11.322461620
203.000000000 -12.291035854
202.000000000 -11.891840193
201.000000000 -12.824743935
200.000000000 -13.093463172
199.000000000 -12.104184711
198.000000000 -10.301352914
197.000000000 -11.083798200
196.000000000 -10.163541283
195.000000000 -9.007076730
194.000000000 -8.484662979
193.000000000 -6.855786424
192.000000000 -8.718399644
191.000000000 -5.454456960
190.000000000 -5.496545550
