250.000000000 0.554419027
249.000000000 0.434039372
248.000000000 0.536586771
247.000000000 0.451355446
246.000000000 0.365069705
245.000000000 0.164278149
244.000000000 0.035809147
243.000000000 -0.033937509
242.000000000 -0.476758560
241.000000000 -0.606088526
240.000000000 -0.794146079
239.000000000 -1.084720704
238.000000000 -1.529983564
237.000000000 -1.707362686
236.000000000 -2.508411502
235.000000000 -3.101339178
234.000000000 -3.676680224
233.000000000 -4.144388387
232.000000000 -4.607369283
231.000000000 -5.496340370
230.000000000 -6.022715011
229.000000000 -6.225310314
228.000000000 -6.959119401
227.000000000 -7.674083706
226.000000000 -8.518468836
225.000000000 -8.847012575
224.000000000 -9.187607679
223.000000000 -9.986652173
222.000000000 -10.214052331
221.000000000 -11.220367453
220.000000000 -10.511083312
219.000000000 -10.692650432
218.000000000 -10.826365725
217.000000000 -10.419241367
216.000000000 -10.506276218
215.000000000 -10.568906335
214.000000000 -10.871287493
213.000000000 -11.172053403
212.000000000 -11.251121878
211.000000000 -10.986790197
210.000000000 -11.295410025
209.000000000 -11.473986425
208.000000000 -10.975848031
207.000000000 -10.034584918
206.000000000 -9.232021236
205.000000000 -8.434808306
204.000000000 -7.218361594
203.000000000 -4.620333858
202.000000000 -2.598494300
201.000000000 -0.335788740
200.000000000 2.135216803
199.000000000 4.992228195
198.000000000 7.861341162
197.000000000 10.325126583
196.000000000 11.104151644
195.000000000 12.380960351
194.000000000 12.247046066
193.000000000 11.070977669
192.000000000 11.446827109
191.000000000 9.712046742
190.000000000 8.226411213
