250.000000000 0.263121227
249.000000000 0.755155990
248.000000000 0.211081087
247.000000000 0.134375102
246.000000000 0.257644455
245.000000000 0.305450976
244.000000000 -0.056664639
243.000000000 -0.414499921
242.000000000 -0.118175639
241.000000000 -0.475615492
240.000000000 -0.653536524
239.000000000 -1.370516445
238.000000000 -1.262787041
237.000000000 -2.060823229
236.000000000 -2.307568640
235.000000000 -3.085455197
234.000000000 -3.694578888
233.000000000 -4.331145383
232.000000000 -4.782054562
231.000000000 -5.771104204
230.000000000 -6.397992292
229.000000000 -6.468580406
228.000000000 -7.388835036
227.000000000 -8.678655605
226.000000000 -9.028474017
225.000000000 -9.734255418
224.000000000 -10.015516938
223.000000000 -10.821755279
222.000000000 -10.905620150
221.000000000 -10.940472968
220.000000000 -11.233177685
219.000000000 -11.337459250
218.000000000 -11.336488472
217.000000000 -11.374002350
216.000000000 -11.257599063
215.000000000 -12.102785736
214.000000000 -11.246874432
213.000000000 -11.147402073
212.000000000 -12.224790202
211.000000000 -11.479001995
210.000000000 -11.725722897
209.000000000 -11.974207747
208.000000000 -11.485538048
207.000000000 -11.621080148
206.000000000 -10.058662619
205.000000000 -8.829757711
204.000000000 -7.394725362
203.000000000 -5.010631083
202.000000000 -1.953823634
201.000000000 0.148451252
200.000000000 3.529988105
199.000000000 7.090968286
198.000000000 10.267387771
197.000000000 12.352128654
196.000000000 14.502593829
195.000000000 14.722118244
194.000000000 14.344742598
193.000000000 12.315621463
192.000000000 12.983370256
191.000000000 11.401025626
190.000000000 10.003987367
