250.000000000 0.340456557
249.000000000 0.784068613
248.000000000 0.648118649
247.000000000 0.709106659
246.000000000 0.488970394
245.000000000 0.161852911
244.000000000 0.060245616
243.000000000 0.037157620
242.000000000 -0.097166017
241.000000000 -0.261302714
240.000000000 -0.542153481
239.000000000 -0.429842066
238.000000000 -0.598821303
237.000000000 -0.873237107
236.000000000 -1.729231918
235.000000000 -1.903195607
234.000000000 -1.893260030
233.000000000 -2.629303343
232.000000000 -2.572984500
231.000000000 -2.835634360
230.000000000 -3.509211654
229.000000000 -3.137184718
228.000000000 -3.819133658
227.000000000 -3.852841358
226.000000000 -4.269018822
225.000000000 -4.944719541
224.000000000 -4.981318044
223.000000000 -5.434004539
222.000000000 -5.811210757
221.000000000 -5.647501835
220.000000000 -6.076664107
219.000000000 -6.303162886
218.000000000 -6.416392766
217.000000000 -7.057010531
216.000000000 -7.053376608
215.000000000 -6.971242933
214.000000000 -7.626223892
213.000000000 -7.703739218
212.000000000 -8.041400807
211.000000000 -7.718388388
210.000000000 -7.819182678
209.000000000 -9.696152371
208.000000000 -9.913471739
207.000000000 -10.387697822
206.000000000 -10.710096077
205.000000000 -10.806972879
204.000000000 -10.747455561
203.000000000 -10.905824104
202.000000000 -9.790412325
201.000000000 -9.941086507
200.000000000 -10.000880510
199.000000000 -8.137657783
198.000000000 -6.958250247
197.000000000 -5.923817076
196.000000000 -5.143598595
195.000000000 -6.222957470
194.000000000 -5.908258391
193.000000000 -4.331499966
192.000000000 -2.208786998
191.000000000 -3.372437008
190.000000000 -2.986585689
