250.000000000 0.618603364
249.000000000 0.755914055
248.000000000 0.612649120
247.000000000 0.266868318
246.000000000 0.584086569
245.000000000 0.116251889
244.000000000 0.063840462
243.000000000 -0.032631138
242.000000000 0.051612204
241.000000000 -0.502429668
240.000000000 0.062891998
239.000000000 -0.230029745
238.000000000 -0.675014735
237.000000000 -0.803885959
236.000000000 -0.838686932
235.000000000 -1.441256516
234.000000000 -1.520160165
233.000000000 -1.806721780
232.000000000 -2.528169773
231.000000000 -2.831993927
230.000000000 -2.915248937
229.000000000 -3.329922528
228.000000000 -3.091168960
227.000000000 -3.615870011
226.000000000 -3.926098953
225.000000000 -4.009174136
224.000000000 -4.628747793
223.000000000 -5.323641765
222.000000000 -4.542404441
221.000000000 -5.585404884
220.000000000 -5.168258031
219.000000000 -5.260616905
218.000000000 -6.138925544
217.000000000 -6.372172972
216.000000000 -5.787688385
215.000000000 -6.830622071
214.000000000 -6.738821616
213.000000000 -7.491007549
212.000000000 -7.498533899
211.000000000 -8.190498082
210.000000000 -8.083590643
209.000000000 -9.384373821
208.000000000 -9.265553220
207.000000000 -10.249790405
206.000000000 -10.932814305
205.000000000 -10.804181826
204.000000000 -11.827898267
203.000000000 -11.964621488
202.000000000 -11.056371864
201.000000000 -11.863500818
200.000000000 -10.927735878
199.000000000 -10.694489887
198.000000000 -10.578270604
197.000000000 -9.364351714
196.000000000 -8.848567575
195.000000000 -8.322764449
194.000000000 -8.111671027
193.000000000 -7.198735753
192.000000000 -6.081970430
191.000000000 -6.568598470
190.000000000 -5.934060318
