250.000000000 0.512138276
249.000000000 0.696987240
248.000000000 0.650134436
247.000000000 0.165762617
246.000000000 0.360989983
245.000000000 0.042351414
244.000000000 0.014605764
243.000000000 -0.114977900
242.000000000 -0.236247879
241.000000000 -0.534107503
240.000000000 -0.601282500
239.000000000 -0.957235380
238.000000000 -1.743359585
237.000000000 -1.947059603
236.000000000 -2.470274727
235.000000000 -2.814524183
234.000000000 -3.795040644
233.000000000 -3.972512451
232.000000000 -4.816498059
231.000000000 -5.060862362
230.000000000 -5.785337737
229.000000000 -6.325979709
228.000000000 -6.769676027
227.000000000 -7.181018652
226.000000000 -7.941126458
225.000000000 -8.591400716
224.000000000 -8.895415773
223.000000000 -9.604595419
222.000000000 -9.744953283
221.000000000 -10.064285697
220.000000000 -9.973407764
219.000000000 -10.517596500
218.000000000 -10.264435613
217.000000000 -10.167688582
216.000000000 -10.100792285
215.000000000 -10.387809377
214.000000000 -10.360472467
213.000000000 -10.372604780
212.000000000 -11.471632773
211.000000000 -10.850872013
210.000000000 -11.618990533
209.000000000 -12.163448943
208.000000000 -11.105531280
207.000000000 -10.825930362
206.000000000 -9.154953779
205.000000000 -9.439797992
204.000000000 -7.032266493
203.000000000 -5.548052391
202.000000000 -3.617702603
201.000000000 -1.596577003
200.000000000 0.756314652
199.000000000 2.857589621
198.000000000 6.547218167
197.000000000 9.062652093
196.000000000 9.431929160
195.000000000 11.885686798
194.000000000 10.863654397
193.000000000 12.071915915
192.000000000 10.931691494
191.000000000 9.532055078
190.000000000 7.239751016
