250.000000000 0.355517384
249.000000000 0.560622473
248.000000000 0.182736856
247.000000000 0.280718189
246.000000000 0.205489711
245.000000000 0.236745992
244.000000000 0.128500282
243.000000000 -0.647085006
242.000000000 -0.055401606
241.000000000 -0.678085083
240.000000000 -0.771468385
239.000000000 -1.497093712
238.000000000 -1.345286515
237.000000000 -1.942085184
236.000000000 -2.368375771
235.000000000 -2.890703162
234.000000000 -3.715004830
233.000000000 -3.819585082
232.000000000 -4.678666455
231.000000000 -5.080697743
230.000000000 -5.935613161
229.000000000 -6.205461623
228.000000000 -6.986630512
227.000000000 -7.644068795
226.000000000 -8.727902156
225.000000000 -8.659895605
224.000000000 -9.339708444
223.000000000 -9.913728490
222.000000000 -10.716368431
221.000000000 -10.131047958
220.000000000 -10.594100005
219.000000000 -10.217937365
218.000000000 -10.378584853
217.000000000 -10.307085991
216.000000000 -10.531469349
215.000000000 -11.161175567
214.000000000 -10.680702821
213.000000000 -11.172425324
212.000000000 -10.518036633
211.000000000 -11.030072101
210.000000000 -10.750011026
209.000000000 -11.377450878
208.000000000 -11.656691171
207.000000000 -10.010123776
206.000000000 -9.833107327
205.000000000 -7.981491138
204.000000000 -6.195997473
203.000000000 -4.564891624
202.000000000 -1.750056225
201.000000000 -0.394977064
200.000000000 2.707905089
199.000000000 4.744063296
198.000000000 7.995501229
197.000000000 9.562836468
196.000000000 10.874652830
195.000000000 12.094824221
194.000000000 10.906351734
193.000000000 13.035992807
192.000000000 11.004337445
191.000000000 9.019533569
190.000000000 9.083793048
