250.000000000 0.884226980
249.000000000 0.716113083
248.000000000 0.783468446
247.000000000 0.688585425
246.000000000 0.469342743
245.000000000 0.551181911
244.000000000 0.295126043
243.000000000 0.109692063
242.000000000 0.012862842
241.000000000 -0.320423755
240.000000000 -0.521226269
239.000000000 -0.439887756
238.000000000 -1.054945531
237.000000000 -1.541988946
236.000000000 -1.273383724
235.000000000 -1.749967570
234.000000000 -2.060406262
233.000000000 -2.693567646
232.000000000 -2.922162691
231.000000000 -3.109640111
230.000000000 -3.671564434
229.000000000 -3.645396197
228.000000000 -4.259911234
227.000000000 -4.744630734
226.000000000 -4.934240990
225.000000000 -5.359096857
224.000000000 -5.277653927
223.000000000 -6.005845666
222.000000000 -5.751934296
221.000000000 -6.463084463
220.000000000 -6.474159715
219.000000000 -6.435803276
218.000000000 -6.506551246
217.000000000 -7.023022098
216.000000000 -7.037561552
215.000000000 -7.365736376
214.000000000 -7.630021227
213.000000000 -7.464491469
212.000000000 -8.647131417
211.000000000 -8.115499948
210.000000000 -8.080512187
209.000000000 -9.461019327
208.000000000 -9.370336875
207.000000000 -10.210376169
206.000000000 -9.065592614
205.000000000 -9.989564178
204.000000000 -10.198069424
203.000000000 -10.108779991
202.000000000 -9.629897661
201.000000000 -8.729604174
200.000000000 -7.752388319
199.000000000 -7.330464587
198.000000000 -7.336804623
197.000000000 -7.327950894
196.000000000 -4.484641915
195.000000000 -5.725257304
194.000000000 -4.279544683
193.000000000 -2.461410555
192.000000000 -2.055361176
191.000000000 -1.890402823
190.000000000 -0.586506160
