250.000000000 0.711157322
249.000000000 1.037602452
248.000000000 0.325148727
247.000000000 0.236810081
246.000000000 0.514159722
245.000000000 0.050969053
244.000000000 0.196944443
243.000000000 -0.126891410
242.000000000 -0.194716607
241.000000000 -0.204768645
240.000000000 -0.448390568
239.000000000 -0.598660349
238.000000000 -0.699369190
237.000000000 -1.135863705
236.000000000 -1.152143460
235.000000000 -1.360625843
234.000000000 -1.588385714
233.000000000 -2.181130404
232.000000000 -2.394460916
231.000000000 -3.029707150
230.000000000 -3.051462276
229.000000000 -3.438823474
228.000000000 -2.984626075
227.000000000 -4.074147342
226.000000000 -3.954003838
225.000000000 -4.242516938
224.000000000 -4.513560543
223.000000000 -5.033341815
222.000000000 -5.181854920
221.000000000 -5.570072711
220.000000000 -6.305990899
219.000000000 -5.652850973
218.000000000 -5.901458268
217.000000000 -6.217527219
216.000000000 -6.219767213
215.000000000 -7.266565076
214.000000000 -6.964942167
213.000000000 -6.887440409
212.000000000 -7.576575236
211.000000000 -7.789021136
210.000000000 -8.355353282
209.000000000 -9.415978120
208.000000000 -9.822082897
207.000000000 -10.554476853
206.000000000 -10.876593800
205.000000000 -10.282468329
204.000000000 -11.676974582
203.000000000 -11.505099150
202.000000000 -11.522186459
201.000000000 -10.808742258
200.000000000 -11.542622742
199.000000000 -10.040378557
198.000000000 -10.552968029
197.000000000 -10.322201027
196.000000000 -7.808576511
195.000000000 -7.627185418
194.000000000 -7.952745953
193.000000000 -6.611881533
192.000000000 -5.619897801
191.000000000 -4.232736301
190.000000000 -4.731905382
