250.000000000 0.747235253
249.000000000 0.946405580
248.000000000 0.254890178
247.000000000 0.387233312
246.000000000 0.532266977
245.000000000 0.384929882
244.000000000 0.488852376
243.000000000 -0.026948374
242.000000000 -0.167058398
241.000000000 -0.438200867
240.000000000 -0.534397342
239.000000000 -0.319658573
238.000000000 -0.707818152
237.000000000 -1.188479570
236.000000000 -1.061764613
235.000000000 -1.233909120
234.000000000 -2.113574726
233.000000000 -2.169354599
232.000000000 -2.473950518
231.000000000 -2.850601165
230.000000000 -3.206442233
229.000000000 -3.518367081
228.000000000 -3.720044545
227.000000000 -3.722069573
226.000000000 -4.570572198
225.000000000 -4.530061130
224.000000000 -5.137881197
223.000000000 -5.040260034
222.000000000 -5.439460303
221.000000000 -5.671504541
220.000000000 -6.182093219
219.000000000 -6.281457782
218.000000000 -6.649676171
217.000000000 -6.448558909
216.000000000 -7.081323519
215.000000000 -7.067266461
214.000000000 -7.568679119
213.000000000 -7.508135486
212.000000000 -7.434683651
211.000000000 -8.124765571
210.000000000 -8.884080713
209.000000000 -9.242808117
208.000000000 -9.835426158
207.000000000 -9.771490808
206.000000000 -10.241429214
205.000000000 -10.716377554
204.000000000 -10.463168462
203.000000000 -9.537227384
202.000000000 -10.764195321
201.000000000 -9.507035011
200.000000000 -8.901260025
199.000000000 -8.630504180
198.000000000 -7.523430418
197.000000000 -7.824652692
196.000000000 -6.770529586
195.000000000 -5.523164940
194.000000000 -5.635213883
193.000000000 -4.161103538
192.000000000 -4.521480940
191.000000000 -2.622818883
190.000000000 -3.120363863
