250.000000000 0.548280959
249.000000000 0.542669418
248.000000000 0.536320027
247.000000000 0.394565547
246.000000000 0.377470011
245.000000000 0.189234378
244.000000000 0.117601326
243.000000000 -0.194930005
242.000000000 -0.502149099
241.000000000 -0.827149216
240.000000000 -0.680018026
239.000000000 -1.184432041
238.000000000 -1.654710876
237.000000000 -1.859809902
236.000000000 -2.235301102
235.000000000 -2.705944294
234.000000000 -3.494584071
233.000000000 -4.129202286
232.000000000 -4.716447860
231.000000000 -5.512124926
230.000000000 -6.129560493
229.000000000 -6.741217986
228.000000000 -7.102433615
227.000000000 -7.960230401
226.000000000 -8.828927019
225.000000000 -9.229260096
224.000000000 -9.505122205
223.000000000 -10.317460658
222.000000000 -10.684628940
221.000000000 -11.357166023
220.000000000 -10.853021519
219.000000000 -10.886796308
218.000000000 -11.616347303
217.000000000 -11.046315503
216.000000000 -11.311498859
215.000000000 -10.679971387
214.000000000 -10.963333876
213.000000000 -11.032732335
212.000000000 -11.633438509
211.000000000 -11.524546160
210.000000000 -11.543926650
209.000000000 -11.634786436
208.000000000 -11.672417000
207.000000000 -10.965991403
206.000000000 -9.836210166
205.000000000 -8.192468440
204.000000000 -6.575835788
203.000000000 -4.757068235
202.000000000 -3.210681429
201.000000000 0.070432576
200.000000000 3.821793007
199.000000000 7.205593168
198.000000000 7.475900930
197.000000000 11.434571575
196.000000000 13.293106516
195.000000000 12.698562023
194.000000000 12.715901027
193.000000000 12.709559337
192.000000000 12.413402399
191.000000000 10.999983786
190.000000000 10.733424677
