250.000000000 0.616457271
249.000000000 0.695091742
248.000000000 0.812167506
247.000000000 0.552197793
246.000000000 0.314617044
245.000000000 0.387552245
244.000000000 0.081763464
243.000000000 -0.031970990
242.000000000 0.191620259
241.000000000 0.070803396
240.000000000 0.067604651
239.000000000 -0.416959389
238.000000000 -0.585859367
237.000000000 -0.481027022
236.000000000 -0.783783529
235.000000000 -1.097662975
234.000000000 -1.399203871
233.000000000 -1.595743406
232.000000000 -1.834691384
231.000000000 -2.251816811
230.000000000 -2.328238260
229.000000000 -2.704082334
228.000000000 -2.885196402
227.000000000 -3.096841392
226.000000000 -3.444292938
225.000000000 -3.233961290
224.000000000 -3.759610640
223.000000000 -4.220089914
222.000000000 -4.439474348
221.000000000 -4.373312876
220.000000000 -4.853817708
219.000000000 -4.881830067
218.000000000 -5.151267345
217.000000000 -4.947727132
216.000000000 -5.952657700
215.000000000 -5.533059252
214.000000000 -6.062465815
213.000000000 -6.666634394
212.000000000 -6.876001690
211.000000000 -7.973748609
210.000000000 -8.386254734
209.000000000 -9.180415604
208.000000000 -10.353196825
207.000000000 -11.132155312
206.000000000 -10.565627989
205.000000000 -11.042473776
204.000000000 -11.527757839
203.000000000 -12.260450468
202.000000000 -12.883095926
201.000000000 -12.945816241
200.000000000 -12.942900804
199.000000000 -11.022826978
198.000000000 -12.153657379
197.000000000 -10.427364214
196.000000000 -9.171404495
195.000000000 -9.817128195
194.000000000 -8.550521489
193.000000000 -6.849604666
192.000000000 -9.473523946
191.000000000 -5.842317548
190.000000000 -8.017185268
