250.000000000 0.774794260
249.000000000 0.597422965
248.000000000 0.616550083
247.000000000 0.794072939
246.000000000 0.305341135
245.000000000 0.278273791
244.000000000 0.368738743
243.000000000 0.189447839
242.000000000 -0.432301580
241.000000000 -0.287100180
240.000000000 -0.218637912
239.000000000 -0.664392771
238.000000000 -0.626247996
237.000000000 -0.891720565
236.000000000 -1.610901187
235.000000000 -1.911511245
234.000000000 -2.313223332
233.000000000 -2.620936609
232.000000000 -2.422621292
231.000000000 -3.013520964
230.000000000 -3.515787298
229.000000000 -3.462155745
228.000000000 -4.399085643
227.000000000 -4.130101256
226.000000000 -4.605570827
225.000000000 -5.237745493
224.000000000 -5.249736982
223.000000000 -6.049600153
222.000000000 -6.078561585
221.000000000 -6.327819441
220.000000000 -6.026074822
219.000000000 -6.380538847
218.000000000 -7.035847997
217.000000000 -6.934055083
216.000000000 -7.197209532
215.000000000 -7.055346219
214.000000000 -7.298072134
213.000000000 -7.400018314
212.000000000 -7.751281277
211.000000000 -8.315577894
210.000000000 -8.132456051
209.000000000 -9.252498177
208.000000000 -9.660347661
207.000000000 -9.503586204
206.000000000 -9.966363928
205.000000000 -9.853980124
204.000000000 -10.563966871
203.000000000 -10.539817242
202.000000000 -10.097239800
201.000000000 -10.067179274
200.000000000 -9.555025472
199.000000000 -8.681726293
198.000000000 -6.525463057
197.000000000 -6.748382142
196.000000000 -5.765855908
195.000000000 -2.458197035
194.000000000 -4.320806294
193.000000000 -2.985157355
192.000000000 -2.317278057
191.000000000 -1.975081571
190.000000000 -1.540092436
