250.000000000 0.810631630
249.000000000 0.649339022
248.000000000 0.344481337
247.000000000 0.499523700
246.000000000 0.367760885
245.000000000 0.124001677
244.000000000 0.252581194
243.000000000 -0.597158329
242.000000000 -0.162945791
241.000000000 -0.579559109
240.000000000 -0.523774268
239.000000000 -0.590537731
238.000000000 -1.033389770
237.000000000 -1.343144810
236.000000000 -2.221599849
235.000000000 -2.546355412
234.000000000 -3.186529087
233.000000000 -3.191877041
232.000000000 -4.143298299
231.000000000 -4.046207834
230.000000000 -4.834365947
229.000000000 -4.885190684
228.000000000 -5.326315885
227.000000000 -6.083086298
226.000000000 -6.639491323
225.000000000 -6.979073641
224.000000000 -7.729946515
223.000000000 -7.787358893
222.000000000 -8.225453958
221.000000000 -8.177326804
220.000000000 -8.789201354
219.000000000 -8.954268462
218.000000000 -8.821140276
217.000000000 -8.904817207
216.000000000 -8.514752421
215.000000000 -9.662330712
214.000000000 -8.853500046
213.000000000 -9.563926062
212.000000000 -9.406074728
211.000000000 -9.512690005
210.000000000 -9.966449970
209.000000000 -10.739530950
208.000000000 -10.261085285
207.000000000 -10.445698603
206.000000000 -9.497049376
205.000000000 -9.122045278
204.000000000 -8.277005969
203.000000000 -6.766103375
202.000000000 -6.469232881
201.000000000 -4.733877375
200.000000000 -2.773993141
199.000000000 -1.802504366
198.000000000 0.504449290
197.000000000 2.211945449
196.000000000 4.393613118
195.000000000 4.491378098
194.000000000 4.418632740
193.000000000 6.006240996
192.000000000 4.928393979
191.000000000 5.261672928
190.000000000 4.465486116
