#Frame       SA_00001
       1   26399.0173
       2   26531.2326
       3   26486.4606
       4   26709.0862
       5   26624.9517
       6   26106.2495
       7   26368.9694
       8   26211.5521
       9   26309.8522
      10   25550.2319
      11   25927.6367
      12   25885.8571
      13   25401.9954
      14   24989.3461
      15   25166.5526
      16   25119.9039
      17   24766.1813
      18   24842.5097
      19   25191.0787
      20   24151.0351
      21   24910.6153
      22   24762.2165
      23   23987.6780
      24   24391.2370
      25   24218.1950
      26   24034.7480
      27   23871.0465
      28   23394.6343
      29   22985.8473
      30   23183.8071
      31   23090.9949
      32   22990.1947
      33   22840.3340
      34   23447.0911
      35   22904.8005
      36   23123.5872
      37   23025.7289
      38   22861.4521
      39   23005.8079
      40   23043.3901
      41   23076.7641
      42   22855.9229
      43   22375.7504
      44   22722.8606
      45   22445.6403
      46   22718.6485
      47   22406.3886
      48   22950.4464
      49   22706.9561
      50   22724.1408
      51   22865.2290
      52   23070.5981
      53   22920.9810
      54   23037.6598
      55   22993.5784
      56   23041.2729
      57   23096.1168
      58   22707.8687
      59   22616.3094
      60   22572.5292
      61   22321.1004
      62   22304.7455
      63   22252.9679
      64   22171.6026
      65   22559.9959
      66   22903.2317
      67   22952.5619
      68   22757.7223
      69   22721.4866
      70   22362.2863
      71   22525.1955
      72   22434.8929
      73   22413.7233
      74   22465.4975
      75   22379.5028
      76   22102.7482
      77   22397.3314
      78   22139.6094
      79   22375.7428
      80   22040.1531
      81   22608.5873
      82   22495.5750
      83   22288.0195
      84   22188.7915
      85   21838.5698
      86   22289.9263
      87   22015.7292
      88   22179.2732
      89   21868.2623
      90   22910.6576
      91   22087.3403
      92   22487.4234
      93   22117.4950
      94   22354.1131
      95   22080.9934
      96   22061.5130
      97   22312.9412
      98   22175.7216
      99   21999.5197
     100   22579.7982
     101   22372.7106
     102   21954.6807
     103   22226.5115
     104   22204.9200
     105   22600.1192
     106   22421.0074
     107   22410.1766
     108   22163.1489
     109   22917.8055
     110   22150.3634
     111   22429.6093
     112   22245.4178
     113   22240.4221
     114   22582.3627
     115   22812.8798
     116   22191.1676
     117   22415.2033
     118   22543.5995
     119   22584.6936
     120   22393.0663
     121   22666.9863
