250.000000000 318.934753418
249.000000000 318.934753418
248.000000000 318.934753418
247.000000000 318.934753418
246.000000000 318.934753418
245.000000000 318.934753418
244.000000000 318.934753418
243.000000000 318.934753418
242.000000000 318.934753418
241.000000000 318.934753418
240.000000000 318.934753418
239.000000000 318.934753418
238.000000000 318.934753418
237.000000000 318.934753418
236.000000000 318.934753418
235.000000000 318.934753418
234.000000000 318.934753418
233.000000000 318.934753418
232.000000000 318.934753418
231.000000000 318.934753418
230.000000000 318.934753418
229.000000000 318.934753418
228.000000000 318.934753418
227.000000000 334.318481445
226.000000000 334.318481445
225.000000000 334.318481445
224.000000000 334.318481445
223.000000000 334.318481445
222.000000000 334.318481445
221.000000000 334.318481445
220.000000000 334.318481445
219.000000000 334.318481445
218.000000000 334.318481445
217.000000000 334.318481445
216.000000000 334.318481445
215.000000000 334.318481445
214.000000000 334.318481445
213.000000000 351.456390381
212.000000000 351.456390381
211.000000000 351.456390381
210.000000000 351.456390381
209.000000000 351.456390381
208.000000000 351.456390381
207.000000000 351.456390381
206.000000000 351.456390381
205.000000000 369.909667969
204.000000000 369.909667969
203.000000000 369.909667969
202.000000000 369.909667969
201.000000000 369.909667969
200.000000000 369.909667969
199.000000000 369.909667969
198.000000000 369.909667969
197.000000000 369.909667969
196.000000000 369.909667969
195.000000000 369.909667969
194.000000000 369.909667969
193.000000000 369.909667969
192.000000000 369.909667969
191.000000000 369.909667969
190.000000000 369.909667969
