250.000000000 318.934753418
249.000000000 318.934753418
248.000000000 318.934753418
247.000000000 318.934753418
246.000000000 318.934753418
245.000000000 318.934753418
244.000000000 318.934753418
243.000000000 318.934753418
242.000000000 318.934753418
241.000000000 318.934753418
240.000000000 318.934753418
239.000000000 318.934753418
238.000000000 318.934753418
237.000000000 318.934753418
236.000000000 318.934753418
235.000000000 318.934753418
234.000000000 318.934753418
233.000000000 318.934753418
232.000000000 318.934753418
231.000000000 318.934753418
230.000000000 318.934753418
229.000000000 318.934753418
228.000000000 318.934753418
227.000000000 318.934753418
226.000000000 335.238311768
225.000000000 335.238311768
224.000000000 335.238311768
223.000000000 335.238311768
222.000000000 335.238311768
221.000000000 335.238311768
220.000000000 335.238311768
219.000000000 335.238311768
218.000000000 335.238311768
217.000000000 335.238311768
216.000000000 335.238311768
215.000000000 335.238311768
214.000000000 335.238311768
213.000000000 351.469665527
212.000000000 351.469665527
211.000000000 351.469665527
210.000000000 351.469665527
209.000000000 351.469665527
208.000000000 351.469665527
207.000000000 351.469665527
206.000000000 368.630554199
205.000000000 368.630554199
204.000000000 368.630554199
203.000000000 368.630554199
202.000000000 368.630554199
201.000000000 368.630554199
200.000000000 368.630554199
199.000000000 368.630554199
198.000000000 368.630554199
197.000000000 368.630554199
196.000000000 368.630554199
195.000000000 368.630554199
194.000000000 368.630554199
193.000000000 368.630554199
192.000000000 368.630554199
191.000000000 368.630554199
190.000000000 368.630554199
