250.000000000 310.670623779
249.000000000 310.670623779
248.000000000 310.670623779
247.000000000 310.670623779
246.000000000 310.670623779
245.000000000 310.670623779
244.000000000 310.670623779
243.000000000 310.670623779
242.000000000 310.670623779
241.000000000 310.670623779
240.000000000 310.670623779
239.000000000 310.670623779
238.000000000 310.670623779
237.000000000 310.670623779
236.000000000 310.670623779
235.000000000 310.670623779
234.000000000 310.670623779
233.000000000 310.670623779
232.000000000 310.670623779
231.000000000 310.670623779
230.000000000 310.670623779
229.000000000 310.670623779
228.000000000 325.240722656
227.000000000 325.240722656
226.000000000 325.240722656
225.000000000 325.240722656
224.000000000 325.240722656
223.000000000 325.240722656
222.000000000 325.240722656
221.000000000 325.240722656
220.000000000 325.240722656
219.000000000 325.240722656
218.000000000 325.240722656
217.000000000 325.240722656
216.000000000 325.240722656
215.000000000 325.240722656
214.000000000 341.111633301
213.000000000 341.111633301
212.000000000 341.111633301
211.000000000 341.111633301
210.000000000 341.111633301
209.000000000 341.111633301
208.000000000 341.111633301
207.000000000 341.111633301
206.000000000 357.339904785
205.000000000 357.339904785
204.000000000 357.339904785
203.000000000 357.339904785
202.000000000 357.339904785
201.000000000 357.339904785
200.000000000 357.339904785
199.000000000 357.339904785
198.000000000 357.339904785
197.000000000 357.339904785
196.000000000 357.339904785
195.000000000 357.339904785
194.000000000 357.339904785
193.000000000 357.339904785
192.000000000 357.339904785
191.000000000 357.339904785
190.000000000 357.339904785
