250.000000000 310.670623779
249.000000000 310.670623779
248.000000000 310.670623779
247.000000000 310.670623779
246.000000000 310.670623779
245.000000000 310.670623779
244.000000000 310.670623779
243.000000000 310.670623779
242.000000000 310.670623779
241.000000000 310.670623779
240.000000000 310.670623779
239.000000000 310.670623779
238.000000000 310.670623779
237.000000000 310.670623779
236.000000000 310.670623779
235.000000000 310.670623779
234.000000000 310.670623779
233.000000000 310.670623779
232.000000000 310.670623779
231.000000000 310.670623779
230.000000000 310.670623779
229.000000000 310.670623779
228.000000000 325.433502197
227.000000000 325.433502197
226.000000000 325.433502197
225.000000000 325.433502197
224.000000000 325.433502197
223.000000000 325.433502197
222.000000000 325.433502197
221.000000000 325.433502197
220.000000000 325.433502197
219.000000000 325.433502197
218.000000000 325.433502197
217.000000000 325.433502197
216.000000000 325.433502197
215.000000000 325.433502197
214.000000000 341.392059326
213.000000000 341.392059326
212.000000000 341.392059326
211.000000000 341.392059326
210.000000000 341.392059326
209.000000000 341.392059326
208.000000000 341.392059326
207.000000000 341.392059326
206.000000000 357.964263916
205.000000000 357.964263916
204.000000000 357.964263916
203.000000000 357.964263916
202.000000000 357.964263916
201.000000000 357.964263916
200.000000000 357.964263916
199.000000000 357.964263916
198.000000000 357.964263916
197.000000000 357.964263916
196.000000000 357.964263916
195.000000000 357.964263916
194.000000000 357.964263916
193.000000000 357.964263916
192.000000000 357.964263916
191.000000000 357.964263916
190.000000000 357.964263916
