250.000000000 318.934753418
249.000000000 318.934753418
248.000000000 318.934753418
247.000000000 318.934753418
246.000000000 318.934753418
245.000000000 318.934753418
244.000000000 318.934753418
243.000000000 318.934753418
242.000000000 318.934753418
241.000000000 318.934753418
240.000000000 318.934753418
239.000000000 318.934753418
238.000000000 318.934753418
237.000000000 318.934753418
236.000000000 318.934753418
235.000000000 318.934753418
234.000000000 318.934753418
233.000000000 318.934753418
232.000000000 318.934753418
231.000000000 318.934753418
230.000000000 318.934753418
229.000000000 318.934753418
228.000000000 318.934753418
227.000000000 334.398101807
226.000000000 334.398101807
225.000000000 334.398101807
224.000000000 334.398101807
223.000000000 334.398101807
222.000000000 334.398101807
221.000000000 334.398101807
220.000000000 334.398101807
219.000000000 334.398101807
218.000000000 334.398101807
217.000000000 334.398101807
216.000000000 334.398101807
215.000000000 334.398101807
214.000000000 334.398101807
213.000000000 351.346862793
212.000000000 351.346862793
211.000000000 351.346862793
210.000000000 351.346862793
209.000000000 351.346862793
208.000000000 351.346862793
207.000000000 351.346862793
206.000000000 369.024505615
205.000000000 369.024505615
204.000000000 369.024505615
203.000000000 369.024505615
202.000000000 369.024505615
201.000000000 369.024505615
200.000000000 369.024505615
199.000000000 369.024505615
198.000000000 369.024505615
197.000000000 369.024505615
196.000000000 369.024505615
195.000000000 369.024505615
194.000000000 369.024505615
193.000000000 369.024505615
192.000000000 369.024505615
191.000000000 369.024505615
190.000000000 369.024505615
