250.000000000 318.934753418
249.000000000 318.934753418
248.000000000 318.934753418
247.000000000 318.934753418
246.000000000 318.934753418
245.000000000 318.934753418
244.000000000 318.934753418
243.000000000 318.934753418
242.000000000 318.934753418
241.000000000 318.934753418
240.000000000 318.934753418
239.000000000 318.934753418
238.000000000 318.934753418
237.000000000 318.934753418
236.000000000 318.934753418
235.000000000 318.934753418
234.000000000 318.934753418
233.000000000 318.934753418
232.000000000 318.934753418
231.000000000 318.934753418
230.000000000 318.934753418
229.000000000 318.934753418
228.000000000 318.934753418
227.000000000 318.934753418
226.000000000 335.015258789
225.000000000 335.015258789
224.000000000 335.015258789
223.000000000 335.015258789
222.000000000 335.015258789
221.000000000 335.015258789
220.000000000 335.015258789
219.000000000 335.015258789
218.000000000 335.015258789
217.000000000 335.015258789
216.000000000 335.015258789
215.000000000 335.015258789
214.000000000 335.015258789
213.000000000 335.015258789
212.000000000 352.849517822
211.000000000 352.849517822
210.000000000 352.849517822
209.000000000 352.849517822
208.000000000 352.849517822
207.000000000 352.849517822
206.000000000 352.849517822
205.000000000 369.951141357
204.000000000 369.951141357
203.000000000 369.951141357
202.000000000 369.951141357
201.000000000 369.951141357
200.000000000 369.951141357
199.000000000 369.951141357
198.000000000 369.951141357
197.000000000 369.951141357
196.000000000 369.951141357
195.000000000 369.951141357
194.000000000 369.951141357
193.000000000 369.951141357
192.000000000 369.951141357
191.000000000 369.951141357
190.000000000 369.951141357
