250.000000000 -0.927776235
249.000000000 -0.878393087
248.000000000 -0.808556062
247.000000000 -0.812901804
246.000000000 -1.010070186
245.000000000 -0.897423196
244.000000000 -0.979691680
243.000000000 -0.843382233
242.000000000 -0.806530365
241.000000000 -0.741802650
240.000000000 -0.811204271
239.000000000 -0.585288823
238.000000000 -0.993804790
237.000000000 -0.993847129
236.000000000 -1.027776259
235.000000000 -0.909087277
234.000000000 -1.104792368
233.000000000 -1.221755648
232.000000000 -1.174230758
231.000000000 -1.305043227
230.000000000 -1.148970962
229.000000000 -1.208140948
228.000000000 -1.454506305
227.000000000 -1.377703154
226.000000000 -1.382069579
225.000000000 -1.761656426
224.000000000 -1.616548345
223.000000000 -1.754464014
222.000000000 -1.280611443
221.000000000 -1.884913852
220.000000000 -1.582997365
219.000000000 -1.987615762
218.000000000 -1.841079484
217.000000000 -2.000895884
216.000000000 -1.827245693
215.000000000 -2.037684710
214.000000000 -1.879780949
213.000000000 -1.993532256
212.000000000 -1.915444225
211.000000000 -2.018343657
210.000000000 -1.826304893
209.000000000 -1.849554950
208.000000000 -2.077544177
207.000000000 -1.768120722
206.000000000 -2.094018669
205.000000000 -1.536611138
204.000000000 -1.732410156
203.000000000 -1.199997445
202.000000000 -1.508185303
201.000000000 -1.437124869
200.000000000 -0.717862770
199.000000000 -1.417812730
198.000000000 -1.290125548
197.000000000 -1.069299030
196.000000000 -0.802196620
195.000000000 -0.934528187
194.000000000 -0.777275907
193.000000000 -0.813918645
192.000000000 -1.078861558
191.000000000 -0.182954160
190.000000000 -0.887437930
