250.000000000 -0.759885542
249.000000000 -0.906608578
248.000000000 -0.854857309
247.000000000 -0.668833754
246.000000000 -0.688039302
245.000000000 -0.873920481
244.000000000 -0.852573996
243.000000000 -0.607932081
242.000000000 -0.793499646
241.000000000 -0.667048991
240.000000000 -0.795513401
239.000000000 -0.801319347
238.000000000 -1.033039686
237.000000000 -1.013713548
236.000000000 -1.051430226
235.000000000 -1.213790011
234.000000000 -1.210399118
233.000000000 -1.385738829
232.000000000 -1.217292996
231.000000000 -1.253201543
230.000000000 -1.440036265
229.000000000 -1.394349077
228.000000000 -1.256300220
227.000000000 -1.273725529
226.000000000 -1.436169228
225.000000000 -1.657521057
224.000000000 -1.762835643
223.000000000 -1.683953669
222.000000000 -1.809721096
221.000000000 -1.266227853
220.000000000 -1.907484744
219.000000000 -1.907294063
218.000000000 -1.428287243
217.000000000 -1.679738971
216.000000000 -1.988040406
215.000000000 -1.984323581
214.000000000 -2.070683128
213.000000000 -2.105647019
212.000000000 -1.792507121
211.000000000 -1.842535334
210.000000000 -1.804881411
209.000000000 -1.691986624
208.000000000 -2.112229119
207.000000000 -1.362770189
206.000000000 -2.147252279
205.000000000 -1.580726664
204.000000000 -1.503539641
203.000000000 -1.511462569
202.000000000 -1.167103359
201.000000000 -1.383124392
200.000000000 -1.282939389
199.000000000 -1.289660831
198.000000000 -1.022777328
197.000000000 -0.982461062
196.000000000 -1.133323194
195.000000000 -1.143551763
194.000000000 -0.993156319
193.000000000 -1.040789625
192.000000000 -1.225606297
191.000000000 -1.028463018
190.000000000 -1.009433989
