250.000000000 -0.761384284
249.000000000 -0.832371125
248.000000000 -0.657561218
247.000000000 -0.781447051
246.000000000 -0.640626005
245.000000000 -1.243653392
244.000000000 -0.935194939
243.000000000 -0.807793299
242.000000000 -0.958964462
241.000000000 -0.977579858
240.000000000 -0.829572405
239.000000000 -0.965422480
238.000000000 -0.887890802
237.000000000 -0.891681908
236.000000000 -0.960955889
235.000000000 -1.101017343
234.000000000 -1.016700844
233.000000000 -1.112038219
232.000000000 -1.287545733
231.000000000 -1.580639605
230.000000000 -1.204070204
229.000000000 -1.264396125
228.000000000 -1.454761714
227.000000000 -1.430621343
226.000000000 -1.459323752
225.000000000 -1.505309301
224.000000000 -1.807480586
223.000000000 -1.696006786
222.000000000 -2.130295946
221.000000000 -1.741345534
220.000000000 -1.623152639
219.000000000 -1.512702688
218.000000000 -1.558432536
217.000000000 -2.007514747
216.000000000 -1.821848328
215.000000000 -1.957575597
214.000000000 -1.949387632
213.000000000 -1.884071953
212.000000000 -2.060810006
211.000000000 -1.833343226
210.000000000 -1.751690429
209.000000000 -2.059527609
208.000000000 -1.494757086
207.000000000 -1.870858263
206.000000000 -1.888653829
205.000000000 -1.904530198
204.000000000 -1.841084341
203.000000000 -1.473302457
202.000000000 -1.464297545
201.000000000 -1.816862420
200.000000000 -1.500281072
199.000000000 -1.378632705
198.000000000 -1.244914636
197.000000000 -1.089064649
196.000000000 -1.051199805
195.000000000 -0.987970543
194.000000000 -0.947852802
193.000000000 -1.228115858
192.000000000 -1.063799955
191.000000000 -1.214981827
190.000000000 -1.329350310
