250.000000000 -0.841979886
249.000000000 -0.962316140
248.000000000 -0.744880370
247.000000000 -0.945101192
246.000000000 -0.788363866
245.000000000 -0.803346905
244.000000000 -0.889018975
243.000000000 -0.607740115
242.000000000 -0.945091147
241.000000000 -0.901377285
240.000000000 -0.923179484
239.000000000 -0.760665332
238.000000000 -1.000072847
237.000000000 -0.662743188
236.000000000 -1.149951175
235.000000000 -1.141301478
234.000000000 -1.252801754
233.000000000 -1.102752878
232.000000000 -0.966218034
231.000000000 -1.308328517
230.000000000 -1.273853380
229.000000000 -1.368089794
228.000000000 -1.517379175
227.000000000 -1.514756747
226.000000000 -1.493142529
225.000000000 -1.362517277
224.000000000 -1.687349821
223.000000000 -1.707030503
222.000000000 -1.332229190
221.000000000 -1.911400753
220.000000000 -1.549249257
219.000000000 -1.551436434
218.000000000 -1.893611574
217.000000000 -1.690492781
216.000000000 -1.891834485
215.000000000 -1.534514322
214.000000000 -1.943394675
213.000000000 -2.028504810
212.000000000 -1.855325685
211.000000000 -2.025334768
210.000000000 -2.142052796
209.000000000 -1.754755265
208.000000000 -1.897140940
207.000000000 -1.700011142
206.000000000 -1.629982297
205.000000000 -1.879662076
204.000000000 -1.759872337
203.000000000 -1.537221116
202.000000000 -1.195126727
201.000000000 -1.189592341
200.000000000 -1.546256037
199.000000000 -0.572550144
198.000000000 -1.151005530
197.000000000 -0.833751689
196.000000000 -1.099466982
195.000000000 -0.829629758
194.000000000 -1.063541228
193.000000000 -1.337921669
192.000000000 -0.993962870
191.000000000 -1.075991115
190.000000000 -1.149927162
