250.000000000 -0.801696057
249.000000000 -0.799105849
248.000000000 -1.030312613
247.000000000 -0.778667650
246.000000000 -0.851517982
245.000000000 -0.712432640
244.000000000 -0.793566975
243.000000000 -0.560138520
242.000000000 -0.686457976
241.000000000 -0.630404414
240.000000000 -0.981461618
239.000000000 -0.947933233
238.000000000 -0.767486703
237.000000000 -0.918969212
236.000000000 -0.840268662
235.000000000 -1.114868270
234.000000000 -1.068446472
233.000000000 -1.043277767
232.000000000 -1.389601733
231.000000000 -0.960582740
230.000000000 -1.338789628
229.000000000 -1.128419233
228.000000000 -1.344372224
227.000000000 -1.450766906
226.000000000 -1.612630901
225.000000000 -1.617165436
224.000000000 -1.712191228
223.000000000 -1.489201172
222.000000000 -1.913193907
221.000000000 -1.877502280
220.000000000 -1.820615488
219.000000000 -1.781626547
218.000000000 -1.571460275
217.000000000 -2.163407541
216.000000000 -1.853861965
215.000000000 -1.621275198
214.000000000 -2.056108451
213.000000000 -1.693682606
212.000000000 -1.634494970
211.000000000 -1.826075830
210.000000000 -1.855213930
209.000000000 -1.646070224
208.000000000 -1.678821755
207.000000000 -2.073284079
206.000000000 -1.691535929
205.000000000 -1.633222430
204.000000000 -1.512203876
203.000000000 -1.631927687
202.000000000 -1.171829909
201.000000000 -1.481243300
200.000000000 -0.877753354
199.000000000 -0.928720183
198.000000000 -1.441787551
197.000000000 -0.840520233
196.000000000 -0.852034156
195.000000000 -0.770441478
194.000000000 -0.976220370
193.000000000 -0.706903367
192.000000000 -1.045957842
191.000000000 -0.969241326
190.000000000 -1.228376245
