280.000000000 430.294433594
279.000000000 430.294433594
278.000000000 430.294433594
277.000000000 430.294433594
276.000000000 430.294433594
275.000000000 430.294433594
274.000000000 430.294433594
273.000000000 430.294433594
272.000000000 430.294433594
271.000000000 430.294433594
270.000000000 430.294433594
269.000000000 430.294433594
268.000000000 430.294433594
267.000000000 430.294433594
266.000000000 430.294433594
265.000000000 430.294433594
264.000000000 430.294433594
263.000000000 430.294433594
262.000000000 430.294433594
261.000000000 430.294433594
260.000000000 430.294433594
259.000000000 430.294433594
258.000000000 451.003417969
257.000000000 451.003417969
256.000000000 451.003417969
255.000000000 451.003417969
254.000000000 451.003417969
253.000000000 451.003417969
252.000000000 451.003417969
251.000000000 451.003417969
250.000000000 451.003417969
249.000000000 451.003417969
248.000000000 451.003417969
247.000000000 451.003417969
246.000000000 451.003417969
245.000000000 451.003417969
244.000000000 451.003417969
243.000000000 451.003417969
242.000000000 451.003417969
241.000000000 451.003417969
240.000000000 451.003417969
239.000000000 451.003417969
238.000000000 451.003417969
237.000000000 451.003417969
236.000000000 473.274108887
235.000000000 473.274108887
234.000000000 473.274108887
233.000000000 473.274108887
232.000000000 473.274108887
231.000000000 473.274108887
230.000000000 473.274108887
229.000000000 473.274108887
228.000000000 473.274108887
227.000000000 473.274108887
226.000000000 473.274108887
225.000000000 473.274108887
224.000000000 473.274108887
223.000000000 496.502624512
222.000000000 496.502624512
221.000000000 496.502624512
220.000000000 496.502624512
219.000000000 496.502624512
218.000000000 496.502624512
217.000000000 496.502624512
216.000000000 522.547241211
215.000000000 522.547241211
214.000000000 522.547241211
213.000000000 522.547241211
212.000000000 550.356872559
211.000000000 550.356872559
210.000000000 550.356872559
209.000000000 583.766601562
208.000000000 583.766601562
207.000000000 612.981201172
206.000000000 612.981201172
205.000000000 650.606872559
204.000000000 650.606872559
203.000000000 698.083435059
202.000000000 698.083435059
201.000000000 764.591552734
200.000000000 814.858154297
199.000000000 874.105407715
198.000000000 942.593688965
197.000000000 1013.929809570
196.000000000 1100.000000000
195.000000000 1100.000000000
194.000000000 1100.000000000
193.000000000 1100.000000000
192.000000000 1100.000000000
191.000000000 1100.000000000
190.000000000 1100.000000000
