280.000000000 430.294433594
279.000000000 430.294433594
278.000000000 430.294433594
277.000000000 430.294433594
276.000000000 430.294433594
275.000000000 430.294433594
274.000000000 430.294433594
273.000000000 430.294433594
272.000000000 430.294433594
271.000000000 430.294433594
270.000000000 430.294433594
269.000000000 430.294433594
268.000000000 430.294433594
267.000000000 430.294433594
266.000000000 430.294433594
265.000000000 430.294433594
264.000000000 430.294433594
263.000000000 430.294433594
262.000000000 430.294433594
261.000000000 430.294433594
260.000000000 430.294433594
259.000000000 450.579711914
258.000000000 450.579711914
257.000000000 450.579711914
256.000000000 450.579711914
255.000000000 450.579711914
254.000000000 450.579711914
253.000000000 450.579711914
252.000000000 450.579711914
251.000000000 450.579711914
250.000000000 450.579711914
249.000000000 450.579711914
248.000000000 450.579711914
247.000000000 450.579711914
246.000000000 450.579711914
245.000000000 450.579711914
244.000000000 450.579711914
243.000000000 450.579711914
242.000000000 450.579711914
241.000000000 450.579711914
240.000000000 450.579711914
239.000000000 450.579711914
238.000000000 450.579711914
237.000000000 450.579711914
236.000000000 472.907318115
235.000000000 472.907318115
234.000000000 472.907318115
233.000000000 472.907318115
232.000000000 472.907318115
231.000000000 472.907318115
230.000000000 472.907318115
229.000000000 472.907318115
228.000000000 472.907318115
227.000000000 472.907318115
226.000000000 472.907318115
225.000000000 472.907318115
224.000000000 472.907318115
223.000000000 497.357513428
222.000000000 497.357513428
221.000000000 497.357513428
220.000000000 497.357513428
219.000000000 497.357513428
218.000000000 497.357513428
217.000000000 497.357513428
216.000000000 522.017761230
215.000000000 522.017761230
214.000000000 522.017761230
213.000000000 522.017761230
212.000000000 550.177612305
211.000000000 550.177612305
210.000000000 550.177612305
209.000000000 583.335510254
208.000000000 583.335510254
207.000000000 613.006164551
206.000000000 613.006164551
205.000000000 648.330139160
204.000000000 648.330139160
203.000000000 698.704406738
202.000000000 698.704406738
201.000000000 765.075561523
200.000000000 814.445800781
199.000000000 871.916931152
198.000000000 939.806152344
197.000000000 1015.992370605
196.000000000 1100.000000000
195.000000000 1100.000000000
194.000000000 1100.000000000
193.000000000 1100.000000000
192.000000000 1100.000000000
191.000000000 1100.000000000
190.000000000 1100.000000000
