280.000000000 430.294433594
279.000000000 430.294433594
278.000000000 430.294433594
277.000000000 430.294433594
276.000000000 430.294433594
275.000000000 430.294433594
274.000000000 430.294433594
273.000000000 430.294433594
272.000000000 430.294433594
271.000000000 430.294433594
270.000000000 430.294433594
269.000000000 430.294433594
268.000000000 430.294433594
267.000000000 430.294433594
266.000000000 430.294433594
265.000000000 430.294433594
264.000000000 430.294433594
263.000000000 430.294433594
262.000000000 430.294433594
261.000000000 430.294433594
260.000000000 430.294433594
259.000000000 430.294433594
258.000000000 450.524566650
257.000000000 450.524566650
256.000000000 450.524566650
255.000000000 450.524566650
254.000000000 450.524566650
253.000000000 450.524566650
252.000000000 450.524566650
251.000000000 450.524566650
250.000000000 450.524566650
249.000000000 450.524566650
248.000000000 450.524566650
247.000000000 450.524566650
246.000000000 450.524566650
245.000000000 450.524566650
244.000000000 450.524566650
243.000000000 450.524566650
242.000000000 450.524566650
241.000000000 450.524566650
240.000000000 450.524566650
239.000000000 450.524566650
238.000000000 450.524566650
237.000000000 471.867919922
236.000000000 471.867919922
235.000000000 471.867919922
234.000000000 471.867919922
233.000000000 471.867919922
232.000000000 471.867919922
231.000000000 471.867919922
230.000000000 471.867919922
229.000000000 471.867919922
228.000000000 471.867919922
227.000000000 471.867919922
226.000000000 471.867919922
225.000000000 471.867919922
224.000000000 494.742004395
223.000000000 494.742004395
222.000000000 494.742004395
221.000000000 494.742004395
220.000000000 494.742004395
219.000000000 494.742004395
218.000000000 494.742004395
217.000000000 494.742004395
216.000000000 522.425598145
215.000000000 522.425598145
214.000000000 522.425598145
213.000000000 522.425598145
212.000000000 551.413940430
211.000000000 551.413940430
210.000000000 551.413940430
209.000000000 583.936523438
208.000000000 583.936523438
207.000000000 613.999755859
206.000000000 613.999755859
205.000000000 650.003234863
204.000000000 650.003234863
203.000000000 697.598144531
202.000000000 697.598144531
201.000000000 767.378112793
200.000000000 813.449340820
199.000000000 873.263793945
198.000000000 941.974182129
197.000000000 1023.123168945
196.000000000 1100.000000000
195.000000000 1100.000000000
194.000000000 1100.000000000
193.000000000 1100.000000000
192.000000000 1100.000000000
191.000000000 1100.000000000
190.000000000 1100.000000000
