280.000000000 455.925872803
279.000000000 455.925872803
278.000000000 455.925872803
277.000000000 455.925872803
276.000000000 455.925872803
275.000000000 455.925872803
274.000000000 455.925872803
273.000000000 455.925872803
272.000000000 455.925872803
271.000000000 455.925872803
270.000000000 455.925872803
269.000000000 455.925872803
268.000000000 455.925872803
267.000000000 455.925872803
266.000000000 455.925872803
265.000000000 455.925872803
264.000000000 455.925872803
263.000000000 455.925872803
262.000000000 479.941650391
261.000000000 479.941650391
260.000000000 479.941650391
259.000000000 479.941650391
258.000000000 479.941650391
257.000000000 479.941650391
256.000000000 479.941650391
255.000000000 479.941650391
254.000000000 479.941650391
253.000000000 479.941650391
252.000000000 479.941650391
251.000000000 479.941650391
250.000000000 479.941650391
249.000000000 479.941650391
248.000000000 479.941650391
247.000000000 479.941650391
246.000000000 479.941650391
245.000000000 504.221649170
244.000000000 504.221649170
243.000000000 504.221649170
242.000000000 504.221649170
241.000000000 504.221649170
240.000000000 504.221649170
239.000000000 504.221649170
238.000000000 504.221649170
237.000000000 504.221649170
236.000000000 504.221649170
235.000000000 504.221649170
234.000000000 504.221649170
233.000000000 504.221649170
232.000000000 504.221649170
231.000000000 504.221649170
230.000000000 504.221649170
229.000000000 530.195800781
228.000000000 530.195800781
227.000000000 530.195800781
226.000000000 530.195800781
225.000000000 530.195800781
224.000000000 530.195800781
223.000000000 530.195800781
222.000000000 530.195800781
221.000000000 530.195800781
220.000000000 530.195800781
219.000000000 558.696472168
218.000000000 558.696472168
217.000000000 558.696472168
216.000000000 558.696472168
215.000000000 558.696472168
214.000000000 589.399597168
213.000000000 589.399597168
212.000000000 589.399597168
211.000000000 622.006774902
210.000000000 622.006774902
209.000000000 652.497741699
208.000000000 652.497741699
207.000000000 691.079406738
206.000000000 691.079406738
205.000000000 737.625366211
204.000000000 737.625366211
203.000000000 793.495178223
202.000000000 793.495178223
201.000000000 871.282287598
200.000000000 925.090698242
199.000000000 992.226379395
198.000000000 1061.954956055
197.000000000 1100.000000000
196.000000000 1100.000000000
195.000000000 1100.000000000
194.000000000 1100.000000000
193.000000000 1100.000000000
192.000000000 1100.000000000
191.000000000 1100.000000000
190.000000000 1100.000000000
