280.000000000 455.925872803
279.000000000 455.925872803
278.000000000 455.925872803
277.000000000 455.925872803
276.000000000 455.925872803
275.000000000 455.925872803
274.000000000 455.925872803
273.000000000 455.925872803
272.000000000 455.925872803
271.000000000 455.925872803
270.000000000 455.925872803
269.000000000 455.925872803
268.000000000 455.925872803
267.000000000 455.925872803
266.000000000 455.925872803
265.000000000 455.925872803
264.000000000 455.925872803
263.000000000 455.925872803
262.000000000 479.877166748
261.000000000 479.877166748
260.000000000 479.877166748
259.000000000 479.877166748
258.000000000 479.877166748
257.000000000 479.877166748
256.000000000 479.877166748
255.000000000 479.877166748
254.000000000 479.877166748
253.000000000 479.877166748
252.000000000 479.877166748
251.000000000 479.877166748
250.000000000 479.877166748
249.000000000 479.877166748
248.000000000 479.877166748
247.000000000 479.877166748
246.000000000 479.877166748
245.000000000 504.531524658
244.000000000 504.531524658
243.000000000 504.531524658
242.000000000 504.531524658
241.000000000 504.531524658
240.000000000 504.531524658
239.000000000 504.531524658
238.000000000 504.531524658
237.000000000 504.531524658
236.000000000 504.531524658
235.000000000 504.531524658
234.000000000 504.531524658
233.000000000 504.531524658
232.000000000 504.531524658
231.000000000 504.531524658
230.000000000 504.531524658
229.000000000 530.071716309
228.000000000 530.071716309
227.000000000 530.071716309
226.000000000 530.071716309
225.000000000 530.071716309
224.000000000 530.071716309
223.000000000 530.071716309
222.000000000 530.071716309
221.000000000 530.071716309
220.000000000 556.102294922
219.000000000 556.102294922
218.000000000 556.102294922
217.000000000 556.102294922
216.000000000 556.102294922
215.000000000 556.102294922
214.000000000 588.737304688
213.000000000 588.737304688
212.000000000 588.737304688
211.000000000 623.139709473
210.000000000 623.139709473
209.000000000 653.641296387
208.000000000 653.641296387
207.000000000 691.857788086
206.000000000 691.857788086
205.000000000 736.794677734
204.000000000 736.794677734
203.000000000 795.224121094
202.000000000 795.224121094
201.000000000 869.015380859
200.000000000 926.447448730
199.000000000 989.875305176
198.000000000 1065.036132812
197.000000000 1100.000000000
196.000000000 1100.000000000
195.000000000 1100.000000000
194.000000000 1100.000000000
193.000000000 1100.000000000
192.000000000 1100.000000000
191.000000000 1100.000000000
190.000000000 1100.000000000
