280.000000000 455.925872803
279.000000000 455.925872803
278.000000000 455.925872803
277.000000000 455.925872803
276.000000000 455.925872803
275.000000000 455.925872803
274.000000000 455.925872803
273.000000000 455.925872803
272.000000000 455.925872803
271.000000000 455.925872803
270.000000000 455.925872803
269.000000000 455.925872803
268.000000000 455.925872803
267.000000000 455.925872803
266.000000000 455.925872803
265.000000000 455.925872803
264.000000000 455.925872803
263.000000000 478.692077637
262.000000000 478.692077637
261.000000000 478.692077637
260.000000000 478.692077637
259.000000000 478.692077637
258.000000000 478.692077637
257.000000000 478.692077637
256.000000000 478.692077637
255.000000000 478.692077637
254.000000000 478.692077637
253.000000000 478.692077637
252.000000000 478.692077637
251.000000000 478.692077637
250.000000000 478.692077637
249.000000000 478.692077637
248.000000000 478.692077637
247.000000000 478.692077637
246.000000000 502.772735596
245.000000000 502.772735596
244.000000000 502.772735596
243.000000000 502.772735596
242.000000000 502.772735596
241.000000000 502.772735596
240.000000000 502.772735596
239.000000000 502.772735596
238.000000000 502.772735596
237.000000000 502.772735596
236.000000000 502.772735596
235.000000000 502.772735596
234.000000000 502.772735596
233.000000000 502.772735596
232.000000000 502.772735596
231.000000000 502.772735596
230.000000000 527.998046875
229.000000000 527.998046875
228.000000000 527.998046875
227.000000000 527.998046875
226.000000000 527.998046875
225.000000000 527.998046875
224.000000000 527.998046875
223.000000000 527.998046875
222.000000000 527.998046875
221.000000000 527.998046875
220.000000000 556.766784668
219.000000000 556.766784668
218.000000000 556.766784668
217.000000000 556.766784668
216.000000000 556.766784668
215.000000000 556.766784668
214.000000000 588.927612305
213.000000000 588.927612305
212.000000000 588.927612305
211.000000000 621.320861816
210.000000000 621.320861816
209.000000000 653.064941406
208.000000000 653.064941406
207.000000000 690.574523926
206.000000000 690.574523926
205.000000000 738.708068848
204.000000000 738.708068848
203.000000000 794.216552734
202.000000000 794.216552734
201.000000000 872.408142090
200.000000000 927.328247070
199.000000000 993.877502441
198.000000000 1069.202880859
197.000000000 1100.000000000
196.000000000 1100.000000000
195.000000000 1100.000000000
194.000000000 1100.000000000
193.000000000 1100.000000000
192.000000000 1100.000000000
191.000000000 1100.000000000
190.000000000 1100.000000000
