280.000000000 455.925872803
279.000000000 455.925872803
278.000000000 455.925872803
277.000000000 455.925872803
276.000000000 455.925872803
275.000000000 455.925872803
274.000000000 455.925872803
273.000000000 455.925872803
272.000000000 455.925872803
271.000000000 455.925872803
270.000000000 455.925872803
269.000000000 455.925872803
268.000000000 455.925872803
267.000000000 455.925872803
266.000000000 455.925872803
265.000000000 455.925872803
264.000000000 455.925872803
263.000000000 478.341033936
262.000000000 478.341033936
261.000000000 478.341033936
260.000000000 478.341033936
259.000000000 478.341033936
258.000000000 478.341033936
257.000000000 478.341033936
256.000000000 478.341033936
255.000000000 478.341033936
254.000000000 478.341033936
253.000000000 478.341033936
252.000000000 478.341033936
251.000000000 478.341033936
250.000000000 478.341033936
249.000000000 478.341033936
248.000000000 478.341033936
247.000000000 501.724426270
246.000000000 501.724426270
245.000000000 501.724426270
244.000000000 501.724426270
243.000000000 501.724426270
242.000000000 501.724426270
241.000000000 501.724426270
240.000000000 501.724426270
239.000000000 501.724426270
238.000000000 501.724426270
237.000000000 501.724426270
236.000000000 501.724426270
235.000000000 501.724426270
234.000000000 501.724426270
233.000000000 501.724426270
232.000000000 501.724426270
231.000000000 526.043884277
230.000000000 526.043884277
229.000000000 526.043884277
228.000000000 526.043884277
227.000000000 526.043884277
226.000000000 526.043884277
225.000000000 526.043884277
224.000000000 526.043884277
223.000000000 526.043884277
222.000000000 526.043884277
221.000000000 552.158081055
220.000000000 552.158081055
219.000000000 552.158081055
218.000000000 552.158081055
217.000000000 552.158081055
216.000000000 552.158081055
215.000000000 582.931274414
214.000000000 582.931274414
213.000000000 582.931274414
212.000000000 582.931274414
211.000000000 621.909240723
210.000000000 621.909240723
209.000000000 654.799377441
208.000000000 654.799377441
207.000000000 691.932189941
206.000000000 691.932189941
205.000000000 738.813659668
204.000000000 738.813659668
203.000000000 794.968566895
202.000000000 794.968566895
201.000000000 872.828979492
200.000000000 923.921813965
199.000000000 991.907348633
198.000000000 1066.515014648
197.000000000 1100.000000000
196.000000000 1100.000000000
195.000000000 1100.000000000
194.000000000 1100.000000000
193.000000000 1100.000000000
192.000000000 1100.000000000
191.000000000 1100.000000000
190.000000000 1100.000000000
