280.000000000 -0.085537832
279.000000000 -1.345149501
278.000000000 -0.046466621
277.000000000 1.359802481
276.000000000 0.148950048
275.000000000 -0.711257211
274.000000000 -0.203677660
273.000000000 -0.381002521
272.000000000 -0.447524971
271.000000000 -0.229612240
270.000000000 -0.314732700
269.000000000 0.066489204
268.000000000 -0.362587009
267.000000000 0.851950782
266.000000000 -1.117919380
265.000000000 -0.244681720
264.000000000 -0.061213279
263.000000000 -0.934410627
262.000000000 0.067153400
261.000000000 -0.231217768
260.000000000 -1.476362979
259.000000000 -0.308997282
258.000000000 0.554320068
257.000000000 -0.335208559
256.000000000 -1.012916662
255.000000000 -0.692415258
254.000000000 -0.760987037
253.000000000 -0.284188911
252.000000000 0.054868929
251.000000000 -0.700699839
250.000000000 -1.695558663
249.000000000 -1.950596035
248.000000000 -1.063835750
247.000000000 -2.188082684
246.000000000 -1.492395451
245.000000000 -0.726906154
244.000000000 -1.173666903
243.000000000 -0.341221730
242.000000000 -0.626965444
241.000000000 -0.279697944
240.000000000 -1.178592616
239.000000000 -1.075867662
238.000000000 -1.922490687
237.000000000 -1.622750243
236.000000000 0.797289479
235.000000000 -2.078356913
234.000000000 -0.733551073
233.000000000 -0.758180872
232.000000000 -1.327197563
231.000000000 -1.708700900
230.000000000 -1.651689676
229.000000000 -2.694989915
228.000000000 -2.823786271
227.000000000 -2.486213187
226.000000000 -2.758206151
225.000000000 -3.301899115
224.000000000 -3.739818980
223.000000000 -2.513205149
222.000000000 -1.642085987
221.000000000 -1.717585273
220.000000000 -2.381775372
219.000000000 -3.826337118
218.000000000 -4.358992490
217.000000000 -3.950205623
216.000000000 -3.043557601
215.000000000 -5.394074536
214.000000000 -3.259948086
213.000000000 -6.166964106
212.000000000 -5.337986712
211.000000000 -2.338462537
210.000000000 -4.864488647
209.000000000 -6.412061652
208.000000000 3.512198608
207.000000000 -0.013837816
206.000000000 -2.714957989
205.000000000 3.087350502
204.000000000 -12.651619787
203.000000000 2.837793905
202.000000000 2.032635234
201.000000000 7.651564306
200.000000000 6.609934049
199.000000000 -4.970073580
198.000000000 16.407278414
197.000000000 1.440417972
196.000000000 29.645664707
195.000000000 45.443768843
194.000000000 -61.757792339
193.000000000 -72.869892600
192.000000000 -34.436646135
191.000000000 -64.698824768
190.000000000 107.372686202
