280.000000000 -0.456880404
279.000000000 0.183826901
278.000000000 -0.084243263
277.000000000 -0.791091398
276.000000000 -0.229805604
275.000000000 -1.154654596
274.000000000 1.322434846
273.000000000 -0.293601118
272.000000000 0.233332858
271.000000000 0.147903177
270.000000000 0.283886794
269.000000000 -0.248833795
268.000000000 -0.194308025
267.000000000 -1.453796472
266.000000000 0.258364701
265.000000000 -0.666575854
264.000000000 -0.016246197
263.000000000 -0.349535769
262.000000000 -0.677272611
261.000000000 0.451027417
260.000000000 0.696653394
259.000000000 -1.339299381
258.000000000 -0.139145494
257.000000000 -0.280774102
256.000000000 -0.499448433
255.000000000 -1.107666456
254.000000000 -0.252805802
253.000000000 -2.613772107
252.000000000 -0.808585342
251.000000000 -0.224525960
250.000000000 -1.329818486
249.000000000 -1.505154497
248.000000000 -1.485260731
247.000000000 -1.899844614
246.000000000 -1.807019817
245.000000000 0.579902021
244.000000000 -1.393992913
243.000000000 -0.180637088
242.000000000 -0.065041858
241.000000000 0.604923732
240.000000000 -0.160684744
239.000000000 -1.289607347
238.000000000 -0.674407844
237.000000000 -1.077516382
236.000000000 -0.667561196
235.000000000 -2.449152094
234.000000000 -2.983544972
233.000000000 -3.742963311
232.000000000 -2.099274915
231.000000000 -1.878450503
230.000000000 -3.688965965
229.000000000 -2.802889866
228.000000000 -2.840003914
227.000000000 -0.711964280
226.000000000 -2.302235696
225.000000000 -0.189598810
224.000000000 -2.776807535
223.000000000 -3.414932882
222.000000000 -2.581311034
221.000000000 -3.075573303
220.000000000 -3.102565495
219.000000000 -1.391071871
218.000000000 -1.622050174
217.000000000 -2.331311880
216.000000000 -2.959361063
215.000000000 -2.853225406
214.000000000 -2.929852218
213.000000000 -1.008114911
212.000000000 -2.132793616
211.000000000 -5.587449754
210.000000000 -1.148915778
209.000000000 -1.010423110
208.000000000 -2.456297287
207.000000000 -2.883287684
206.000000000 -0.047768808
205.000000000 -6.859327956
204.000000000 -0.059599407
203.000000000 -3.104282118
202.000000000 -8.436399647
201.000000000 -0.650199319
200.000000000 -2.283627206
199.000000000 6.631329332
198.000000000 11.868049834
197.000000000 1.991453320
196.000000000 32.650256490
195.000000000 7.326156823
194.000000000 -4.859757906
193.000000000 -93.277820403
192.000000000 59.262643447
191.000000000 -26.957974035
190.000000000 -9.017818231
