280.000000000 0.593558387
279.000000000 -0.605661484
278.000000000 -0.349398728
277.000000000 0.171371521
276.000000000 -0.916529291
275.000000000 -0.135205722
274.000000000 -0.966008487
273.000000000 -0.347450739
272.000000000 -0.928012139
271.000000000 -0.614572826
270.000000000 -1.638310134
269.000000000 0.140822114
268.000000000 -0.465114866
267.000000000 1.077990838
266.000000000 -0.423706322
265.000000000 -1.725340145
264.000000000 -0.395729106
263.000000000 -0.076510385
262.000000000 0.659856348
261.000000000 -1.135339241
260.000000000 -1.338871956
259.000000000 -2.066984271
258.000000000 -0.133220092
257.000000000 -0.736247534
256.000000000 -0.508650268
255.000000000 0.173737664
254.000000000 -0.758829791
253.000000000 -0.961034789
252.000000000 -0.303978578
251.000000000 -0.598786748
250.000000000 -0.953622773
249.000000000 0.300528941
248.000000000 -0.557481574
247.000000000 0.110290554
246.000000000 -0.663429010
245.000000000 -0.950986688
244.000000000 -1.970084886
243.000000000 1.203582879
242.000000000 -1.715115488
241.000000000 -1.092118942
240.000000000 -0.318451290
239.000000000 -0.798789915
238.000000000 -1.794315583
237.000000000 -0.467773763
236.000000000 -1.762269192
235.000000000 -1.046370197
234.000000000 -0.864486223
233.000000000 -1.446658277
232.000000000 -2.069442452
231.000000000 -1.286954476
230.000000000 0.657223748
229.000000000 -0.296772991
228.000000000 -2.879263893
227.000000000 -2.722588146
226.000000000 -0.427010854
225.000000000 -3.081321864
224.000000000 -2.937603806
223.000000000 -4.731556297
222.000000000 -3.625547474
221.000000000 -1.912367138
220.000000000 -3.989590688
219.000000000 -2.550678448
218.000000000 -1.779341590
217.000000000 -4.299627469
216.000000000 -2.755654168
215.000000000 -1.420500117
214.000000000 -3.206918932
213.000000000 -3.195398878
212.000000000 -5.334344197
211.000000000 -3.175986075
210.000000000 -5.571844920
209.000000000 -6.458241445
208.000000000 -4.340598858
207.000000000 3.207069630
206.000000000 -4.023513816
205.000000000 -0.296497910
204.000000000 -7.819416089
203.000000000 1.744261166
202.000000000 -5.139290758
201.000000000 -6.693777328
200.000000000 2.369371044
199.000000000 15.156577015
198.000000000 -9.174098591
197.000000000 14.078680935
196.000000000 20.569345819
195.000000000 -42.905615569
194.000000000 -70.995890681
193.000000000 -54.790715410
192.000000000 -2.463570881
191.000000000 -8.714167038
190.000000000 20.816637867
