280.000000000 0.048647179
279.000000000 0.252543672
278.000000000 -0.220559701
277.000000000 0.825529896
276.000000000 0.829190788
275.000000000 0.500938497
274.000000000 -1.207909446
273.000000000 -1.252791933
272.000000000 -0.154353757
271.000000000 -0.383016006
270.000000000 0.656808438
269.000000000 -0.084306470
268.000000000 0.056874824
267.000000000 -1.118556247
266.000000000 -0.703333184
265.000000000 -0.178709479
264.000000000 0.319320466
263.000000000 -1.011090133
262.000000000 0.093945626
261.000000000 0.133397762
260.000000000 -0.315652328
259.000000000 -1.937459682
258.000000000 -0.832869366
257.000000000 -1.472841581
256.000000000 -0.204201390
255.000000000 -1.999144272
254.000000000 -0.241364938
253.000000000 -1.578679982
252.000000000 -1.810043212
251.000000000 -1.856817603
250.000000000 -1.841849387
249.000000000 0.160403660
248.000000000 -0.595983349
247.000000000 -2.287205667
246.000000000 -1.356330566
245.000000000 -0.593377547
244.000000000 -2.232052266
243.000000000 -1.119976282
242.000000000 1.047258569
241.000000000 -0.902770774
240.000000000 -1.422794400
239.000000000 -1.490240416
238.000000000 0.112190832
237.000000000 -2.801651955
236.000000000 -3.334303688
235.000000000 -0.914540398
234.000000000 -1.180910960
233.000000000 -0.603696467
232.000000000 -2.331725189
231.000000000 -2.904526508
230.000000000 -0.710378211
229.000000000 -2.430681926
228.000000000 -3.236013052
227.000000000 -2.113819197
226.000000000 -1.928804998
225.000000000 -2.965796543
224.000000000 -1.659178067
223.000000000 -0.749459350
222.000000000 -2.944388948
221.000000000 -4.891115862
220.000000000 -1.617981626
219.000000000 -5.125250369
218.000000000 -3.575774005
217.000000000 -1.723910641
216.000000000 -4.318377358
215.000000000 -0.219648460
214.000000000 -3.082896108
213.000000000 -1.922708720
212.000000000 -3.632418056
211.000000000 -0.547584265
210.000000000 -1.516383511
209.000000000 -5.247673676
208.000000000 -8.140279407
207.000000000 -6.851718975
206.000000000 -2.322047775
205.000000000 -8.737309982
204.000000000 -2.493941388
203.000000000 -4.548124884
202.000000000 1.527214636
201.000000000 -7.408440502
200.000000000 0.051183730
199.000000000 -13.214965281
198.000000000 -8.530524939
197.000000000 35.250373379
196.000000000 -8.195266974
195.000000000 -8.729218253
194.000000000 22.974694093
193.000000000 11.087680447
192.000000000 3.492726145
191.000000000 -36.354537573
190.000000000 -30.599635835
