280.000000000 -0.450184772
279.000000000 -0.663522669
278.000000000 -0.883378572
277.000000000 0.089299743
276.000000000 0.511991572
275.000000000 -0.552247107
274.000000000 -0.164107775
273.000000000 -0.600338463
272.000000000 -0.924898786
271.000000000 -0.575418419
270.000000000 0.186573831
269.000000000 -0.251482758
268.000000000 -0.426561008
267.000000000 -0.669229215
266.000000000 0.232144273
265.000000000 -0.875986214
264.000000000 -0.733323101
263.000000000 -0.486741992
262.000000000 0.551131733
261.000000000 0.005017066
260.000000000 -0.349045301
259.000000000 -0.293850386
258.000000000 0.048828462
257.000000000 -0.892145642
256.000000000 -0.299834489
255.000000000 -1.161061418
254.000000000 -0.938071559
253.000000000 -1.517100655
252.000000000 -2.309873467
251.000000000 -0.376115461
250.000000000 -2.629127633
249.000000000 -1.809659286
248.000000000 -1.094210317
247.000000000 -0.680916558
246.000000000 -1.355493014
245.000000000 -1.585773931
244.000000000 -0.312477425
243.000000000 -0.808226736
242.000000000 -1.357143889
241.000000000 -0.335061210
240.000000000 -2.455985829
239.000000000 -2.535538273
238.000000000 1.020122462
237.000000000 -0.801350419
236.000000000 -0.862670748
235.000000000 -1.671418230
234.000000000 -0.955133858
233.000000000 -1.729628710
232.000000000 -1.627305795
231.000000000 -1.874056962
230.000000000 -2.752996041
229.000000000 -2.377487113
228.000000000 -1.064977749
227.000000000 -1.039774543
226.000000000 -3.220180385
225.000000000 -3.106821707
224.000000000 -2.884318871
223.000000000 -3.853175118
222.000000000 -2.257006714
221.000000000 -2.014844412
220.000000000 -2.963643870
219.000000000 -2.169866915
218.000000000 -0.971006017
217.000000000 0.795613547
216.000000000 -0.180115857
215.000000000 -5.880136917
214.000000000 -3.561704933
213.000000000 -1.790637484
212.000000000 -3.451848785
211.000000000 -3.045902971
210.000000000 -2.445262284
209.000000000 -0.563157757
208.000000000 -5.778962699
207.000000000 0.114838899
206.000000000 2.337128787
205.000000000 0.895663482
204.000000000 -13.838184379
203.000000000 -4.748439627
202.000000000 -5.195285103
201.000000000 -1.822809246
200.000000000 -11.489680455
199.000000000 -9.023601311
198.000000000 -0.129510369
197.000000000 -24.903474621
196.000000000 -24.631244879
195.000000000 64.387356573
194.000000000 -17.534755708
193.000000000 -46.791747845
192.000000000 27.101776274
191.000000000 64.200363066
190.000000000 -21.223779052
