280.000000000 430.294433594
279.000000000 430.294433594
278.000000000 430.294433594
277.000000000 430.294433594
276.000000000 430.294433594
275.000000000 430.294433594
274.000000000 430.294433594
273.000000000 430.294433594
272.000000000 430.294433594
271.000000000 430.294433594
270.000000000 430.294433594
269.000000000 430.294433594
268.000000000 430.294433594
267.000000000 430.294433594
266.000000000 430.294433594
265.000000000 430.294433594
264.000000000 430.294433594
263.000000000 430.294433594
262.000000000 450.494262695
261.000000000 450.494262695
260.000000000 450.494262695
259.000000000 450.494262695
258.000000000 450.494262695
257.000000000 450.494262695
256.000000000 450.494262695
255.000000000 450.494262695
254.000000000 450.494262695
253.000000000 450.494262695
252.000000000 450.494262695
251.000000000 450.494262695
250.000000000 450.494262695
249.000000000 450.494262695
248.000000000 450.494262695
247.000000000 450.494262695
246.000000000 450.494262695
245.000000000 450.494262695
244.000000000 450.494262695
243.000000000 450.494262695
242.000000000 450.494262695
241.000000000 450.494262695
240.000000000 450.494262695
239.000000000 450.494262695
238.000000000 473.380249023
237.000000000 473.380249023
236.000000000 473.380249023
235.000000000 473.380249023
234.000000000 473.380249023
233.000000000 473.380249023
232.000000000 473.380249023
231.000000000 473.380249023
230.000000000 496.072631836
229.000000000 496.072631836
228.000000000 496.072631836
227.000000000 496.072631836
226.000000000 496.072631836
225.000000000 496.072631836
224.000000000 522.437438965
223.000000000 522.437438965
222.000000000 522.437438965
221.000000000 522.437438965
220.000000000 549.297729492
219.000000000 549.297729492
218.000000000 549.297729492
217.000000000 549.297729492
216.000000000 578.124023438
215.000000000 578.124023438
214.000000000 578.124023438
213.000000000 605.683105469
212.000000000 605.683105469
211.000000000 605.683105469
210.000000000 635.735656738
209.000000000 635.735656738
208.000000000 635.735656738
207.000000000 670.534729004
206.000000000 670.534729004
205.000000000 670.534729004
204.000000000 706.105407715
203.000000000 706.105407715
202.000000000 706.105407715
201.000000000 751.116027832
200.000000000 751.116027832
199.000000000 790.558532715
198.000000000 790.558532715
197.000000000 829.977905273
196.000000000 829.977905273
195.000000000 871.553161621
194.000000000 871.553161621
193.000000000 913.116271973
192.000000000 913.116271973
191.000000000 959.357360840
190.000000000 959.357360840
189.000000000 1021.117126465
188.000000000 1021.117126465
187.000000000 1100.000000000
186.000000000 1100.000000000
185.000000000 1100.000000000
184.000000000 1100.000000000
183.000000000 1100.000000000
182.000000000 1100.000000000
181.000000000 1100.000000000
180.000000000 1100.000000000
