280.000000000 455.925872803
279.000000000 455.925872803
278.000000000 455.925872803
277.000000000 455.925872803
276.000000000 455.925872803
275.000000000 455.925872803
274.000000000 455.925872803
273.000000000 455.925872803
272.000000000 455.925872803
271.000000000 455.925872803
270.000000000 455.925872803
269.000000000 455.925872803
268.000000000 455.925872803
267.000000000 455.925872803
266.000000000 455.925872803
265.000000000 455.925872803
264.000000000 455.925872803
263.000000000 479.077728271
262.000000000 479.077728271
261.000000000 479.077728271
260.000000000 479.077728271
259.000000000 479.077728271
258.000000000 479.077728271
257.000000000 479.077728271
256.000000000 479.077728271
255.000000000 479.077728271
254.000000000 479.077728271
253.000000000 479.077728271
252.000000000 479.077728271
251.000000000 479.077728271
250.000000000 479.077728271
249.000000000 479.077728271
248.000000000 479.077728271
247.000000000 479.077728271
246.000000000 503.810668945
245.000000000 503.810668945
244.000000000 503.810668945
243.000000000 503.810668945
242.000000000 503.810668945
241.000000000 503.810668945
240.000000000 503.810668945
239.000000000 503.810668945
238.000000000 503.810668945
237.000000000 503.810668945
236.000000000 503.810668945
235.000000000 503.810668945
234.000000000 531.507080078
233.000000000 531.507080078
232.000000000 531.507080078
231.000000000 531.507080078
230.000000000 531.507080078
229.000000000 531.507080078
228.000000000 531.507080078
227.000000000 559.288024902
226.000000000 559.288024902
225.000000000 559.288024902
224.000000000 559.288024902
223.000000000 559.288024902
222.000000000 588.328430176
221.000000000 588.328430176
220.000000000 588.328430176
219.000000000 588.328430176
218.000000000 621.741333008
217.000000000 621.741333008
216.000000000 621.741333008
215.000000000 621.741333008
214.000000000 659.018798828
213.000000000 659.018798828
212.000000000 659.018798828
211.000000000 696.915954590
210.000000000 696.915954590
209.000000000 696.915954590
208.000000000 740.539428711
207.000000000 740.539428711
206.000000000 740.539428711
205.000000000 782.800415039
204.000000000 782.800415039
203.000000000 782.800415039
202.000000000 830.737731934
201.000000000 830.737731934
200.000000000 830.737731934
199.000000000 883.799011230
198.000000000 883.799011230
197.000000000 883.799011230
196.000000000 935.187805176
195.000000000 935.187805176
194.000000000 935.187805176
193.000000000 992.994628906
192.000000000 992.994628906
191.000000000 1041.610595703
190.000000000 1041.610595703
189.000000000 1100.000000000
188.000000000 1100.000000000
187.000000000 1100.000000000
186.000000000 1100.000000000
185.000000000 1100.000000000
184.000000000 1100.000000000
183.000000000 1100.000000000
182.000000000 1100.000000000
181.000000000 1100.000000000
180.000000000 1100.000000000
