280.000000000 455.925872803
279.000000000 455.925872803
278.000000000 455.925872803
277.000000000 455.925872803
276.000000000 455.925872803
275.000000000 455.925872803
274.000000000 455.925872803
273.000000000 455.925872803
272.000000000 455.925872803
271.000000000 455.925872803
270.000000000 455.925872803
269.000000000 455.925872803
268.000000000 455.925872803
267.000000000 455.925872803
266.000000000 455.925872803
265.000000000 478.124237061
264.000000000 478.124237061
263.000000000 478.124237061
262.000000000 478.124237061
261.000000000 478.124237061
260.000000000 478.124237061
259.000000000 478.124237061
258.000000000 478.124237061
257.000000000 478.124237061
256.000000000 478.124237061
255.000000000 478.124237061
254.000000000 478.124237061
253.000000000 478.124237061
252.000000000 478.124237061
251.000000000 478.124237061
250.000000000 478.124237061
249.000000000 478.124237061
248.000000000 501.249114990
247.000000000 501.249114990
246.000000000 501.249114990
245.000000000 501.249114990
244.000000000 501.249114990
243.000000000 501.249114990
242.000000000 501.249114990
241.000000000 501.249114990
240.000000000 501.249114990
239.000000000 501.249114990
238.000000000 501.249114990
237.000000000 501.249114990
236.000000000 501.249114990
235.000000000 528.660278320
234.000000000 528.660278320
233.000000000 528.660278320
232.000000000 528.660278320
231.000000000 528.660278320
230.000000000 528.660278320
229.000000000 528.660278320
228.000000000 554.271545410
227.000000000 554.271545410
226.000000000 554.271545410
225.000000000 554.271545410
224.000000000 554.271545410
223.000000000 581.362548828
222.000000000 581.362548828
221.000000000 581.362548828
220.000000000 581.362548828
219.000000000 611.369873047
218.000000000 611.369873047
217.000000000 611.369873047
216.000000000 611.369873047
215.000000000 648.721008301
214.000000000 648.721008301
213.000000000 648.721008301
212.000000000 683.143371582
211.000000000 683.143371582
210.000000000 683.143371582
209.000000000 725.599670410
208.000000000 725.599670410
207.000000000 725.599670410
206.000000000 769.763488770
205.000000000 769.763488770
204.000000000 769.763488770
203.000000000 815.997009277
202.000000000 815.997009277
201.000000000 815.997009277
200.000000000 863.874267578
199.000000000 863.874267578
198.000000000 863.874267578
197.000000000 920.482299805
196.000000000 920.482299805
195.000000000 920.482299805
194.000000000 971.128173828
193.000000000 971.128173828
192.000000000 971.128173828
191.000000000 1034.183715820
190.000000000 1034.183715820
189.000000000 1100.000000000
188.000000000 1100.000000000
187.000000000 1100.000000000
186.000000000 1100.000000000
185.000000000 1100.000000000
184.000000000 1100.000000000
183.000000000 1100.000000000
182.000000000 1100.000000000
181.000000000 1100.000000000
180.000000000 1100.000000000
