280.000000000 455.925872803
279.000000000 455.925872803
278.000000000 455.925872803
277.000000000 455.925872803
276.000000000 455.925872803
275.000000000 455.925872803
274.000000000 455.925872803
273.000000000 455.925872803
272.000000000 455.925872803
271.000000000 455.925872803
270.000000000 455.925872803
269.000000000 455.925872803
268.000000000 455.925872803
267.000000000 455.925872803
266.000000000 455.925872803
265.000000000 478.414764404
264.000000000 478.414764404
263.000000000 478.414764404
262.000000000 478.414764404
261.000000000 478.414764404
260.000000000 478.414764404
259.000000000 478.414764404
258.000000000 478.414764404
257.000000000 478.414764404
256.000000000 478.414764404
255.000000000 478.414764404
254.000000000 478.414764404
253.000000000 478.414764404
252.000000000 478.414764404
251.000000000 478.414764404
250.000000000 478.414764404
249.000000000 478.414764404
248.000000000 501.959167480
247.000000000 501.959167480
246.000000000 501.959167480
245.000000000 501.959167480
244.000000000 501.959167480
243.000000000 501.959167480
242.000000000 501.959167480
241.000000000 501.959167480
240.000000000 501.959167480
239.000000000 501.959167480
238.000000000 501.959167480
237.000000000 501.959167480
236.000000000 501.959167480
235.000000000 529.234313965
234.000000000 529.234313965
233.000000000 529.234313965
232.000000000 529.234313965
231.000000000 529.234313965
230.000000000 529.234313965
229.000000000 529.234313965
228.000000000 529.234313965
227.000000000 558.762268066
226.000000000 558.762268066
225.000000000 558.762268066
224.000000000 558.762268066
223.000000000 558.762268066
222.000000000 589.187316895
221.000000000 589.187316895
220.000000000 589.187316895
219.000000000 589.187316895
218.000000000 619.461242676
217.000000000 619.461242676
216.000000000 619.461242676
215.000000000 619.461242676
214.000000000 656.964172363
213.000000000 656.964172363
212.000000000 656.964172363
211.000000000 695.747985840
210.000000000 695.747985840
209.000000000 695.747985840
208.000000000 737.544677734
207.000000000 737.544677734
206.000000000 737.544677734
205.000000000 785.770629883
204.000000000 785.770629883
203.000000000 785.770629883
202.000000000 829.455139160
201.000000000 829.455139160
200.000000000 829.455139160
199.000000000 884.046691895
198.000000000 884.046691895
197.000000000 884.046691895
196.000000000 935.921447754
195.000000000 935.921447754
194.000000000 935.921447754
193.000000000 993.393920898
192.000000000 993.393920898
191.000000000 993.393920898
190.000000000 1059.950073242
189.000000000 1059.950073242
188.000000000 1100.000000000
187.000000000 1100.000000000
186.000000000 1100.000000000
185.000000000 1100.000000000
184.000000000 1100.000000000
183.000000000 1100.000000000
182.000000000 1100.000000000
181.000000000 1100.000000000
180.000000000 1100.000000000
