280.000000000 430.294433594
279.000000000 430.294433594
278.000000000 430.294433594
277.000000000 430.294433594
276.000000000 430.294433594
275.000000000 430.294433594
274.000000000 430.294433594
273.000000000 430.294433594
272.000000000 430.294433594
271.000000000 430.294433594
270.000000000 430.294433594
269.000000000 430.294433594
268.000000000 430.294433594
267.000000000 430.294433594
266.000000000 430.294433594
265.000000000 430.294433594
264.000000000 430.294433594
263.000000000 430.294433594
262.000000000 430.294433594
261.000000000 430.294433594
260.000000000 451.237365723
259.000000000 451.237365723
258.000000000 451.237365723
257.000000000 451.237365723
256.000000000 451.237365723
255.000000000 451.237365723
254.000000000 451.237365723
253.000000000 451.237365723
252.000000000 451.237365723
251.000000000 451.237365723
250.000000000 451.237365723
249.000000000 451.237365723
248.000000000 451.237365723
247.000000000 451.237365723
246.000000000 451.237365723
245.000000000 451.237365723
244.000000000 451.237365723
243.000000000 451.237365723
242.000000000 451.237365723
241.000000000 451.237365723
240.000000000 451.237365723
239.000000000 451.237365723
238.000000000 472.772094727
237.000000000 472.772094727
236.000000000 472.772094727
235.000000000 472.772094727
234.000000000 472.772094727
233.000000000 472.772094727
232.000000000 472.772094727
231.000000000 472.772094727
230.000000000 495.922973633
229.000000000 495.922973633
228.000000000 495.922973633
227.000000000 495.922973633
226.000000000 495.922973633
225.000000000 495.922973633
224.000000000 523.281311035
223.000000000 523.281311035
222.000000000 523.281311035
221.000000000 523.281311035
220.000000000 548.782897949
219.000000000 548.782897949
218.000000000 548.782897949
217.000000000 548.782897949
216.000000000 578.906311035
215.000000000 578.906311035
214.000000000 578.906311035
213.000000000 578.906311035
212.000000000 615.236938477
211.000000000 615.236938477
210.000000000 615.236938477
209.000000000 647.184509277
208.000000000 647.184509277
207.000000000 647.184509277
206.000000000 681.187866211
205.000000000 681.187866211
204.000000000 681.187866211
203.000000000 719.916870117
202.000000000 719.916870117
201.000000000 719.916870117
200.000000000 770.963012695
199.000000000 770.963012695
198.000000000 808.258728027
197.000000000 808.258728027
196.000000000 849.038757324
195.000000000 849.038757324
194.000000000 889.785644531
193.000000000 889.785644531
192.000000000 932.634460449
191.000000000 932.634460449
190.000000000 986.488952637
189.000000000 986.488952637
188.000000000 1069.680053711
187.000000000 1100.000000000
186.000000000 1100.000000000
185.000000000 1100.000000000
184.000000000 1100.000000000
183.000000000 1100.000000000
182.000000000 1100.000000000
181.000000000 1100.000000000
180.000000000 1100.000000000
