280.000000000 0.501753104
279.000000000 0.811452599
278.000000000 -0.036134657
277.000000000 0.368268452
276.000000000 1.152724246
275.000000000 0.615797775
274.000000000 -0.605557631
273.000000000 -0.203370015
272.000000000 -0.719159994
271.000000000 0.816359427
270.000000000 -0.002872494
269.000000000 -0.375052676
268.000000000 -0.369197423
267.000000000 -0.350721790
266.000000000 0.078301380
265.000000000 0.042547636
264.000000000 -0.122390408
263.000000000 -1.917739319
262.000000000 -0.246374911
261.000000000 0.116694151
260.000000000 -0.171563850
259.000000000 0.549568153
258.000000000 -0.448666914
257.000000000 0.327366100
256.000000000 -2.179409864
255.000000000 -1.863579579
254.000000000 -0.862914849
253.000000000 -1.627570401
252.000000000 -1.053756124
251.000000000 -1.760791789
250.000000000 -1.281363975
249.000000000 -1.283465436
248.000000000 -0.851181024
247.000000000 -1.838695723
246.000000000 -1.826601680
245.000000000 -2.382456215
244.000000000 -0.535498549
243.000000000 -2.390570243
242.000000000 -2.651548723
241.000000000 -0.870961959
240.000000000 -1.337929019
239.000000000 -2.379044497
238.000000000 -2.379958131
237.000000000 -4.177864026
236.000000000 -4.634484005
235.000000000 -7.091308569
234.000000000 -9.557398106
233.000000000 -9.512519743
232.000000000 -9.797434215
231.000000000 -10.887742379
230.000000000 -10.901684272
229.000000000 -14.578454448
228.000000000 -13.640141498
227.000000000 -17.129946124
226.000000000 -16.903675819
225.000000000 -16.252048316
224.000000000 -17.509615129
223.000000000 -20.926283924
222.000000000 -20.392068444
221.000000000 -19.148489917
220.000000000 -20.056853051
219.000000000 -23.562635498
218.000000000 -19.748285753
217.000000000 -21.909804981
216.000000000 -19.079580945
215.000000000 -22.248496022
214.000000000 -22.150388256
213.000000000 -22.813036014
212.000000000 -24.928095038
211.000000000 -22.100796973
210.000000000 -17.622299417
209.000000000 -19.100818699
208.000000000 -15.984054269
207.000000000 -21.199936996
206.000000000 -16.159711611
205.000000000 -11.126351143
204.000000000 -8.431968578
203.000000000 -10.265167924
202.000000000 -4.348166027
201.000000000 -10.081798890
200.000000000 4.037673629
199.000000000 4.258439920
198.000000000 6.334281879
197.000000000 18.750358272
196.000000000 34.553474263
195.000000000 16.693051938
194.000000000 29.066119641
193.000000000 15.354721110
192.000000000 26.299323008
191.000000000 44.145058579
190.000000000 42.460014537
189.000000000 51.635225192
188.000000000 -21.191543179
187.000000000 -17.493748271
186.000000000 -20.804699547
185.000000000 16.122596536
184.000000000 -19.082492709
183.000000000 -56.788206346
182.000000000 -1.655176967
181.000000000 -74.551395820
180.000000000 78.296178403
