280.000000000 0.409321370
279.000000000 0.412780495
278.000000000 -0.270219922
277.000000000 -0.029388596
276.000000000 -0.065684163
275.000000000 -0.893059210
274.000000000 -0.044974051
273.000000000 1.144405711
272.000000000 -1.357165585
271.000000000 -0.308447886
270.000000000 0.329216342
269.000000000 -0.214840555
268.000000000 0.119848783
267.000000000 -0.678602084
266.000000000 -0.388684166
265.000000000 -0.880504648
264.000000000 0.352273908
263.000000000 1.121677242
262.000000000 0.982804252
261.000000000 -0.402021047
260.000000000 -1.190084962
259.000000000 -0.242348513
258.000000000 -0.686810778
257.000000000 -0.202916491
256.000000000 -0.773757125
255.000000000 -1.464459725
254.000000000 0.484522469
253.000000000 -1.744585029
252.000000000 -0.333350357
251.000000000 -1.720458370
250.000000000 -0.468505331
249.000000000 -1.449777459
248.000000000 0.593593604
247.000000000 -1.970534182
246.000000000 -0.678708650
245.000000000 -2.674815631
244.000000000 -2.351123219
243.000000000 -3.389977388
242.000000000 -2.837512294
241.000000000 -3.235757155
240.000000000 -3.452421419
239.000000000 -3.578778666
238.000000000 -3.408320812
237.000000000 -3.755180294
236.000000000 -5.971343198
235.000000000 -6.739360340
234.000000000 -7.964213235
233.000000000 -9.655773362
232.000000000 -10.574518785
231.000000000 -10.350813969
230.000000000 -10.630468170
229.000000000 -12.922115433
228.000000000 -10.640288754
227.000000000 -15.441426035
226.000000000 -18.040289235
225.000000000 -17.707500121
224.000000000 -20.727596618
223.000000000 -18.337421742
222.000000000 -19.678497785
221.000000000 -16.537866027
220.000000000 -20.137067942
219.000000000 -22.514804713
218.000000000 -22.044641198
217.000000000 -22.494147639
216.000000000 -16.104587623
215.000000000 -21.990981405
214.000000000 -25.292770440
213.000000000 -19.795001581
212.000000000 -20.911189547
211.000000000 -12.557011324
210.000000000 -27.583861593
209.000000000 -22.237110136
208.000000000 -22.224273315
207.000000000 -20.561283977
206.000000000 -16.076340004
205.000000000 -12.113171628
204.000000000 -8.407415562
203.000000000 -9.119990931
202.000000000 -3.819538269
201.000000000 2.690867015
200.000000000 2.752797799
199.000000000 14.041312504
198.000000000 14.337023402
197.000000000 30.450640399
196.000000000 32.323323775
195.000000000 39.803303119
194.000000000 28.354588146
193.000000000 36.452854868
192.000000000 50.315854647
191.000000000 19.222126616
190.000000000 53.170611296
189.000000000 6.776746478
188.000000000 6.111971040
187.000000000 13.662847119
186.000000000 -21.163172502
185.000000000 25.980532732
184.000000000 21.555540304
183.000000000 29.634066019
182.000000000 69.655281780
181.000000000 -54.284094606
180.000000000 46.614875246
