280.000000000 0.469107608
279.000000000 0.486417784
278.000000000 -0.369392100
277.000000000 0.436151082
276.000000000 0.565135268
275.000000000 -1.347541642
274.000000000 0.042215934
273.000000000 -0.929240481
272.000000000 0.004800049
271.000000000 0.300229561
270.000000000 0.605885120
269.000000000 -1.554232210
268.000000000 0.245646791
267.000000000 0.940177823
266.000000000 -0.155049605
265.000000000 -0.726075822
264.000000000 1.440745524
263.000000000 0.115831396
262.000000000 0.340233038
261.000000000 -0.636671594
260.000000000 0.011622904
259.000000000 0.751327951
258.000000000 -0.868612803
257.000000000 1.307632146
256.000000000 -0.336665481
255.000000000 -0.453698059
254.000000000 0.290633251
253.000000000 -0.617970569
252.000000000 -0.852126036
251.000000000 -0.983002333
250.000000000 -0.514352134
249.000000000 -2.761652088
248.000000000 -0.082354167
247.000000000 -1.507947150
246.000000000 -2.653617288
245.000000000 -2.275861632
244.000000000 -0.716363909
243.000000000 -2.251637366
242.000000000 0.392010126
241.000000000 -4.141890111
240.000000000 -2.456218693
239.000000000 -3.255245175
238.000000000 -3.717199991
237.000000000 -5.721760746
236.000000000 -3.659670261
235.000000000 -5.354530202
234.000000000 -8.388673860
233.000000000 -8.629124582
232.000000000 -9.583183277
231.000000000 -10.727850616
230.000000000 -13.477865705
229.000000000 -12.534816517
228.000000000 -13.944997348
227.000000000 -13.699808030
226.000000000 -17.754121204
225.000000000 -18.633967163
224.000000000 -17.293296193
223.000000000 -17.257930041
222.000000000 -20.865527009
221.000000000 -21.175778453
220.000000000 -18.208947707
219.000000000 -21.759617678
218.000000000 -20.090946821
217.000000000 -16.492614647
216.000000000 -21.114208909
215.000000000 -19.116736021
214.000000000 -21.108692862
213.000000000 -20.191451759
212.000000000 -17.526033808
211.000000000 -18.811912073
210.000000000 -17.742111022
209.000000000 -22.672042912
208.000000000 -20.786427666
207.000000000 -15.304043354
206.000000000 -13.629006016
205.000000000 -17.507671511
204.000000000 -16.409865352
203.000000000 -22.371590961
202.000000000 -9.830488363
201.000000000 7.470361551
200.000000000 16.051718601
199.000000000 23.736038539
198.000000000 16.835950345
197.000000000 22.482897334
196.000000000 16.705167526
195.000000000 34.373983379
194.000000000 51.081197075
193.000000000 44.403861251
192.000000000 26.557475170
191.000000000 13.227938727
190.000000000 34.737557182
189.000000000 3.179935277
188.000000000 12.336847426
187.000000000 51.950934642
186.000000000 24.205703193
185.000000000 -11.500872667
184.000000000 12.163698714
183.000000000 -31.693339637
182.000000000 156.773553295
181.000000000 -13.870649440
180.000000000 99.984199175
