280.000000000 455.925872803
279.000000000 455.925872803
278.000000000 455.925872803
277.000000000 455.925872803
276.000000000 455.925872803
275.000000000 455.925872803
274.000000000 455.925872803
273.000000000 455.925872803
272.000000000 455.925872803
271.000000000 455.925872803
270.000000000 455.925872803
269.000000000 455.925872803
268.000000000 455.925872803
267.000000000 455.925872803
266.000000000 455.925872803
265.000000000 455.925872803
264.000000000 455.925872803
263.000000000 478.473693848
262.000000000 478.473693848
261.000000000 478.473693848
260.000000000 478.473693848
259.000000000 478.473693848
258.000000000 478.473693848
257.000000000 478.473693848
256.000000000 478.473693848
255.000000000 478.473693848
254.000000000 478.473693848
253.000000000 478.473693848
252.000000000 478.473693848
251.000000000 478.473693848
250.000000000 478.473693848
249.000000000 478.473693848
248.000000000 478.473693848
247.000000000 478.473693848
246.000000000 504.087768555
245.000000000 504.087768555
244.000000000 504.087768555
243.000000000 504.087768555
242.000000000 504.087768555
241.000000000 504.087768555
240.000000000 504.087768555
239.000000000 504.087768555
238.000000000 504.087768555
237.000000000 504.087768555
236.000000000 504.087768555
235.000000000 504.087768555
234.000000000 504.087768555
233.000000000 529.098815918
232.000000000 529.098815918
231.000000000 529.098815918
230.000000000 529.098815918
229.000000000 529.098815918
228.000000000 529.098815918
227.000000000 529.098815918
226.000000000 529.098815918
225.000000000 529.098815918
224.000000000 555.827026367
223.000000000 555.827026367
222.000000000 555.827026367
221.000000000 555.827026367
220.000000000 555.827026367
219.000000000 555.827026367
218.000000000 555.827026367
217.000000000 586.247741699
216.000000000 586.247741699
215.000000000 586.247741699
214.000000000 586.247741699
213.000000000 586.247741699
212.000000000 616.284484863
211.000000000 616.284484863
210.000000000 616.284484863
209.000000000 616.284484863
208.000000000 651.543029785
207.000000000 651.543029785
206.000000000 651.543029785
205.000000000 651.543029785
204.000000000 651.543029785
203.000000000 689.191162109
202.000000000 689.191162109
201.000000000 689.191162109
200.000000000 689.191162109
199.000000000 689.191162109
198.000000000 689.191162109
197.000000000 724.886657715
196.000000000 724.886657715
195.000000000 724.886657715
194.000000000 724.886657715
193.000000000 724.886657715
192.000000000 724.886657715
191.000000000 761.609985352
190.000000000 761.609985352
189.000000000 761.609985352
188.000000000 809.500549316
187.000000000 809.500549316
186.000000000 869.673706055
185.000000000 912.805603027
184.000000000 966.343811035
183.000000000 1032.972045898
182.000000000 1099.759399414
181.000000000 1100.000000000
180.000000000 1100.000000000
