280.000000000 455.925872803
279.000000000 455.925872803
278.000000000 455.925872803
277.000000000 455.925872803
276.000000000 455.925872803
275.000000000 455.925872803
274.000000000 455.925872803
273.000000000 455.925872803
272.000000000 455.925872803
271.000000000 455.925872803
270.000000000 455.925872803
269.000000000 455.925872803
268.000000000 455.925872803
267.000000000 455.925872803
266.000000000 455.925872803
265.000000000 455.925872803
264.000000000 478.106842041
263.000000000 478.106842041
262.000000000 478.106842041
261.000000000 478.106842041
260.000000000 478.106842041
259.000000000 478.106842041
258.000000000 478.106842041
257.000000000 478.106842041
256.000000000 478.106842041
255.000000000 478.106842041
254.000000000 478.106842041
253.000000000 478.106842041
252.000000000 478.106842041
251.000000000 478.106842041
250.000000000 478.106842041
249.000000000 478.106842041
248.000000000 478.106842041
247.000000000 501.201568604
246.000000000 501.201568604
245.000000000 501.201568604
244.000000000 501.201568604
243.000000000 501.201568604
242.000000000 501.201568604
241.000000000 501.201568604
240.000000000 501.201568604
239.000000000 501.201568604
238.000000000 501.201568604
237.000000000 501.201568604
236.000000000 501.201568604
235.000000000 501.201568604
234.000000000 501.201568604
233.000000000 527.185974121
232.000000000 527.185974121
231.000000000 527.185974121
230.000000000 527.185974121
229.000000000 527.185974121
228.000000000 527.185974121
227.000000000 527.185974121
226.000000000 527.185974121
225.000000000 527.185974121
224.000000000 554.306457520
223.000000000 554.306457520
222.000000000 554.306457520
221.000000000 554.306457520
220.000000000 554.306457520
219.000000000 554.306457520
218.000000000 581.367858887
217.000000000 581.367858887
216.000000000 581.367858887
215.000000000 581.367858887
214.000000000 581.367858887
213.000000000 581.367858887
212.000000000 617.254211426
211.000000000 617.254211426
210.000000000 617.254211426
209.000000000 617.254211426
208.000000000 651.534362793
207.000000000 651.534362793
206.000000000 651.534362793
205.000000000 651.534362793
204.000000000 683.108215332
203.000000000 683.108215332
202.000000000 683.108215332
201.000000000 683.108215332
200.000000000 683.108215332
199.000000000 683.108215332
198.000000000 718.657714844
197.000000000 718.657714844
196.000000000 718.657714844
195.000000000 718.657714844
194.000000000 718.657714844
193.000000000 718.657714844
192.000000000 753.523376465
191.000000000 753.523376465
190.000000000 753.523376465
189.000000000 753.523376465
188.000000000 806.499572754
187.000000000 806.499572754
186.000000000 869.615722656
185.000000000 912.253417969
184.000000000 961.851623535
183.000000000 1029.950195312
182.000000000 1100.000000000
181.000000000 1100.000000000
180.000000000 1100.000000000
