280.000000000 455.925872803
279.000000000 455.925872803
278.000000000 455.925872803
277.000000000 455.925872803
276.000000000 455.925872803
275.000000000 455.925872803
274.000000000 455.925872803
273.000000000 455.925872803
272.000000000 455.925872803
271.000000000 455.925872803
270.000000000 455.925872803
269.000000000 455.925872803
268.000000000 455.925872803
267.000000000 455.925872803
266.000000000 455.925872803
265.000000000 455.925872803
264.000000000 455.925872803
263.000000000 478.354217529
262.000000000 478.354217529
261.000000000 478.354217529
260.000000000 478.354217529
259.000000000 478.354217529
258.000000000 478.354217529
257.000000000 478.354217529
256.000000000 478.354217529
255.000000000 478.354217529
254.000000000 478.354217529
253.000000000 478.354217529
252.000000000 478.354217529
251.000000000 478.354217529
250.000000000 478.354217529
249.000000000 478.354217529
248.000000000 478.354217529
247.000000000 502.712554932
246.000000000 502.712554932
245.000000000 502.712554932
244.000000000 502.712554932
243.000000000 502.712554932
242.000000000 502.712554932
241.000000000 502.712554932
240.000000000 502.712554932
239.000000000 502.712554932
238.000000000 502.712554932
237.000000000 502.712554932
236.000000000 502.712554932
235.000000000 502.712554932
234.000000000 502.712554932
233.000000000 502.712554932
232.000000000 529.767944336
231.000000000 529.767944336
230.000000000 529.767944336
229.000000000 529.767944336
228.000000000 529.767944336
227.000000000 529.767944336
226.000000000 529.767944336
225.000000000 529.767944336
224.000000000 529.767944336
223.000000000 558.888427734
222.000000000 558.888427734
221.000000000 558.888427734
220.000000000 558.888427734
219.000000000 558.888427734
218.000000000 558.888427734
217.000000000 558.888427734
216.000000000 589.360595703
215.000000000 589.360595703
214.000000000 589.360595703
213.000000000 589.360595703
212.000000000 589.360595703
211.000000000 625.789062500
210.000000000 625.789062500
209.000000000 625.789062500
208.000000000 625.789062500
207.000000000 657.727722168
206.000000000 657.727722168
205.000000000 657.727722168
204.000000000 657.727722168
203.000000000 657.727722168
202.000000000 695.493286133
201.000000000 695.493286133
200.000000000 695.493286133
199.000000000 695.493286133
198.000000000 695.493286133
197.000000000 695.493286133
196.000000000 730.150146484
195.000000000 730.150146484
194.000000000 730.150146484
193.000000000 730.150146484
192.000000000 730.150146484
191.000000000 730.150146484
190.000000000 773.735351562
189.000000000 773.735351562
188.000000000 773.735351562
187.000000000 834.788635254
186.000000000 834.788635254
185.000000000 910.276550293
184.000000000 965.047424316
183.000000000 1024.687133789
182.000000000 1100.000000000
181.000000000 1100.000000000
180.000000000 1100.000000000
