280.000000000 430.294433594
279.000000000 430.294433594
278.000000000 430.294433594
277.000000000 430.294433594
276.000000000 430.294433594
275.000000000 430.294433594
274.000000000 430.294433594
273.000000000 430.294433594
272.000000000 430.294433594
271.000000000 430.294433594
270.000000000 430.294433594
269.000000000 430.294433594
268.000000000 430.294433594
267.000000000 430.294433594
266.000000000 430.294433594
265.000000000 430.294433594
264.000000000 430.294433594
263.000000000 430.294433594
262.000000000 430.294433594
261.000000000 430.294433594
260.000000000 450.569946289
259.000000000 450.569946289
258.000000000 450.569946289
257.000000000 450.569946289
256.000000000 450.569946289
255.000000000 450.569946289
254.000000000 450.569946289
253.000000000 450.569946289
252.000000000 450.569946289
251.000000000 450.569946289
250.000000000 450.569946289
249.000000000 450.569946289
248.000000000 450.569946289
247.000000000 450.569946289
246.000000000 450.569946289
245.000000000 450.569946289
244.000000000 450.569946289
243.000000000 450.569946289
242.000000000 450.569946289
241.000000000 450.569946289
240.000000000 450.569946289
239.000000000 450.569946289
238.000000000 471.740783691
237.000000000 471.740783691
236.000000000 471.740783691
235.000000000 471.740783691
234.000000000 471.740783691
233.000000000 471.740783691
232.000000000 471.740783691
231.000000000 471.740783691
230.000000000 471.740783691
229.000000000 471.740783691
228.000000000 471.740783691
227.000000000 494.387878418
226.000000000 494.387878418
225.000000000 494.387878418
224.000000000 494.387878418
223.000000000 494.387878418
222.000000000 494.387878418
221.000000000 494.387878418
220.000000000 518.953613281
219.000000000 518.953613281
218.000000000 518.953613281
217.000000000 518.953613281
216.000000000 518.953613281
215.000000000 518.953613281
214.000000000 545.336303711
213.000000000 545.336303711
212.000000000 545.336303711
211.000000000 545.336303711
210.000000000 545.336303711
209.000000000 573.037475586
208.000000000 573.037475586
207.000000000 573.037475586
206.000000000 573.037475586
205.000000000 573.037475586
204.000000000 602.911437988
203.000000000 602.911437988
202.000000000 602.911437988
201.000000000 602.911437988
200.000000000 633.179687500
199.000000000 633.179687500
198.000000000 633.179687500
197.000000000 633.179687500
196.000000000 662.973388672
195.000000000 662.973388672
194.000000000 662.973388672
193.000000000 662.973388672
192.000000000 694.321228027
191.000000000 694.321228027
190.000000000 694.321228027
189.000000000 730.633178711
188.000000000 730.633178711
187.000000000 774.301696777
186.000000000 774.301696777
185.000000000 843.322692871
184.000000000 893.085144043
183.000000000 948.307800293
182.000000000 1014.679748535
181.000000000 1100.000000000
180.000000000 1100.000000000
