280.000000000 430.294433594
279.000000000 430.294433594
278.000000000 430.294433594
277.000000000 430.294433594
276.000000000 430.294433594
275.000000000 430.294433594
274.000000000 430.294433594
273.000000000 430.294433594
272.000000000 430.294433594
271.000000000 430.294433594
270.000000000 430.294433594
269.000000000 430.294433594
268.000000000 430.294433594
267.000000000 430.294433594
266.000000000 430.294433594
265.000000000 430.294433594
264.000000000 430.294433594
263.000000000 430.294433594
262.000000000 430.294433594
261.000000000 430.294433594
260.000000000 451.135192871
259.000000000 451.135192871
258.000000000 451.135192871
257.000000000 451.135192871
256.000000000 451.135192871
255.000000000 451.135192871
254.000000000 451.135192871
253.000000000 451.135192871
252.000000000 451.135192871
251.000000000 451.135192871
250.000000000 451.135192871
249.000000000 451.135192871
248.000000000 451.135192871
247.000000000 451.135192871
246.000000000 451.135192871
245.000000000 451.135192871
244.000000000 451.135192871
243.000000000 451.135192871
242.000000000 451.135192871
241.000000000 451.135192871
240.000000000 451.135192871
239.000000000 451.135192871
238.000000000 451.135192871
237.000000000 473.807647705
236.000000000 473.807647705
235.000000000 473.807647705
234.000000000 473.807647705
233.000000000 473.807647705
232.000000000 473.807647705
231.000000000 473.807647705
230.000000000 473.807647705
229.000000000 473.807647705
228.000000000 473.807647705
227.000000000 496.079376221
226.000000000 496.079376221
225.000000000 496.079376221
224.000000000 496.079376221
223.000000000 496.079376221
222.000000000 496.079376221
221.000000000 496.079376221
220.000000000 519.930786133
219.000000000 519.930786133
218.000000000 519.930786133
217.000000000 519.930786133
216.000000000 519.930786133
215.000000000 519.930786133
214.000000000 546.650207520
213.000000000 546.650207520
212.000000000 546.650207520
211.000000000 546.650207520
210.000000000 546.650207520
209.000000000 573.980590820
208.000000000 573.980590820
207.000000000 573.980590820
206.000000000 573.980590820
205.000000000 573.980590820
204.000000000 603.839721680
203.000000000 603.839721680
202.000000000 603.839721680
201.000000000 603.839721680
200.000000000 632.138488770
199.000000000 632.138488770
198.000000000 632.138488770
197.000000000 632.138488770
196.000000000 663.468505859
195.000000000 663.468505859
194.000000000 663.468505859
193.000000000 663.468505859
192.000000000 695.156677246
191.000000000 695.156677246
190.000000000 695.156677246
189.000000000 729.955932617
188.000000000 729.955932617
187.000000000 775.013549805
186.000000000 775.013549805
185.000000000 842.628051758
184.000000000 891.135375977
183.000000000 951.198913574
182.000000000 1015.847656250
181.000000000 1099.513183594
180.000000000 1100.000000000
