280.000000000 430.294433594
279.000000000 430.294433594
278.000000000 430.294433594
277.000000000 430.294433594
276.000000000 430.294433594
275.000000000 430.294433594
274.000000000 430.294433594
273.000000000 430.294433594
272.000000000 430.294433594
271.000000000 430.294433594
270.000000000 430.294433594
269.000000000 430.294433594
268.000000000 430.294433594
267.000000000 430.294433594
266.000000000 430.294433594
265.000000000 430.294433594
264.000000000 430.294433594
263.000000000 430.294433594
262.000000000 430.294433594
261.000000000 430.294433594
260.000000000 430.294433594
259.000000000 450.574645996
258.000000000 450.574645996
257.000000000 450.574645996
256.000000000 450.574645996
255.000000000 450.574645996
254.000000000 450.574645996
253.000000000 450.574645996
252.000000000 450.574645996
251.000000000 450.574645996
250.000000000 450.574645996
249.000000000 450.574645996
248.000000000 450.574645996
247.000000000 450.574645996
246.000000000 450.574645996
245.000000000 450.574645996
244.000000000 450.574645996
243.000000000 450.574645996
242.000000000 450.574645996
241.000000000 450.574645996
240.000000000 450.574645996
239.000000000 450.574645996
238.000000000 450.574645996
237.000000000 472.641265869
236.000000000 472.641265869
235.000000000 472.641265869
234.000000000 472.641265869
233.000000000 472.641265869
232.000000000 472.641265869
231.000000000 472.641265869
230.000000000 472.641265869
229.000000000 472.641265869
228.000000000 472.641265869
227.000000000 472.641265869
226.000000000 498.359741211
225.000000000 498.359741211
224.000000000 498.359741211
223.000000000 498.359741211
222.000000000 498.359741211
221.000000000 498.359741211
220.000000000 498.359741211
219.000000000 523.879638672
218.000000000 523.879638672
217.000000000 523.879638672
216.000000000 523.879638672
215.000000000 523.879638672
214.000000000 523.879638672
213.000000000 551.082580566
212.000000000 551.082580566
211.000000000 551.082580566
210.000000000 551.082580566
209.000000000 551.082580566
208.000000000 578.906066895
207.000000000 578.906066895
206.000000000 578.906066895
205.000000000 578.906066895
204.000000000 578.906066895
203.000000000 610.451599121
202.000000000 610.451599121
201.000000000 610.451599121
200.000000000 610.451599121
199.000000000 639.945800781
198.000000000 639.945800781
197.000000000 639.945800781
196.000000000 639.945800781
195.000000000 670.320678711
194.000000000 670.320678711
193.000000000 670.320678711
192.000000000 670.320678711
191.000000000 704.856262207
190.000000000 704.856262207
189.000000000 704.856262207
188.000000000 749.484436035
187.000000000 749.484436035
186.000000000 805.785705566
185.000000000 844.202392578
184.000000000 892.631164551
183.000000000 950.031982422
182.000000000 1014.928344727
181.000000000 1100.000000000
180.000000000 1100.000000000
