280.000000000 455.925872803
279.000000000 455.925872803
278.000000000 455.925872803
277.000000000 455.925872803
276.000000000 455.925872803
275.000000000 455.925872803
274.000000000 455.925872803
273.000000000 455.925872803
272.000000000 455.925872803
271.000000000 455.925872803
270.000000000 455.925872803
269.000000000 455.925872803
268.000000000 455.925872803
267.000000000 455.925872803
266.000000000 455.925872803
265.000000000 455.925872803
264.000000000 455.925872803
263.000000000 478.735290527
262.000000000 478.735290527
261.000000000 478.735290527
260.000000000 478.735290527
259.000000000 478.735290527
258.000000000 478.735290527
257.000000000 478.735290527
256.000000000 478.735290527
255.000000000 478.735290527
254.000000000 478.735290527
253.000000000 478.735290527
252.000000000 478.735290527
251.000000000 478.735290527
250.000000000 478.735290527
249.000000000 478.735290527
248.000000000 478.735290527
247.000000000 478.735290527
246.000000000 501.964782715
245.000000000 501.964782715
244.000000000 501.964782715
243.000000000 501.964782715
242.000000000 501.964782715
241.000000000 501.964782715
240.000000000 501.964782715
239.000000000 501.964782715
238.000000000 501.964782715
237.000000000 501.964782715
236.000000000 501.964782715
235.000000000 501.964782715
234.000000000 526.234741211
233.000000000 526.234741211
232.000000000 526.234741211
231.000000000 526.234741211
230.000000000 526.234741211
229.000000000 526.234741211
228.000000000 526.234741211
227.000000000 526.234741211
226.000000000 526.234741211
225.000000000 526.234741211
224.000000000 554.916687012
223.000000000 554.916687012
222.000000000 554.916687012
221.000000000 554.916687012
220.000000000 554.916687012
219.000000000 554.916687012
218.000000000 554.916687012
217.000000000 584.701660156
216.000000000 584.701660156
215.000000000 584.701660156
214.000000000 584.701660156
213.000000000 584.701660156
212.000000000 617.427307129
211.000000000 617.427307129
210.000000000 617.427307129
209.000000000 617.427307129
208.000000000 650.377441406
207.000000000 650.377441406
206.000000000 650.377441406
205.000000000 650.377441406
204.000000000 682.755249023
203.000000000 682.755249023
202.000000000 682.755249023
201.000000000 682.755249023
200.000000000 682.755249023
199.000000000 682.755249023
198.000000000 719.340515137
197.000000000 719.340515137
196.000000000 719.340515137
195.000000000 719.340515137
194.000000000 719.340515137
193.000000000 719.340515137
192.000000000 719.340515137
191.000000000 762.249084473
190.000000000 762.249084473
189.000000000 762.249084473
188.000000000 808.557006836
187.000000000 808.557006836
186.000000000 870.209228516
185.000000000 870.209228516
184.000000000 963.930908203
183.000000000 1027.267333984
182.000000000 1100.000000000
181.000000000 1100.000000000
180.000000000 1100.000000000
