280.000000000 1.872502053
279.000000000 2.920047121
278.000000000 2.345045724
277.000000000 2.368810832
276.000000000 2.222334966
275.000000000 1.306618107
274.000000000 1.937183216
273.000000000 2.551926230
272.000000000 1.272567509
271.000000000 1.525967122
270.000000000 2.299570406
269.000000000 1.599922447
268.000000000 2.554399069
267.000000000 1.456326537
266.000000000 1.420897768
265.000000000 1.632361895
264.000000000 1.291987920
263.000000000 0.607194628
262.000000000 0.734351136
261.000000000 1.485716673
260.000000000 1.022595484
259.000000000 0.922641373
258.000000000 3.165657245
257.000000000 1.034756463
256.000000000 1.158855525
255.000000000 1.410109986
254.000000000 1.619213223
253.000000000 0.050395900
252.000000000 1.258460941
251.000000000 1.819759337
250.000000000 0.009468737
249.000000000 0.253320306
248.000000000 0.417669439
247.000000000 -0.189891614
246.000000000 0.972464828
245.000000000 2.410854594
244.000000000 1.172691646
243.000000000 1.961291081
242.000000000 -0.061943041
241.000000000 0.311828278
240.000000000 -0.637988626
239.000000000 0.574819594
238.000000000 -1.917248652
237.000000000 -0.669364020
236.000000000 -2.138936475
235.000000000 -2.564572176
234.000000000 -2.855040604
233.000000000 -1.851802837
232.000000000 -2.384826652
231.000000000 -5.183264139
230.000000000 -4.960013449
229.000000000 -4.527739228
228.000000000 -6.278237857
227.000000000 -4.268019186
226.000000000 -2.975331819
225.000000000 -6.434102822
224.000000000 -6.627181770
223.000000000 -8.427124661
222.000000000 -10.877944307
221.000000000 -7.760893930
220.000000000 -8.397210104
219.000000000 -8.906406495
218.000000000 -6.802639762
217.000000000 -6.491564404
216.000000000 -6.420751213
215.000000000 -7.801320991
214.000000000 -10.748022223
213.000000000 -9.102490940
212.000000000 -8.955099803
211.000000000 -7.429829390
210.000000000 -10.214687538
209.000000000 -8.297134178
208.000000000 -6.947365767
207.000000000 -9.644071768
206.000000000 -4.897750530
205.000000000 -8.228524693
204.000000000 -0.526595110
203.000000000 -2.626308582
202.000000000 7.605853982
201.000000000 1.339320061
200.000000000 5.650095765
199.000000000 12.394396915
198.000000000 7.974009521
197.000000000 16.495214758
196.000000000 6.988363599
195.000000000 15.616894012
194.000000000 21.237576362
193.000000000 18.411560610
192.000000000 14.019693621
191.000000000 17.237510387
190.000000000 13.040738914
189.000000000 14.169954404
188.000000000 16.105934893
187.000000000 24.554777848
186.000000000 4.511338089
185.000000000 22.809203480
184.000000000 12.770329479
183.000000000 32.030661354
182.000000000 -4.308406539
181.000000000 15.128765740
180.000000000 2.239310032
