280.000000000 0.685549774
279.000000000 1.150289865
278.000000000 1.707923916
277.000000000 2.948979597
276.000000000 0.939300642
275.000000000 1.920335142
274.000000000 0.942795040
273.000000000 2.751997055
272.000000000 0.783376133
271.000000000 0.667423777
270.000000000 1.877478929
269.000000000 0.676473959
268.000000000 2.566545455
267.000000000 1.570012378
266.000000000 1.257572870
265.000000000 2.063353860
264.000000000 2.560145928
263.000000000 2.318014337
262.000000000 2.433310141
261.000000000 2.920594638
260.000000000 0.723107743
259.000000000 2.381922831
258.000000000 0.204360754
257.000000000 0.822708137
256.000000000 2.704207972
255.000000000 1.252745865
254.000000000 1.569488150
253.000000000 -0.281603247
252.000000000 1.727229018
251.000000000 0.106498628
250.000000000 0.068926178
249.000000000 1.431839699
248.000000000 0.244611468
247.000000000 1.387079526
246.000000000 0.665506720
245.000000000 0.502018950
244.000000000 0.815730659
243.000000000 -0.957488418
242.000000000 2.967245792
241.000000000 0.144329774
240.000000000 0.020771520
239.000000000 0.764601421
238.000000000 -0.394123799
237.000000000 -1.668111598
236.000000000 -1.277313518
235.000000000 -1.880890011
234.000000000 -3.838447606
233.000000000 -3.591886855
232.000000000 -3.035419269
231.000000000 -6.223982364
230.000000000 -6.413092602
229.000000000 -7.527471669
228.000000000 -5.450411549
227.000000000 -4.576571196
226.000000000 -6.315707917
225.000000000 -7.246248987
224.000000000 -9.748778253
223.000000000 -10.200144434
222.000000000 -9.085121242
221.000000000 -8.781453583
220.000000000 -7.382179643
219.000000000 -9.437858253
218.000000000 -8.310710286
217.000000000 -10.247093768
216.000000000 -10.729019717
215.000000000 -10.792890893
214.000000000 -9.944541982
213.000000000 -9.941588879
212.000000000 -8.264455573
211.000000000 -11.278256589
210.000000000 -8.641601225
209.000000000 -7.428457401
208.000000000 -6.325371222
207.000000000 -7.509807913
206.000000000 -5.530477444
205.000000000 -4.505487879
204.000000000 -4.895168421
203.000000000 -2.020461473
202.000000000 4.756364843
201.000000000 1.766828212
200.000000000 1.883047618
199.000000000 7.204077472
198.000000000 16.290466357
197.000000000 11.220501956
196.000000000 16.750390085
195.000000000 17.802703248
194.000000000 17.784562343
193.000000000 19.580635014
192.000000000 25.337707864
191.000000000 12.742203779
190.000000000 10.330106642
189.000000000 21.777419210
188.000000000 5.062151328
187.000000000 18.123448638
186.000000000 14.910349364
185.000000000 -2.355365113
184.000000000 19.631124509
183.000000000 -5.637822394
182.000000000 44.704793698
181.000000000 12.182281703
180.000000000 15.458310376
