280.000000000 430.294433594
279.000000000 430.294433594
278.000000000 430.294433594
277.000000000 430.294433594
276.000000000 430.294433594
275.000000000 430.294433594
274.000000000 430.294433594
273.000000000 430.294433594
272.000000000 430.294433594
271.000000000 430.294433594
270.000000000 430.294433594
269.000000000 430.294433594
268.000000000 430.294433594
267.000000000 430.294433594
266.000000000 430.294433594
265.000000000 430.294433594
264.000000000 450.699066162
263.000000000 450.699066162
262.000000000 450.699066162
261.000000000 450.699066162
260.000000000 450.699066162
259.000000000 450.699066162
258.000000000 450.699066162
257.000000000 450.699066162
256.000000000 450.699066162
255.000000000 450.699066162
254.000000000 450.699066162
253.000000000 450.699066162
252.000000000 450.699066162
251.000000000 450.699066162
250.000000000 450.699066162
249.000000000 450.699066162
248.000000000 450.699066162
247.000000000 450.699066162
246.000000000 450.699066162
245.000000000 450.699066162
244.000000000 450.699066162
243.000000000 450.699066162
242.000000000 450.699066162
241.000000000 450.699066162
240.000000000 471.872528076
239.000000000 471.872528076
238.000000000 471.872528076
237.000000000 471.872528076
236.000000000 471.872528076
235.000000000 471.872528076
234.000000000 471.872528076
233.000000000 471.872528076
232.000000000 471.872528076
231.000000000 471.872528076
230.000000000 471.872528076
229.000000000 494.018218994
228.000000000 494.018218994
227.000000000 494.018218994
226.000000000 494.018218994
225.000000000 494.018218994
224.000000000 494.018218994
223.000000000 494.018218994
222.000000000 494.018218994
221.000000000 494.018218994
220.000000000 494.018218994
219.000000000 520.485168457
218.000000000 520.485168457
217.000000000 520.485168457
216.000000000 520.485168457
215.000000000 520.485168457
214.000000000 520.485168457
213.000000000 520.485168457
212.000000000 547.622436523
211.000000000 547.622436523
210.000000000 547.622436523
209.000000000 547.622436523
208.000000000 575.363525391
207.000000000 575.363525391
206.000000000 575.363525391
205.000000000 603.181091309
204.000000000 603.181091309
203.000000000 603.181091309
202.000000000 638.751098633
201.000000000 638.751098633
200.000000000 674.406494141
199.000000000 674.406494141
198.000000000 720.727233887
197.000000000 720.727233887
196.000000000 781.251586914
195.000000000 820.796997070
194.000000000 864.613464355
193.000000000 920.936035156
192.000000000 989.807861328
191.000000000 1058.374633789
190.000000000 1100.000000000
