280.000000000 430.294433594
279.000000000 430.294433594
278.000000000 430.294433594
277.000000000 430.294433594
276.000000000 430.294433594
275.000000000 430.294433594
274.000000000 430.294433594
273.000000000 430.294433594
272.000000000 430.294433594
271.000000000 430.294433594
270.000000000 430.294433594
269.000000000 430.294433594
268.000000000 430.294433594
267.000000000 430.294433594
266.000000000 430.294433594
265.000000000 430.294433594
264.000000000 430.294433594
263.000000000 430.294433594
262.000000000 450.602355957
261.000000000 450.602355957
260.000000000 450.602355957
259.000000000 450.602355957
258.000000000 450.602355957
257.000000000 450.602355957
256.000000000 450.602355957
255.000000000 450.602355957
254.000000000 450.602355957
253.000000000 450.602355957
252.000000000 450.602355957
251.000000000 450.602355957
250.000000000 450.602355957
249.000000000 450.602355957
248.000000000 450.602355957
247.000000000 450.602355957
246.000000000 450.602355957
245.000000000 450.602355957
244.000000000 450.602355957
243.000000000 450.602355957
242.000000000 450.602355957
241.000000000 450.602355957
240.000000000 450.602355957
239.000000000 472.102294922
238.000000000 472.102294922
237.000000000 472.102294922
236.000000000 472.102294922
235.000000000 472.102294922
234.000000000 472.102294922
233.000000000 472.102294922
232.000000000 472.102294922
231.000000000 472.102294922
230.000000000 472.102294922
229.000000000 472.102294922
228.000000000 495.884979248
227.000000000 495.884979248
226.000000000 495.884979248
225.000000000 495.884979248
224.000000000 495.884979248
223.000000000 495.884979248
222.000000000 495.884979248
221.000000000 495.884979248
220.000000000 495.884979248
219.000000000 519.299133301
218.000000000 519.299133301
217.000000000 519.299133301
216.000000000 519.299133301
215.000000000 519.299133301
214.000000000 519.299133301
213.000000000 519.299133301
212.000000000 546.654968262
211.000000000 546.654968262
210.000000000 546.654968262
209.000000000 546.654968262
208.000000000 575.061218262
207.000000000 575.061218262
206.000000000 575.061218262
205.000000000 602.632080078
204.000000000 602.632080078
203.000000000 602.632080078
202.000000000 640.061889648
201.000000000 640.061889648
200.000000000 674.473510742
199.000000000 674.473510742
198.000000000 719.138000488
197.000000000 719.138000488
196.000000000 780.105163574
195.000000000 820.250976562
194.000000000 863.672302246
193.000000000 919.549011230
192.000000000 984.085510254
191.000000000 1061.443481445
190.000000000 1100.000000000
