280.000000000 455.925872803
279.000000000 455.925872803
278.000000000 455.925872803
277.000000000 455.925872803
276.000000000 455.925872803
275.000000000 455.925872803
274.000000000 455.925872803
273.000000000 455.925872803
272.000000000 455.925872803
271.000000000 455.925872803
270.000000000 455.925872803
269.000000000 455.925872803
268.000000000 455.925872803
267.000000000 455.925872803
266.000000000 455.925872803
265.000000000 455.925872803
264.000000000 455.925872803
263.000000000 480.214324951
262.000000000 480.214324951
261.000000000 480.214324951
260.000000000 480.214324951
259.000000000 480.214324951
258.000000000 480.214324951
257.000000000 480.214324951
256.000000000 480.214324951
255.000000000 480.214324951
254.000000000 480.214324951
253.000000000 480.214324951
252.000000000 480.214324951
251.000000000 480.214324951
250.000000000 480.214324951
249.000000000 480.214324951
248.000000000 480.214324951
247.000000000 505.873474121
246.000000000 505.873474121
245.000000000 505.873474121
244.000000000 505.873474121
243.000000000 505.873474121
242.000000000 505.873474121
241.000000000 505.873474121
240.000000000 505.873474121
239.000000000 505.873474121
238.000000000 505.873474121
237.000000000 505.873474121
236.000000000 505.873474121
235.000000000 505.873474121
234.000000000 505.873474121
233.000000000 532.604431152
232.000000000 532.604431152
231.000000000 532.604431152
230.000000000 532.604431152
229.000000000 532.604431152
228.000000000 532.604431152
227.000000000 532.604431152
226.000000000 532.604431152
225.000000000 532.604431152
224.000000000 532.604431152
223.000000000 532.604431152
222.000000000 560.525024414
221.000000000 560.525024414
220.000000000 560.525024414
219.000000000 560.525024414
218.000000000 560.525024414
217.000000000 560.525024414
216.000000000 560.525024414
215.000000000 560.525024414
214.000000000 592.862548828
213.000000000 592.862548828
212.000000000 592.862548828
211.000000000 592.862548828
210.000000000 623.996643066
209.000000000 623.996643066
208.000000000 623.996643066
207.000000000 655.399108887
206.000000000 655.399108887
205.000000000 655.399108887
204.000000000 692.930847168
203.000000000 692.930847168
202.000000000 692.930847168
201.000000000 736.674255371
200.000000000 736.674255371
199.000000000 778.650024414
198.000000000 778.650024414
197.000000000 833.774475098
196.000000000 833.774475098
195.000000000 910.630004883
194.000000000 961.635498047
193.000000000 1019.346313477
192.000000000 1087.651245117
191.000000000 1100.000000000
190.000000000 1100.000000000
