280.000000000 455.925872803
279.000000000 455.925872803
278.000000000 455.925872803
277.000000000 455.925872803
276.000000000 455.925872803
275.000000000 455.925872803
274.000000000 455.925872803
273.000000000 455.925872803
272.000000000 455.925872803
271.000000000 455.925872803
270.000000000 455.925872803
269.000000000 455.925872803
268.000000000 455.925872803
267.000000000 455.925872803
266.000000000 455.925872803
265.000000000 455.925872803
264.000000000 479.351318359
263.000000000 479.351318359
262.000000000 479.351318359
261.000000000 479.351318359
260.000000000 479.351318359
259.000000000 479.351318359
258.000000000 479.351318359
257.000000000 479.351318359
256.000000000 479.351318359
255.000000000 479.351318359
254.000000000 479.351318359
253.000000000 479.351318359
252.000000000 479.351318359
251.000000000 479.351318359
250.000000000 479.351318359
249.000000000 479.351318359
248.000000000 503.871246338
247.000000000 503.871246338
246.000000000 503.871246338
245.000000000 503.871246338
244.000000000 503.871246338
243.000000000 503.871246338
242.000000000 503.871246338
241.000000000 503.871246338
240.000000000 503.871246338
239.000000000 503.871246338
238.000000000 503.871246338
237.000000000 503.871246338
236.000000000 503.871246338
235.000000000 503.871246338
234.000000000 528.189147949
233.000000000 528.189147949
232.000000000 528.189147949
231.000000000 528.189147949
230.000000000 528.189147949
229.000000000 528.189147949
228.000000000 528.189147949
227.000000000 528.189147949
226.000000000 528.189147949
225.000000000 528.189147949
224.000000000 555.485107422
223.000000000 555.485107422
222.000000000 555.485107422
221.000000000 555.485107422
220.000000000 555.485107422
219.000000000 555.485107422
218.000000000 555.485107422
217.000000000 555.485107422
216.000000000 583.371643066
215.000000000 583.371643066
214.000000000 583.371643066
213.000000000 583.371643066
212.000000000 583.371643066
211.000000000 614.189270020
210.000000000 614.189270020
209.000000000 614.189270020
208.000000000 644.778503418
207.000000000 644.778503418
206.000000000 644.778503418
205.000000000 679.732604980
204.000000000 679.732604980
203.000000000 679.732604980
202.000000000 720.795532227
201.000000000 720.795532227
200.000000000 758.342895508
199.000000000 758.342895508
198.000000000 803.757446289
197.000000000 803.757446289
196.000000000 870.428833008
195.000000000 870.428833008
194.000000000 957.354125977
193.000000000 1023.106445312
192.000000000 1089.206542969
191.000000000 1100.000000000
190.000000000 1100.000000000
