280.000000000 430.294433594
279.000000000 430.294433594
278.000000000 430.294433594
277.000000000 430.294433594
276.000000000 430.294433594
275.000000000 430.294433594
274.000000000 430.294433594
273.000000000 430.294433594
272.000000000 430.294433594
271.000000000 430.294433594
270.000000000 430.294433594
269.000000000 430.294433594
268.000000000 430.294433594
267.000000000 430.294433594
266.000000000 430.294433594
265.000000000 430.294433594
264.000000000 430.294433594
263.000000000 451.553924561
262.000000000 451.553924561
261.000000000 451.553924561
260.000000000 451.553924561
259.000000000 451.553924561
258.000000000 451.553924561
257.000000000 451.553924561
256.000000000 451.553924561
255.000000000 451.553924561
254.000000000 451.553924561
253.000000000 451.553924561
252.000000000 451.553924561
251.000000000 451.553924561
250.000000000 451.553924561
249.000000000 451.553924561
248.000000000 451.553924561
247.000000000 451.553924561
246.000000000 451.553924561
245.000000000 451.553924561
244.000000000 451.553924561
243.000000000 451.553924561
242.000000000 451.553924561
241.000000000 451.553924561
240.000000000 451.553924561
239.000000000 473.762512207
238.000000000 473.762512207
237.000000000 473.762512207
236.000000000 473.762512207
235.000000000 473.762512207
234.000000000 473.762512207
233.000000000 473.762512207
232.000000000 473.762512207
231.000000000 473.762512207
230.000000000 473.762512207
229.000000000 473.762512207
228.000000000 473.762512207
227.000000000 497.593902588
226.000000000 497.593902588
225.000000000 497.593902588
224.000000000 497.593902588
223.000000000 497.593902588
222.000000000 497.593902588
221.000000000 497.593902588
220.000000000 497.593902588
219.000000000 497.593902588
218.000000000 522.518554688
217.000000000 522.518554688
216.000000000 522.518554688
215.000000000 522.518554688
214.000000000 522.518554688
213.000000000 522.518554688
212.000000000 522.518554688
211.000000000 553.044372559
210.000000000 553.044372559
209.000000000 553.044372559
208.000000000 553.044372559
207.000000000 583.381896973
206.000000000 583.381896973
205.000000000 583.381896973
204.000000000 612.959289551
203.000000000 612.959289551
202.000000000 612.959289551
201.000000000 654.611450195
200.000000000 654.611450195
199.000000000 695.650817871
198.000000000 695.650817871
197.000000000 747.550292969
196.000000000 747.550292969
195.000000000 818.059448242
194.000000000 864.955322266
193.000000000 919.609008789
192.000000000 982.716369629
191.000000000 1068.571899414
190.000000000 1100.000000000
