280.000000000 455.925872803
279.000000000 455.925872803
278.000000000 455.925872803
277.000000000 455.925872803
276.000000000 455.925872803
275.000000000 455.925872803
274.000000000 455.925872803
273.000000000 455.925872803
272.000000000 455.925872803
271.000000000 455.925872803
270.000000000 455.925872803
269.000000000 455.925872803
268.000000000 455.925872803
267.000000000 455.925872803
266.000000000 455.925872803
265.000000000 455.925872803
264.000000000 478.783813477
263.000000000 478.783813477
262.000000000 478.783813477
261.000000000 478.783813477
260.000000000 478.783813477
259.000000000 478.783813477
258.000000000 478.783813477
257.000000000 478.783813477
256.000000000 478.783813477
255.000000000 478.783813477
254.000000000 478.783813477
253.000000000 478.783813477
252.000000000 478.783813477
251.000000000 478.783813477
250.000000000 478.783813477
249.000000000 478.783813477
248.000000000 503.248565674
247.000000000 503.248565674
246.000000000 503.248565674
245.000000000 503.248565674
244.000000000 503.248565674
243.000000000 503.248565674
242.000000000 503.248565674
241.000000000 503.248565674
240.000000000 503.248565674
239.000000000 503.248565674
238.000000000 503.248565674
237.000000000 503.248565674
236.000000000 503.248565674
235.000000000 503.248565674
234.000000000 528.863769531
233.000000000 528.863769531
232.000000000 528.863769531
231.000000000 528.863769531
230.000000000 528.863769531
229.000000000 528.863769531
228.000000000 528.863769531
227.000000000 528.863769531
226.000000000 528.863769531
225.000000000 528.863769531
224.000000000 555.189514160
223.000000000 555.189514160
222.000000000 555.189514160
221.000000000 555.189514160
220.000000000 555.189514160
219.000000000 555.189514160
218.000000000 555.189514160
217.000000000 555.189514160
216.000000000 582.466857910
215.000000000 582.466857910
214.000000000 582.466857910
213.000000000 582.466857910
212.000000000 582.466857910
211.000000000 612.252746582
210.000000000 612.252746582
209.000000000 612.252746582
208.000000000 644.339538574
207.000000000 644.339538574
206.000000000 644.339538574
205.000000000 680.624816895
204.000000000 680.624816895
203.000000000 680.624816895
202.000000000 721.430297852
201.000000000 721.430297852
200.000000000 757.863220215
199.000000000 757.863220215
198.000000000 804.525146484
197.000000000 804.525146484
196.000000000 869.173706055
195.000000000 911.791992188
194.000000000 960.816345215
193.000000000 1021.583801270
192.000000000 1094.136474609
191.000000000 1100.000000000
190.000000000 1100.000000000
