280.000000000 430.294433594
279.000000000 430.294433594
278.000000000 430.294433594
277.000000000 430.294433594
276.000000000 430.294433594
275.000000000 430.294433594
274.000000000 430.294433594
273.000000000 430.294433594
272.000000000 430.294433594
271.000000000 430.294433594
270.000000000 430.294433594
269.000000000 430.294433594
268.000000000 430.294433594
267.000000000 430.294433594
266.000000000 430.294433594
265.000000000 430.294433594
264.000000000 430.294433594
263.000000000 430.294433594
262.000000000 451.204772949
261.000000000 451.204772949
260.000000000 451.204772949
259.000000000 451.204772949
258.000000000 451.204772949
257.000000000 451.204772949
256.000000000 451.204772949
255.000000000 451.204772949
254.000000000 451.204772949
253.000000000 451.204772949
252.000000000 451.204772949
251.000000000 451.204772949
250.000000000 451.204772949
249.000000000 451.204772949
248.000000000 451.204772949
247.000000000 451.204772949
246.000000000 451.204772949
245.000000000 451.204772949
244.000000000 451.204772949
243.000000000 451.204772949
242.000000000 451.204772949
241.000000000 451.204772949
240.000000000 451.204772949
239.000000000 473.429656982
238.000000000 473.429656982
237.000000000 473.429656982
236.000000000 473.429656982
235.000000000 473.429656982
234.000000000 473.429656982
233.000000000 473.429656982
232.000000000 473.429656982
231.000000000 473.429656982
230.000000000 473.429656982
229.000000000 473.429656982
228.000000000 495.971893311
227.000000000 495.971893311
226.000000000 495.971893311
225.000000000 495.971893311
224.000000000 495.971893311
223.000000000 495.971893311
222.000000000 495.971893311
221.000000000 495.971893311
220.000000000 495.971893311
219.000000000 519.300109863
218.000000000 519.300109863
217.000000000 519.300109863
216.000000000 519.300109863
215.000000000 519.300109863
214.000000000 519.300109863
213.000000000 519.300109863
212.000000000 547.044128418
211.000000000 547.044128418
210.000000000 547.044128418
209.000000000 547.044128418
208.000000000 575.326660156
207.000000000 575.326660156
206.000000000 575.326660156
205.000000000 602.442016602
204.000000000 602.442016602
203.000000000 602.442016602
202.000000000 639.225524902
201.000000000 639.225524902
200.000000000 674.538452148
199.000000000 674.538452148
198.000000000 719.634094238
197.000000000 719.634094238
196.000000000 781.042724609
195.000000000 820.438354492
194.000000000 862.804260254
193.000000000 920.144165039
192.000000000 985.027465820
191.000000000 1065.345214844
190.000000000 1100.000000000
