280.000000000 455.925872803
279.000000000 455.925872803
278.000000000 455.925872803
277.000000000 455.925872803
276.000000000 455.925872803
275.000000000 455.925872803
274.000000000 455.925872803
273.000000000 455.925872803
272.000000000 455.925872803
271.000000000 455.925872803
270.000000000 455.925872803
269.000000000 455.925872803
268.000000000 455.925872803
267.000000000 455.925872803
266.000000000 455.925872803
265.000000000 455.925872803
264.000000000 479.994384766
263.000000000 479.994384766
262.000000000 479.994384766
261.000000000 479.994384766
260.000000000 479.994384766
259.000000000 479.994384766
258.000000000 479.994384766
257.000000000 479.994384766
256.000000000 479.994384766
255.000000000 479.994384766
254.000000000 479.994384766
253.000000000 479.994384766
252.000000000 479.994384766
251.000000000 479.994384766
250.000000000 479.994384766
249.000000000 479.994384766
248.000000000 504.135742188
247.000000000 504.135742188
246.000000000 504.135742188
245.000000000 504.135742188
244.000000000 504.135742188
243.000000000 504.135742188
242.000000000 504.135742188
241.000000000 504.135742188
240.000000000 504.135742188
239.000000000 504.135742188
238.000000000 504.135742188
237.000000000 504.135742188
236.000000000 504.135742188
235.000000000 504.135742188
234.000000000 528.802612305
233.000000000 528.802612305
232.000000000 528.802612305
231.000000000 528.802612305
230.000000000 528.802612305
229.000000000 528.802612305
228.000000000 528.802612305
227.000000000 528.802612305
226.000000000 528.802612305
225.000000000 528.802612305
224.000000000 555.233093262
223.000000000 555.233093262
222.000000000 555.233093262
221.000000000 555.233093262
220.000000000 555.233093262
219.000000000 555.233093262
218.000000000 555.233093262
217.000000000 555.233093262
216.000000000 583.257141113
215.000000000 583.257141113
214.000000000 583.257141113
213.000000000 583.257141113
212.000000000 583.257141113
211.000000000 612.360290527
210.000000000 612.360290527
209.000000000 612.360290527
208.000000000 644.093139648
207.000000000 644.093139648
206.000000000 644.093139648
205.000000000 681.604858398
204.000000000 681.604858398
203.000000000 681.604858398
202.000000000 720.191833496
201.000000000 720.191833496
200.000000000 757.874389648
199.000000000 757.874389648
198.000000000 805.095336914
197.000000000 805.095336914
196.000000000 870.618713379
195.000000000 870.618713379
194.000000000 957.269897461
193.000000000 1022.076660156
192.000000000 1095.221435547
191.000000000 1100.000000000
190.000000000 1100.000000000
