280.000000000 0.261119267
279.000000000 -0.287428392
278.000000000 -0.384969028
277.000000000 -0.591137482
276.000000000 -0.120492799
275.000000000 0.029081173
274.000000000 -0.624109858
273.000000000 -1.427108432
272.000000000 -0.214463335
271.000000000 0.437628604
270.000000000 0.279320991
269.000000000 0.553114522
268.000000000 -0.564192208
267.000000000 -0.261992665
266.000000000 1.211738145
265.000000000 -0.055938906
264.000000000 -0.108647088
263.000000000 -0.351902307
262.000000000 -0.672330856
261.000000000 0.926465502
260.000000000 0.313906679
259.000000000 -1.148533118
258.000000000 0.377631360
257.000000000 0.009291289
256.000000000 1.335169671
255.000000000 -0.473871746
254.000000000 -1.138736807
253.000000000 -0.144638595
252.000000000 0.201474070
251.000000000 0.149246942
250.000000000 -1.475020415
249.000000000 -0.913304837
248.000000000 -1.337154874
247.000000000 -1.859112023
246.000000000 -0.727207689
245.000000000 -2.475180237
244.000000000 0.309920245
243.000000000 -1.903579970
242.000000000 -1.267611694
241.000000000 -1.997741195
240.000000000 -1.676292658
239.000000000 -1.704948758
238.000000000 -1.815478044
237.000000000 -3.243014034
236.000000000 -3.392813472
235.000000000 -4.339387525
234.000000000 -5.564894547
233.000000000 -7.840341302
232.000000000 -6.212912722
231.000000000 -6.878669642
230.000000000 -8.281062927
229.000000000 -7.790964838
228.000000000 -9.080109578
227.000000000 -10.246015403
226.000000000 -9.484349150
225.000000000 -9.741636139
224.000000000 -12.354413990
223.000000000 -11.825432428
222.000000000 -12.179347337
221.000000000 -9.950943736
220.000000000 -13.413606134
219.000000000 -11.594036361
218.000000000 -11.353122457
217.000000000 -12.671423705
216.000000000 -11.219080263
215.000000000 -13.899176623
214.000000000 -14.180073705
213.000000000 -12.130784453
212.000000000 -10.997340102
211.000000000 -11.597799765
210.000000000 -14.241262247
209.000000000 -11.198531933
208.000000000 -13.637453242
207.000000000 -8.225181648
206.000000000 -12.727612322
205.000000000 -8.283208174
204.000000000 -7.496847836
203.000000000 -1.459391385
202.000000000 7.172726032
201.000000000 -3.922252985
200.000000000 9.666433187
199.000000000 5.208025057
198.000000000 1.769891126
197.000000000 13.819026489
196.000000000 17.750713310
195.000000000 34.811452882
194.000000000 38.248243199
193.000000000 7.486810508
192.000000000 39.063973897
191.000000000 8.411407553
190.000000000 37.437580101
