280.000000000 -0.369676942
279.000000000 0.382486993
278.000000000 0.774480293
277.000000000 0.300302321
276.000000000 0.205375727
275.000000000 -0.626160684
274.000000000 0.370596391
273.000000000 0.883081130
272.000000000 -0.303889107
271.000000000 -0.024914682
270.000000000 0.501605923
269.000000000 0.042543939
268.000000000 -0.796476619
267.000000000 -0.069096109
266.000000000 -1.484629023
265.000000000 -0.463971573
264.000000000 -0.452851651
263.000000000 0.725202598
262.000000000 0.075699708
261.000000000 -1.329391042
260.000000000 -0.141447919
259.000000000 -0.501470813
258.000000000 -0.487025414
257.000000000 -0.418758008
256.000000000 -1.436741051
255.000000000 0.487267493
254.000000000 -0.558551106
253.000000000 -1.192006606
252.000000000 -0.990378917
251.000000000 -0.576633387
250.000000000 -0.041328766
249.000000000 -0.315711126
248.000000000 -0.571839273
247.000000000 -0.855376964
246.000000000 -2.125175685
245.000000000 -1.315958395
244.000000000 -0.644713282
243.000000000 -1.389021954
242.000000000 -0.240702028
241.000000000 -0.997163523
240.000000000 -2.067093033
239.000000000 -3.361601879
238.000000000 -1.734203565
237.000000000 -3.653768485
236.000000000 -5.590261158
235.000000000 -5.611155574
234.000000000 -5.210736256
233.000000000 -5.000703313
232.000000000 -7.501378774
231.000000000 -6.638897417
230.000000000 -7.314042019
229.000000000 -7.160426496
228.000000000 -9.374217315
227.000000000 -11.734130169
226.000000000 -11.183660651
225.000000000 -12.552274720
224.000000000 -15.523029899
223.000000000 -13.107562867
222.000000000 -13.327256035
221.000000000 -13.417102175
220.000000000 -13.649413168
219.000000000 -13.435018285
218.000000000 -14.343204736
217.000000000 -12.862680863
216.000000000 -12.607003630
215.000000000 -13.703197077
214.000000000 -10.336643562
213.000000000 -14.874626279
212.000000000 -12.360594556
211.000000000 -11.905280847
210.000000000 -13.839755712
209.000000000 -15.202491279
208.000000000 -14.695646169
207.000000000 -16.663729281
206.000000000 -13.680109241
205.000000000 -15.585746144
204.000000000 -8.735285596
203.000000000 -8.102081395
202.000000000 0.064817780
201.000000000 4.829282825
200.000000000 1.169625065
199.000000000 7.698600061
198.000000000 10.900530913
197.000000000 12.877955126
196.000000000 7.507706062
195.000000000 29.620128895
194.000000000 3.436611996
193.000000000 32.674624831
192.000000000 24.110562280
191.000000000 10.059518027
190.000000000 46.468436810
