280.000000000 -0.385037034
279.000000000 -1.156516345
278.000000000 0.744280410
277.000000000 1.163896520
276.000000000 -0.333498291
275.000000000 0.476503532
274.000000000 0.055480563
273.000000000 -0.240802990
272.000000000 0.989495062
271.000000000 -0.952736198
270.000000000 -2.156411060
269.000000000 -0.012186870
268.000000000 -0.657807156
267.000000000 0.278576843
266.000000000 0.019961358
265.000000000 -2.248070629
264.000000000 -0.300225805
263.000000000 -1.069895253
262.000000000 -0.261112741
261.000000000 0.052299976
260.000000000 0.012160760
259.000000000 -1.047075588
258.000000000 -0.191565514
257.000000000 -1.447901537
256.000000000 -1.752342097
255.000000000 -0.527414370
254.000000000 -0.146092662
253.000000000 -0.956402841
252.000000000 -1.433497841
251.000000000 0.819606378
250.000000000 -1.740905559
249.000000000 -0.515857021
248.000000000 -1.457821288
247.000000000 -0.165414069
246.000000000 -0.081984494
245.000000000 -1.648610663
244.000000000 -0.030091048
243.000000000 -2.811934648
242.000000000 -1.324283401
241.000000000 -0.965104791
240.000000000 -0.077989422
239.000000000 -2.355990264
238.000000000 -1.634009841
237.000000000 -2.912108819
236.000000000 -3.704232946
235.000000000 -4.475863569
234.000000000 -5.936762414
233.000000000 -5.037350950
232.000000000 -5.893390615
231.000000000 -7.220447406
230.000000000 -7.961863808
229.000000000 -6.961046190
228.000000000 -8.907761885
227.000000000 -8.449870518
226.000000000 -11.188643077
225.000000000 -13.234836073
224.000000000 -12.639114665
223.000000000 -13.172208569
222.000000000 -9.495730329
221.000000000 -13.052027171
220.000000000 -14.040845444
219.000000000 -13.574988162
218.000000000 -13.362573040
217.000000000 -15.187612909
216.000000000 -12.650942511
215.000000000 -9.261045654
214.000000000 -10.683354789
213.000000000 -9.619738597
212.000000000 -10.797525878
211.000000000 -8.685845913
210.000000000 -12.273831471
209.000000000 -10.967290780
208.000000000 -12.087477020
207.000000000 -8.700927085
206.000000000 -12.330863903
205.000000000 -13.445509757
204.000000000 -10.967183665
203.000000000 -2.003658687
202.000000000 -4.864808498
201.000000000 -4.077517988
200.000000000 2.004234291
199.000000000 5.158728396
198.000000000 7.787393096
197.000000000 5.706620317
196.000000000 18.521786743
195.000000000 14.560537714
194.000000000 18.642011957
193.000000000 23.042355567
192.000000000 7.204347149
191.000000000 51.879433945
190.000000000 -97.579302801
