280.000000000 0.647305083
279.000000000 -0.349038195
278.000000000 -0.411736500
277.000000000 0.619060793
276.000000000 -0.333819813
275.000000000 0.857853771
274.000000000 -0.343604861
273.000000000 0.961951398
272.000000000 1.063713765
271.000000000 -0.987409424
270.000000000 0.869807030
269.000000000 0.994285936
268.000000000 -0.198286877
267.000000000 0.784143634
266.000000000 0.225333450
265.000000000 1.173010002
264.000000000 -0.290683966
263.000000000 -1.209716852
262.000000000 -0.106739211
261.000000000 0.810958623
260.000000000 -0.177458620
259.000000000 -0.434575221
258.000000000 0.023647892
257.000000000 -0.441958711
256.000000000 0.278421447
255.000000000 -1.209347185
254.000000000 0.837304397
253.000000000 -2.107535088
252.000000000 -1.125289592
251.000000000 -1.983141566
250.000000000 -1.068968585
249.000000000 0.416210919
248.000000000 -0.562595240
247.000000000 -1.405136616
246.000000000 0.319029899
245.000000000 -2.372095467
244.000000000 -1.153335570
243.000000000 -0.350421990
242.000000000 0.109507476
241.000000000 -2.440672148
240.000000000 -2.566827966
239.000000000 -1.598273104
238.000000000 -2.842888433
237.000000000 -5.242734632
236.000000000 -5.154638414
235.000000000 -7.027668589
234.000000000 -5.377327807
233.000000000 -7.402943629
232.000000000 -5.583954056
231.000000000 -7.026619633
230.000000000 -7.651896664
229.000000000 -9.397092949
228.000000000 -6.929091670
227.000000000 -9.544050556
226.000000000 -10.696174024
225.000000000 -10.072853544
224.000000000 -9.720692839
223.000000000 -12.828830377
222.000000000 -11.090239407
221.000000000 -12.966144476
220.000000000 -12.897488825
219.000000000 -11.893693928
218.000000000 -13.108554461
217.000000000 -13.522360968
216.000000000 -13.373022853
215.000000000 -11.970812158
214.000000000 -11.477959470
213.000000000 -11.279733500
212.000000000 -14.615207255
211.000000000 -11.910959466
210.000000000 -12.657929087
209.000000000 -10.056850586
208.000000000 -15.303621979
207.000000000 -12.772185484
206.000000000 -9.950554413
205.000000000 -11.216540861
204.000000000 -4.437857243
203.000000000 -2.869152519
202.000000000 -3.571121212
201.000000000 1.387559962
200.000000000 3.475277396
199.000000000 8.635368324
198.000000000 9.965369264
197.000000000 17.216258114
196.000000000 20.357656728
195.000000000 10.238119489
194.000000000 31.331209976
193.000000000 25.591678713
192.000000000 17.864354863
191.000000000 5.654868245
190.000000000 5.498296156
