260.000000000 484.972656250
259.000000000 484.972656250
258.000000000 484.972656250
257.000000000 484.972656250
256.000000000 484.972656250
255.000000000 484.972656250
254.000000000 484.972656250
253.000000000 484.972656250
252.000000000 484.972656250
251.000000000 484.972656250
250.000000000 484.972656250
249.000000000 484.972656250
248.000000000 484.972656250
247.000000000 484.972656250
246.000000000 484.972656250
245.000000000 484.972656250
244.000000000 484.972656250
243.000000000 510.181640625
242.000000000 510.181640625
241.000000000 510.181640625
240.000000000 510.181640625
239.000000000 510.181640625
238.000000000 510.181640625
237.000000000 510.181640625
236.000000000 510.181640625
235.000000000 510.181640625
234.000000000 510.181640625
233.000000000 510.181640625
232.000000000 510.181640625
231.000000000 510.181640625
230.000000000 537.017395020
229.000000000 537.017395020
228.000000000 537.017395020
227.000000000 537.017395020
226.000000000 537.017395020
225.000000000 537.017395020
224.000000000 537.017395020
223.000000000 537.017395020
222.000000000 537.017395020
221.000000000 537.017395020
220.000000000 565.326354980
219.000000000 565.326354980
218.000000000 565.326354980
217.000000000 565.326354980
216.000000000 565.326354980
215.000000000 565.326354980
214.000000000 565.326354980
213.000000000 598.136352539
212.000000000 598.136352539
211.000000000 598.136352539
210.000000000 598.136352539
209.000000000 631.353637695
208.000000000 631.353637695
207.000000000 631.353637695
206.000000000 667.556091309
205.000000000 667.556091309
204.000000000 667.556091309
203.000000000 705.861572266
202.000000000 705.861572266
201.000000000 705.861572266
200.000000000 754.345458984
