260.000000000 451.339813232
259.000000000 451.339813232
258.000000000 451.339813232
257.000000000 451.339813232
256.000000000 451.339813232
255.000000000 451.339813232
254.000000000 451.339813232
253.000000000 451.339813232
252.000000000 451.339813232
251.000000000 451.339813232
250.000000000 451.339813232
249.000000000 451.339813232
248.000000000 451.339813232
247.000000000 451.339813232
246.000000000 451.339813232
245.000000000 451.339813232
244.000000000 451.339813232
243.000000000 451.339813232
242.000000000 451.339813232
241.000000000 451.339813232
240.000000000 451.339813232
239.000000000 451.339813232
238.000000000 473.677886963
237.000000000 473.677886963
236.000000000 473.677886963
235.000000000 473.677886963
234.000000000 473.677886963
233.000000000 473.677886963
232.000000000 473.677886963
231.000000000 473.677886963
230.000000000 473.677886963
229.000000000 473.677886963
228.000000000 473.677886963
227.000000000 497.119842529
226.000000000 497.119842529
225.000000000 497.119842529
224.000000000 497.119842529
223.000000000 497.119842529
222.000000000 497.119842529
221.000000000 497.119842529
220.000000000 497.119842529
219.000000000 497.119842529
218.000000000 522.478942871
217.000000000 522.478942871
216.000000000 522.478942871
215.000000000 522.478942871
214.000000000 522.478942871
213.000000000 522.478942871
212.000000000 547.488281250
211.000000000 547.488281250
210.000000000 547.488281250
209.000000000 547.488281250
208.000000000 574.651611328
207.000000000 574.651611328
206.000000000 574.651611328
205.000000000 601.869323730
204.000000000 601.869323730
203.000000000 601.869323730
202.000000000 638.855102539
201.000000000 638.855102539
200.000000000 672.486145020
