260.000000000 484.972656250
259.000000000 484.972656250
258.000000000 484.972656250
257.000000000 484.972656250
256.000000000 484.972656250
255.000000000 484.972656250
254.000000000 484.972656250
253.000000000 484.972656250
252.000000000 484.972656250
251.000000000 484.972656250
250.000000000 484.972656250
249.000000000 484.972656250
248.000000000 484.972656250
247.000000000 484.972656250
246.000000000 484.972656250
245.000000000 484.972656250
244.000000000 484.972656250
243.000000000 510.787292480
242.000000000 510.787292480
241.000000000 510.787292480
240.000000000 510.787292480
239.000000000 510.787292480
238.000000000 510.787292480
237.000000000 510.787292480
236.000000000 510.787292480
235.000000000 510.787292480
234.000000000 510.787292480
233.000000000 510.787292480
232.000000000 510.787292480
231.000000000 535.949768066
230.000000000 535.949768066
229.000000000 535.949768066
228.000000000 535.949768066
227.000000000 535.949768066
226.000000000 535.949768066
225.000000000 535.949768066
224.000000000 535.949768066
223.000000000 535.949768066
222.000000000 535.949768066
221.000000000 564.616210938
220.000000000 564.616210938
219.000000000 564.616210938
218.000000000 564.616210938
217.000000000 564.616210938
216.000000000 564.616210938
215.000000000 564.616210938
214.000000000 564.616210938
213.000000000 597.689575195
212.000000000 597.689575195
211.000000000 597.689575195
210.000000000 597.689575195
209.000000000 633.720581055
208.000000000 633.720581055
207.000000000 633.720581055
206.000000000 667.748229980
205.000000000 667.748229980
204.000000000 667.748229980
203.000000000 707.848754883
202.000000000 707.848754883
201.000000000 707.848754883
200.000000000 755.058044434
