260.000000000 484.972656250
259.000000000 484.972656250
258.000000000 484.972656250
257.000000000 484.972656250
256.000000000 484.972656250
255.000000000 484.972656250
254.000000000 484.972656250
253.000000000 484.972656250
252.000000000 484.972656250
251.000000000 484.972656250
250.000000000 484.972656250
249.000000000 484.972656250
248.000000000 484.972656250
247.000000000 484.972656250
246.000000000 484.972656250
245.000000000 484.972656250
244.000000000 509.716705322
243.000000000 509.716705322
242.000000000 509.716705322
241.000000000 509.716705322
240.000000000 509.716705322
239.000000000 509.716705322
238.000000000 509.716705322
237.000000000 509.716705322
236.000000000 509.716705322
235.000000000 509.716705322
234.000000000 509.716705322
233.000000000 509.716705322
232.000000000 509.716705322
231.000000000 534.948852539
230.000000000 534.948852539
229.000000000 534.948852539
228.000000000 534.948852539
227.000000000 534.948852539
226.000000000 534.948852539
225.000000000 534.948852539
224.000000000 534.948852539
223.000000000 534.948852539
222.000000000 534.948852539
221.000000000 564.348144531
220.000000000 564.348144531
219.000000000 564.348144531
218.000000000 564.348144531
217.000000000 564.348144531
216.000000000 564.348144531
215.000000000 564.348144531
214.000000000 564.348144531
213.000000000 598.413818359
212.000000000 598.413818359
211.000000000 598.413818359
210.000000000 598.413818359
209.000000000 633.822326660
208.000000000 633.822326660
207.000000000 633.822326660
206.000000000 666.686340332
205.000000000 666.686340332
204.000000000 666.686340332
203.000000000 706.539611816
202.000000000 706.539611816
201.000000000 706.539611816
200.000000000 756.274414062
