260.000000000 451.339813232
259.000000000 451.339813232
258.000000000 451.339813232
257.000000000 451.339813232
256.000000000 451.339813232
255.000000000 451.339813232
254.000000000 451.339813232
253.000000000 451.339813232
252.000000000 451.339813232
251.000000000 451.339813232
250.000000000 451.339813232
249.000000000 451.339813232
248.000000000 451.339813232
247.000000000 451.339813232
246.000000000 451.339813232
245.000000000 451.339813232
244.000000000 451.339813232
243.000000000 451.339813232
242.000000000 451.339813232
241.000000000 451.339813232
240.000000000 451.339813232
239.000000000 451.339813232
238.000000000 472.861114502
237.000000000 472.861114502
236.000000000 472.861114502
235.000000000 472.861114502
234.000000000 472.861114502
233.000000000 472.861114502
232.000000000 472.861114502
231.000000000 472.861114502
230.000000000 472.861114502
229.000000000 472.861114502
228.000000000 494.992767334
227.000000000 494.992767334
226.000000000 494.992767334
225.000000000 494.992767334
224.000000000 494.992767334
223.000000000 494.992767334
222.000000000 494.992767334
221.000000000 494.992767334
220.000000000 494.992767334
219.000000000 519.310852051
218.000000000 519.310852051
217.000000000 519.310852051
216.000000000 519.310852051
215.000000000 519.310852051
214.000000000 519.310852051
213.000000000 519.310852051
212.000000000 546.227172852
211.000000000 546.227172852
210.000000000 546.227172852
209.000000000 546.227172852
208.000000000 574.500366211
207.000000000 574.500366211
206.000000000 574.500366211
205.000000000 602.860046387
204.000000000 602.860046387
203.000000000 602.860046387
202.000000000 638.584350586
201.000000000 638.584350586
200.000000000 673.158386230
