260.000000000 -0.049191520
259.000000000 0.582914719
258.000000000 -0.049877985
257.000000000 -0.083218416
256.000000000 -0.858241247
255.000000000 -1.638403076
254.000000000 -1.078404786
253.000000000 -0.366457903
252.000000000 -1.613212972
251.000000000 -0.343852545
250.000000000 -0.648349944
249.000000000 -0.891210381
248.000000000 -1.751433755
247.000000000 -1.253341411
246.000000000 -1.415793719
245.000000000 -2.295692623
244.000000000 -3.565781058
243.000000000 -2.407280205
242.000000000 -1.219943945
241.000000000 -3.557446947
240.000000000 -1.820959589
239.000000000 -3.101940660
238.000000000 -1.821419853
237.000000000 -3.754620288
236.000000000 -2.903976854
235.000000000 -5.122715135
234.000000000 -5.172073414
233.000000000 -6.127402235
232.000000000 -6.980180547
231.000000000 -7.399233045
230.000000000 -7.257253558
229.000000000 -10.342315881
228.000000000 -10.267370229
227.000000000 -10.415240363
226.000000000 -11.859413736
225.000000000 -10.480408078
224.000000000 -11.566429311
223.000000000 -12.672645576
222.000000000 -12.786286161
221.000000000 -11.628459968
220.000000000 -12.150312671
219.000000000 -11.208824176
218.000000000 -10.929880991
217.000000000 -12.546034999
216.000000000 -11.158469329
215.000000000 -14.751138601
214.000000000 -10.882565487
213.000000000 -13.713742630
212.000000000 -12.328837735
211.000000000 -13.455642988
210.000000000 -11.593369056
209.000000000 -10.676773164
208.000000000 -9.256431504
207.000000000 -12.718704353
206.000000000 -12.598435226
205.000000000 -13.098235568
204.000000000 -6.765391861
203.000000000 -11.326142178
202.000000000 -3.361321550
201.000000000 -1.642588354
200.000000000 -3.201432541
