260.000000000 0.326702051
259.000000000 -1.341424727
258.000000000 0.670363440
257.000000000 -0.324896327
256.000000000 -0.380533109
255.000000000 -1.282241998
254.000000000 -1.322970653
253.000000000 -1.781890905
252.000000000 -1.565309585
251.000000000 0.394090760
250.000000000 -1.638347959
249.000000000 -1.470711443
248.000000000 -1.091271371
247.000000000 -1.070594234
246.000000000 -1.664764574
245.000000000 -1.159991928
244.000000000 -0.630537588
243.000000000 -1.407774249
242.000000000 -2.000712702
241.000000000 -1.798235330
240.000000000 -2.186750398
239.000000000 -3.223538541
238.000000000 -2.853197167
237.000000000 -4.206740014
236.000000000 -3.673779470
235.000000000 -5.309625114
234.000000000 -5.538397474
233.000000000 -4.092080035
232.000000000 -7.017584049
231.000000000 -8.424364946
230.000000000 -8.066882930
229.000000000 -9.072247612
228.000000000 -8.743956414
227.000000000 -7.673026609
226.000000000 -11.533579517
225.000000000 -10.365151809
224.000000000 -12.401863469
223.000000000 -12.862436635
222.000000000 -10.332036478
221.000000000 -12.220739559
220.000000000 -11.437827574
219.000000000 -12.838162213
218.000000000 -11.287672487
217.000000000 -11.430386628
216.000000000 -11.159836492
215.000000000 -14.867837947
214.000000000 -11.090264229
213.000000000 -11.145704409
212.000000000 -10.387889443
211.000000000 -14.218102952
210.000000000 -15.094788900
209.000000000 -12.308346072
208.000000000 -11.614588635
207.000000000 -13.364482409
206.000000000 -11.684989864
205.000000000 -10.631495443
204.000000000 -7.991750510
203.000000000 -8.343275467
202.000000000 -4.272924109
201.000000000 -3.117115640
200.000000000 2.037116656
