260.000000000 0.290344841
259.000000000 -0.680886567
258.000000000 -0.133661088
257.000000000 -0.310781805
256.000000000 0.535473255
255.000000000 -1.224235567
254.000000000 -0.862363035
253.000000000 -0.370896732
252.000000000 -0.058930151
251.000000000 -2.091082462
250.000000000 -2.154254978
249.000000000 -1.433526290
248.000000000 -1.621877195
247.000000000 -2.261028869
246.000000000 -1.097301506
245.000000000 -2.412540566
244.000000000 -1.774661429
243.000000000 -2.378414366
242.000000000 -2.953276948
241.000000000 -1.459583695
240.000000000 -2.609932760
239.000000000 -1.807080080
238.000000000 -4.828964012
237.000000000 -1.368862129
236.000000000 -3.061421652
235.000000000 -5.532119770
234.000000000 -5.897992649
233.000000000 -5.209081572
232.000000000 -6.378213943
231.000000000 -7.189964585
230.000000000 -9.525661055
229.000000000 -7.805285887
228.000000000 -12.090280783
227.000000000 -8.700854202
226.000000000 -10.675913139
225.000000000 -12.569634262
224.000000000 -11.765060683
223.000000000 -10.732106556
222.000000000 -11.321004438
221.000000000 -12.320088056
220.000000000 -12.753992738
219.000000000 -11.828510885
218.000000000 -13.261844875
217.000000000 -9.204737347
216.000000000 -8.601437587
215.000000000 -13.886686764
214.000000000 -11.557945503
213.000000000 -12.227107448
212.000000000 -9.171658410
211.000000000 -13.796868685
210.000000000 -16.865044195
209.000000000 -15.548224881
208.000000000 -6.588433541
207.000000000 -10.753961414
206.000000000 -13.397168860
205.000000000 -7.735760960
204.000000000 -10.534003662
203.000000000 -4.638813206
202.000000000 1.204948771
201.000000000 3.908560463
200.000000000 1.431157355
