260.000000000 -1.066195692
259.000000000 -0.295073530
258.000000000 1.561710197
257.000000000 0.049131472
256.000000000 -0.816380829
255.000000000 -1.127594333
254.000000000 0.276740800
253.000000000 0.224258135
252.000000000 0.057459009
251.000000000 -0.656666546
250.000000000 -1.043209979
249.000000000 -0.181440779
248.000000000 -1.911766525
247.000000000 -1.395686738
246.000000000 -1.916442208
245.000000000 -1.743339426
244.000000000 -0.412046577
243.000000000 -2.693742798
242.000000000 -2.183763629
241.000000000 -2.906253852
240.000000000 -4.022306160
239.000000000 -3.343389091
238.000000000 -2.990207099
237.000000000 -2.934092921
236.000000000 -3.537728845
235.000000000 -5.985303070
234.000000000 -6.990292578
233.000000000 -6.222275881
232.000000000 -5.786686153
231.000000000 -10.461854656
230.000000000 -8.770412413
229.000000000 -8.694565894
228.000000000 -9.752247492
227.000000000 -10.075396765
226.000000000 -9.967219246
225.000000000 -11.550622291
224.000000000 -14.055336482
223.000000000 -12.619280979
222.000000000 -12.856960431
221.000000000 -13.105061557
220.000000000 -12.256165181
219.000000000 -13.325819441
218.000000000 -12.531971413
217.000000000 -13.492579650
216.000000000 -11.331568665
215.000000000 -12.582999640
214.000000000 -14.099408322
213.000000000 -12.058619907
212.000000000 -8.324420845
211.000000000 -9.378856550
210.000000000 -12.191226925
209.000000000 -8.040264641
208.000000000 -15.295695229
207.000000000 -13.107285843
206.000000000 -11.311090174
205.000000000 -9.717978783
204.000000000 -3.080757262
203.000000000 -2.971403453
202.000000000 -1.236222915
201.000000000 1.702159464
200.000000000 6.857109932
