260.000000000 0.083171154
259.000000000 0.308651491
258.000000000 0.980871890
257.000000000 0.271148567
256.000000000 -0.431026697
255.000000000 -0.882496744
254.000000000 -1.878201151
253.000000000 -0.835934275
252.000000000 -2.906084265
251.000000000 -1.871108659
250.000000000 -0.805174807
249.000000000 1.958830908
248.000000000 -1.052398150
247.000000000 -0.244927820
246.000000000 -2.705073733
245.000000000 -1.586144878
244.000000000 -1.897286200
243.000000000 -0.854257497
242.000000000 -2.762473160
241.000000000 -2.658226446
240.000000000 -1.102670839
239.000000000 -2.775786825
238.000000000 -0.790211945
237.000000000 -0.601141944
236.000000000 -2.728434114
235.000000000 -3.387501021
234.000000000 -4.840222940
233.000000000 -5.704680221
232.000000000 -6.831929302
231.000000000 -5.731705408
230.000000000 -8.110822086
229.000000000 -9.953495409
228.000000000 -11.714136276
227.000000000 -11.244607877
226.000000000 -12.390718197
225.000000000 -10.118668016
224.000000000 -13.021373905
223.000000000 -13.129836543
222.000000000 -12.181601697
221.000000000 -9.455721411
220.000000000 -10.871436949
219.000000000 -13.107386935
218.000000000 -13.299264378
217.000000000 -11.038384577
216.000000000 -13.154799142
215.000000000 -11.831948598
214.000000000 -14.713932492
213.000000000 -13.667979486
212.000000000 -15.471564464
211.000000000 -13.049305386
210.000000000 -12.670347165
209.000000000 -12.909948709
208.000000000 -10.627735132
207.000000000 -10.769744782
206.000000000 -7.358935705
205.000000000 -9.324764686
204.000000000 -9.820448978
203.000000000 -5.051989207
202.000000000 -7.456449425
201.000000000 -6.186313517
200.000000000 1.579143106
