260.000000000 338.463623047
259.000000000 338.463623047
258.000000000 338.463623047
257.000000000 338.463623047
256.000000000 338.463623047
255.000000000 338.463623047
254.000000000 338.463623047
253.000000000 338.463623047
252.000000000 338.463623047
251.000000000 338.463623047
250.000000000 338.463623047
249.000000000 338.463623047
248.000000000 338.463623047
247.000000000 338.463623047
246.000000000 338.463623047
245.000000000 338.463623047
244.000000000 338.463623047
243.000000000 338.463623047
242.000000000 338.463623047
241.000000000 338.463623047
240.000000000 338.463623047
239.000000000 338.463623047
238.000000000 354.392395020
237.000000000 354.392395020
236.000000000 354.392395020
235.000000000 354.392395020
234.000000000 354.392395020
233.000000000 354.392395020
232.000000000 354.392395020
231.000000000 354.392395020
230.000000000 354.392395020
229.000000000 354.392395020
228.000000000 354.392395020
227.000000000 371.832977295
226.000000000 371.832977295
225.000000000 371.832977295
224.000000000 371.832977295
223.000000000 371.832977295
222.000000000 371.832977295
221.000000000 371.832977295
220.000000000 371.832977295
219.000000000 391.309539795
218.000000000 391.309539795
217.000000000 391.309539795
216.000000000 391.309539795
215.000000000 391.309539795
214.000000000 409.672058105
213.000000000 409.672058105
212.000000000 409.672058105
211.000000000 409.672058105
210.000000000 435.671875000
209.000000000 435.671875000
208.000000000 456.179595947
207.000000000 456.179595947
206.000000000 481.213226318
205.000000000 481.213226318
204.000000000 508.068725586
203.000000000 508.068725586
202.000000000 542.384094238
201.000000000 542.384094238
200.000000000 586.521118164
199.000000000 613.990173340
198.000000000 644.399597168
197.000000000 676.787719727
196.000000000 711.081054688
195.000000000 711.081054688
194.000000000 779.001586914
193.000000000 816.921264648
192.000000000 816.921264648
191.000000000 894.023681641
190.000000000 938.597961426
189.000000000 985.845947266
188.000000000 1036.146728516
187.000000000 1100.000000000
186.000000000 1100.000000000
185.000000000 1100.000000000
184.000000000 1100.000000000
183.000000000 1100.000000000
182.000000000 1100.000000000
181.000000000 1100.000000000
180.000000000 1100.000000000
