260.000000000 338.463623047
259.000000000 338.463623047
258.000000000 338.463623047
257.000000000 338.463623047
256.000000000 338.463623047
255.000000000 338.463623047
254.000000000 338.463623047
253.000000000 338.463623047
252.000000000 338.463623047
251.000000000 338.463623047
250.000000000 338.463623047
249.000000000 338.463623047
248.000000000 338.463623047
247.000000000 338.463623047
246.000000000 338.463623047
245.000000000 338.463623047
244.000000000 338.463623047
243.000000000 338.463623047
242.000000000 338.463623047
241.000000000 338.463623047
240.000000000 338.463623047
239.000000000 338.463623047
238.000000000 354.757873535
237.000000000 354.757873535
236.000000000 354.757873535
235.000000000 354.757873535
234.000000000 354.757873535
233.000000000 354.757873535
232.000000000 354.757873535
231.000000000 354.757873535
230.000000000 354.757873535
229.000000000 354.757873535
228.000000000 354.757873535
227.000000000 371.408966064
226.000000000 371.408966064
225.000000000 371.408966064
224.000000000 371.408966064
223.000000000 371.408966064
222.000000000 371.408966064
221.000000000 371.408966064
220.000000000 371.408966064
219.000000000 391.400299072
218.000000000 391.400299072
217.000000000 391.400299072
216.000000000 391.400299072
215.000000000 391.400299072
214.000000000 391.400299072
213.000000000 413.836853027
212.000000000 413.836853027
211.000000000 413.836853027
210.000000000 435.222412109
209.000000000 435.222412109
208.000000000 456.346191406
207.000000000 456.346191406
206.000000000 480.159637451
205.000000000 480.159637451
204.000000000 507.650207520
203.000000000 507.650207520
202.000000000 542.020812988
201.000000000 542.020812988
200.000000000 584.872131348
199.000000000 613.090087891
198.000000000 642.653015137
197.000000000 673.505310059
196.000000000 707.352600098
195.000000000 741.228576660
194.000000000 776.390197754
193.000000000 776.390197754
192.000000000 847.929504395
191.000000000 888.608520508
190.000000000 888.608520508
189.000000000 974.235473633
188.000000000 1035.281250000
187.000000000 1095.908081055
186.000000000 1100.000000000
185.000000000 1100.000000000
184.000000000 1100.000000000
183.000000000 1100.000000000
182.000000000 1100.000000000
181.000000000 1100.000000000
180.000000000 1100.000000000
