260.000000000 340.831359863
259.000000000 340.831359863
258.000000000 340.831359863
257.000000000 340.831359863
256.000000000 340.831359863
255.000000000 340.831359863
254.000000000 340.831359863
253.000000000 340.831359863
252.000000000 340.831359863
251.000000000 340.831359863
250.000000000 340.831359863
249.000000000 340.831359863
248.000000000 340.831359863
247.000000000 340.831359863
246.000000000 340.831359863
245.000000000 340.831359863
244.000000000 340.831359863
243.000000000 340.831359863
242.000000000 340.831359863
241.000000000 340.831359863
240.000000000 340.831359863
239.000000000 340.831359863
238.000000000 340.831359863
237.000000000 340.831359863
236.000000000 358.206909180
235.000000000 358.206909180
234.000000000 358.206909180
233.000000000 358.206909180
232.000000000 358.206909180
231.000000000 358.206909180
230.000000000 358.206909180
229.000000000 358.206909180
228.000000000 358.206909180
227.000000000 358.206909180
226.000000000 358.206909180
225.000000000 377.153656006
224.000000000 377.153656006
223.000000000 377.153656006
222.000000000 377.153656006
221.000000000 377.153656006
220.000000000 377.153656006
219.000000000 377.153656006
218.000000000 396.134338379
217.000000000 396.134338379
216.000000000 396.134338379
215.000000000 396.134338379
214.000000000 396.134338379
213.000000000 417.152709961
212.000000000 417.152709961
211.000000000 417.152709961
210.000000000 440.549804688
209.000000000 440.549804688
208.000000000 464.411376953
207.000000000 464.411376953
206.000000000 492.032501221
205.000000000 492.032501221
204.000000000 520.536804199
203.000000000 520.536804199
202.000000000 552.283752441
201.000000000 552.283752441
200.000000000 592.244201660
199.000000000 592.244201660
198.000000000 644.973022461
197.000000000 644.973022461
196.000000000 702.852661133
195.000000000 702.852661133
194.000000000 764.630371094
193.000000000 764.630371094
192.000000000 830.319641113
191.000000000 830.319641113
190.000000000 903.634399414
189.000000000 949.032409668
188.000000000 998.904052734
187.000000000 1059.711303711
186.000000000 1100.000000000
185.000000000 1100.000000000
184.000000000 1100.000000000
183.000000000 1100.000000000
182.000000000 1100.000000000
181.000000000 1100.000000000
180.000000000 1100.000000000
