260.000000000 338.463623047
259.000000000 338.463623047
258.000000000 338.463623047
257.000000000 338.463623047
256.000000000 338.463623047
255.000000000 338.463623047
254.000000000 338.463623047
253.000000000 338.463623047
252.000000000 338.463623047
251.000000000 338.463623047
250.000000000 338.463623047
249.000000000 338.463623047
248.000000000 338.463623047
247.000000000 338.463623047
246.000000000 338.463623047
245.000000000 338.463623047
244.000000000 338.463623047
243.000000000 338.463623047
242.000000000 338.463623047
241.000000000 338.463623047
240.000000000 338.463623047
239.000000000 338.463623047
238.000000000 354.801940918
237.000000000 354.801940918
236.000000000 354.801940918
235.000000000 354.801940918
234.000000000 354.801940918
233.000000000 354.801940918
232.000000000 354.801940918
231.000000000 354.801940918
230.000000000 354.801940918
229.000000000 354.801940918
228.000000000 354.801940918
227.000000000 371.487670898
226.000000000 371.487670898
225.000000000 371.487670898
224.000000000 371.487670898
223.000000000 371.487670898
222.000000000 371.487670898
221.000000000 371.487670898
220.000000000 371.487670898
219.000000000 390.683685303
218.000000000 390.683685303
217.000000000 390.683685303
216.000000000 390.683685303
215.000000000 390.683685303
214.000000000 390.683685303
213.000000000 412.882049561
212.000000000 412.882049561
211.000000000 412.882049561
210.000000000 434.376647949
209.000000000 434.376647949
208.000000000 455.561279297
207.000000000 455.561279297
206.000000000 479.234893799
205.000000000 479.234893799
204.000000000 506.838378906
203.000000000 506.838378906
202.000000000 540.619323730
201.000000000 540.619323730
200.000000000 581.948974609
199.000000000 581.948974609
198.000000000 638.214416504
197.000000000 669.982238770
196.000000000 703.389709473
195.000000000 737.018920898
194.000000000 737.018920898
193.000000000 803.782165527
192.000000000 841.541503906
191.000000000 841.541503906
190.000000000 922.993957520
189.000000000 972.910278320
188.000000000 1024.310546875
187.000000000 1081.905883789
186.000000000 1100.000000000
185.000000000 1100.000000000
184.000000000 1100.000000000
183.000000000 1100.000000000
182.000000000 1100.000000000
181.000000000 1100.000000000
180.000000000 1100.000000000
