260.000000000 340.831359863
259.000000000 340.831359863
258.000000000 340.831359863
257.000000000 340.831359863
256.000000000 340.831359863
255.000000000 340.831359863
254.000000000 340.831359863
253.000000000 340.831359863
252.000000000 340.831359863
251.000000000 340.831359863
250.000000000 340.831359863
249.000000000 340.831359863
248.000000000 340.831359863
247.000000000 340.831359863
246.000000000 340.831359863
245.000000000 340.831359863
244.000000000 340.831359863
243.000000000 340.831359863
242.000000000 340.831359863
241.000000000 340.831359863
240.000000000 340.831359863
239.000000000 340.831359863
238.000000000 340.831359863
237.000000000 357.362243652
236.000000000 357.362243652
235.000000000 357.362243652
234.000000000 357.362243652
233.000000000 357.362243652
232.000000000 357.362243652
231.000000000 357.362243652
230.000000000 357.362243652
229.000000000 357.362243652
228.000000000 357.362243652
227.000000000 357.362243652
226.000000000 375.087890625
225.000000000 375.087890625
224.000000000 375.087890625
223.000000000 375.087890625
222.000000000 375.087890625
221.000000000 375.087890625
220.000000000 375.087890625
219.000000000 375.087890625
218.000000000 396.279998779
217.000000000 396.279998779
216.000000000 396.279998779
215.000000000 396.279998779
214.000000000 396.279998779
213.000000000 416.986846924
212.000000000 416.986846924
211.000000000 416.986846924
210.000000000 441.085601807
209.000000000 441.085601807
208.000000000 465.156433105
207.000000000 465.156433105
206.000000000 492.530181885
205.000000000 492.530181885
204.000000000 521.349182129
203.000000000 521.349182129
202.000000000 553.753234863
201.000000000 553.753234863
200.000000000 592.695556641
199.000000000 592.695556641
198.000000000 646.170410156
197.000000000 646.170410156
196.000000000 705.264526367
195.000000000 705.264526367
194.000000000 766.528442383
193.000000000 766.528442383
192.000000000 832.330749512
191.000000000 832.330749512
190.000000000 910.001464844
189.000000000 954.391540527
188.000000000 1004.912719727
187.000000000 1064.009521484
186.000000000 1100.000000000
185.000000000 1100.000000000
184.000000000 1100.000000000
183.000000000 1100.000000000
182.000000000 1100.000000000
181.000000000 1100.000000000
180.000000000 1100.000000000
