260.000000000 340.831359863
259.000000000 340.831359863
258.000000000 340.831359863
257.000000000 340.831359863
256.000000000 340.831359863
255.000000000 340.831359863
254.000000000 340.831359863
253.000000000 340.831359863
252.000000000 340.831359863
251.000000000 340.831359863
250.000000000 340.831359863
249.000000000 340.831359863
248.000000000 340.831359863
247.000000000 340.831359863
246.000000000 340.831359863
245.000000000 340.831359863
244.000000000 340.831359863
243.000000000 340.831359863
242.000000000 340.831359863
241.000000000 340.831359863
240.000000000 340.831359863
239.000000000 340.831359863
238.000000000 340.831359863
237.000000000 340.831359863
236.000000000 358.514709473
235.000000000 358.514709473
234.000000000 358.514709473
233.000000000 358.514709473
232.000000000 358.514709473
231.000000000 358.514709473
230.000000000 358.514709473
229.000000000 358.514709473
228.000000000 358.514709473
227.000000000 358.514709473
226.000000000 358.514709473
225.000000000 376.920074463
224.000000000 376.920074463
223.000000000 376.920074463
222.000000000 376.920074463
221.000000000 376.920074463
220.000000000 376.920074463
219.000000000 376.920074463
218.000000000 395.845123291
217.000000000 395.845123291
216.000000000 395.845123291
215.000000000 395.845123291
214.000000000 395.845123291
213.000000000 416.976593018
212.000000000 416.976593018
211.000000000 416.976593018
210.000000000 440.580505371
209.000000000 440.580505371
208.000000000 463.512542725
207.000000000 463.512542725
206.000000000 491.568328857
205.000000000 491.568328857
204.000000000 518.993591309
203.000000000 518.993591309
202.000000000 550.556030273
201.000000000 550.556030273
200.000000000 590.715576172
199.000000000 590.715576172
198.000000000 641.997253418
197.000000000 641.997253418
196.000000000 700.530212402
195.000000000 700.530212402
194.000000000 760.804931641
193.000000000 760.804931641
192.000000000 823.897888184
191.000000000 823.897888184
190.000000000 901.165893555
189.000000000 901.165893555
188.000000000 990.534362793
187.000000000 1049.929687500
186.000000000 1100.000000000
185.000000000 1100.000000000
184.000000000 1100.000000000
183.000000000 1100.000000000
182.000000000 1100.000000000
181.000000000 1100.000000000
180.000000000 1100.000000000
