260.000000000 0.598592174
259.000000000 0.970491094
258.000000000 0.639994891
257.000000000 0.476082674
256.000000000 0.646510505
255.000000000 1.007073614
254.000000000 0.599645309
253.000000000 0.766997187
252.000000000 0.835144935
251.000000000 0.989934384
250.000000000 0.686979772
249.000000000 0.369489901
248.000000000 0.431241563
247.000000000 0.526259011
246.000000000 0.740429290
245.000000000 0.682104543
244.000000000 0.635947461
243.000000000 0.464785900
242.000000000 0.264809363
241.000000000 0.148392840
240.000000000 -0.089380096
239.000000000 -0.418354610
238.000000000 -0.767496198
237.000000000 -0.938743466
236.000000000 -1.280062056
235.000000000 -1.739138726
234.000000000 -2.349494127
233.000000000 -2.601479359
232.000000000 -3.544070645
231.000000000 -3.894226965
230.000000000 -4.676628267
229.000000000 -4.988519452
228.000000000 -5.884881398
227.000000000 -6.836870836
226.000000000 -6.941937941
225.000000000 -7.932094144
224.000000000 -8.339267608
223.000000000 -8.779449764
222.000000000 -9.130493378
221.000000000 -9.389314137
220.000000000 -9.805279121
219.000000000 -10.011894494
218.000000000 -10.878590152
217.000000000 -10.299471135
216.000000000 -10.702646549
215.000000000 -10.916321812
214.000000000 -10.503791948
213.000000000 -10.458665098
212.000000000 -10.558929911
211.000000000 -10.824645037
210.000000000 -10.137730772
209.000000000 -10.552875492
208.000000000 -11.250021673
207.000000000 -10.582825052
206.000000000 -8.979791232
205.000000000 -8.110363228
204.000000000 -8.386329184
203.000000000 -7.758491153
202.000000000 -4.907764242
201.000000000 -1.948514887
200.000000000 -1.776546462
199.000000000 1.611101411
198.000000000 4.784910754
197.000000000 4.048789079
196.000000000 2.744736422
195.000000000 13.621597048
194.000000000 11.826493685
193.000000000 16.556348163
192.000000000 16.312819063
191.000000000 14.724918720
190.000000000 7.019995898
189.000000000 26.241727705
188.000000000 12.626703391
187.000000000 15.413535700
186.000000000 -6.487677594
185.000000000 -30.539597885
184.000000000 -18.808543677
183.000000000 16.595992437
182.000000000 -48.746096250
181.000000000 9.936402282
180.000000000 19.875603813
